1.136406 0.798969 0.951685 1.001341 1.041938 1.088625 0.889330 1.145433 1.138566 1.110977 1.175127 1.089496
1.157804 0.811021 1.006753 1.024672 1.055528 1.119985 0.909780 1.138684 1.245380 1.138865 1.185302 1.070393 1.089832 1.150922 0.800919 1.120845
1.140554 0.833645 1.013998 1.036920 1.058802 1.092808 0.923724 1.185229 1.208889 1.158078 1.163139 1.205087 1.178140 1.119612
1.158691 0.811812 1.010912 1.007623 1.077772 0.922213 1.147900 1.193820 1.201926 1.088124 0.912554 1.088829 1.155461 0.822660
1.139255 0.797890 1.056949 0.890806 1.183675 1.091496 0.913447 1.096201 0.972964 1.016403 1.182698 1.142805 1.119595 1.091744
1.150986 0.798054 1.052692 0.901499 1.188194 0.928181 1.085590 1.038349 1.010649 1.206350 1.126027 1.156575 1.087791 1.065327 1.043895 1.101070 1.168769 1.163595
1.135258 0.820884 1.045002 0.902720 1.181144 0.981033 1.125134 1.054159 0.992549 1.130281 1.119096
1.143602 0.808322 1.044557 0.891029 1.181995 0.987140 1.135992 1.000044 1.087558 1.131572 1.072899 1.176147 1.076841 1.134193
1.144554 0.807560 1.053998 0.896228 1.199487 0.985325 1.063419 1.151215 1.145536 1.116749 1.082536 1.000881 1.035279 1.006384 1.098244 1.114949
1.140769 0.865697 1.056810 0.888114 1.187629 0.998847 1.053777 1.129420 0.994681 1.107860 1.071581 1.186869 1.056837 1.173730 1.148935 1.128425
1.138080 0.833259 1.028512 0.895314 1.006385 1.088108 1.129860 1.055128 1.187056 1.103948 0.996742 1.171997 1.129689 1.102619 0.965275
1.135767 0.852731 0.867348 1.087182 1.116804 1.025408 0.972037 1.230856 1.168353 1.117629 1.117031 1.066415 1.069331 0.951005 1.013332 1.061780
1.133069 1.109387 1.109935 1.038639 0.996437 1.173932 1.120891 0.910255 1.095404 0.885887 0.794760 1.047112 1.019276 1.177690 1.050106 1.096540
1.175377 1.055835 0.997838 0.932995 1.078582 0.898476 0.993429 1.140728 1.139217 1.105268 1.106481 1.171964 0.805686 1.075306 1.138174 1.165865 1.086622 0.927127 1.112926 0.945123
1.199189 1.011477 0.926847 1.163915 1.124497 1.199563 0.817373 1.153548 0.908082 1.057042 1.109630 1.017649 1.224163 1.103034 1.109702 1.089909 1.171152 1.205439 1.202133
1.223043 1.030346 0.926443 1.163108 1.134455 0.835538 0.908295 1.082722 1.071066 1.231742 1.133674 1.138624 1.153238 1.050916 1.202987 1.182129
1.217993 1.046955 1.184836 1.172223 0.794465 0.908742 1.094882 1.129287 1.204817 1.073062 1.245631 1.138323 0.971159 1.196204 1.153575 1.061130 1.162360
1.206534 1.063331 1.168558 1.167944 0.901726 1.071919 1.045974 1.219933 1.190066 1.130501 0.821834 1.037331 1.244909 1.067887 1.176693 1.134085 0.951241 1.152933 1.251427
1.152406 0.928674 1.192723 1.121741 0.824412 1.188503 1.057649 1.123945 1.129369 1.152635 1.205530 1.070310 1.171242 1.113152 0.941730 1.034224 1.021132 1.218450 1.076662 1.188865 0.878692
1.180717 0.925548 1.123584 1.240465 1.137221 1.210570 1.077493 1.069310 1.213974 1.168854 1.040051 1.093521 1.167625 1.032971 0.836038 1.141781 1.044228 0.953983 1.105024 1.095624 1.027979
1.116653 0.905049 1.078881 1.190349 1.173687 1.078442 1.181871 1.144764 1.014278 0.800605 1.119498 1.094863 0.945587 1.004809 1.121446 1.110362 0.892736 1.186589 1.102903 1.058335 1.180211
1.138498 0.900943 1.040952 1.209290 1.037249 0.830203 1.124302 0.930704 1.106603 1.168736 1.042333 1.205799 0.993151 1.095522 1.125876 1.186678 0.979640 1.150201
1.148938 1.080410 1.205306 0.820234 1.087060 1.210526 1.115751 0.938337 1.131309 1.025446 1.165968 1.158623 0.899769 1.148463 1.179561 1.036493 1.122845 1.107552 1.027165
1.152502 1.067858 1.215596 0.840959 1.193081 0.937667 1.041623 1.158695 0.900073 1.057073 1.169888 1.130840 1.213912 1.098358 1.133534
1.176317 1.218244 0.828752 1.235577 0.979273 1.041468 0.934200 1.011091 1.149762 1.191338 1.082038 1.058614 1.140321 1.200286 1.118493
1.142901 1.196207 1.201854 0.918901 1.018965 0.908224 1.030374 1.179635 1.070697 1.103016 1.144948 1.099893 0.797425 1.192001 1.055439 1.171453 1.132695 1.101224 1.244239 0.839363
1.187329 1.189643 1.070914 1.163686 0.834824 0.997241 1.125743 1.036458 1.054968 0.897094 1.036878 1.179812 1.118173 1.104816 1.045909 0.919084 1.100001 1.132870 1.144800 1.029504
1.193033 1.200387 0.811781 1.113476 1.047331 0.909982 1.059941 1.133437 1.108136 1.183919 0.944157 1.032229 1.038545 1.153616 1.027173 1.103523 1.198116 1.167947 1.176675 1.090109 0.841535 1.107202 0.809810
1.205717 1.134979 1.062282 1.063874 1.133458 1.170271 1.004918 1.118712 1.185747 1.161198 1.078725 1.088902 0.891630 0.820391 0.923873 1.178996 1.037940 1.233445 1.163716 1.201087 1.076131 1.170987 1.112813 0.937114
1.145011 1.154088 1.064174 1.017306 0.937858 1.036032 1.247816 1.162511 0.861098 1.118266 1.057047 0.946262 0.798204 1.097569 1.141850 1.121529 1.194415 1.219381 1.054920 1.094083 1.174606 1.099316
1.119654 1.059336 0.914515 1.015918 1.199634 1.055201 1.099095 1.191363 1.194685 1.105923 0.856970 1.159665 1.029166 1.042470 1.156413 1.124826 0.815961 1.164046 1.124067 0.976705 0.927884 1.170174 1.049955 1.117180
1.120152 1.021576 0.917143 1.005442 1.095644 1.184429 1.184584 1.098057 1.149572 1.000840 1.024607 1.127903 0.800320 1.151872 0.887705 0.825975 1.090657 1.202970 1.040861 1.050663 1.128471 1.105246 1.110207
1.046224 0.914180 1.016386 1.176471 1.095021 1.010511 0.817110 1.052694 1.195306 1.108534 1.110175 1.130547 1.140669 1.148763 1.181126 1.131120 0.904632 1.028519 1.078023 1.052674 1.001150
0.884638 1.012917 1.099249 1.026342 0.814771 1.213247 1.099482 1.102667 1.140579 1.132422 1.076785 1.183362 0.956899 1.036779 1.085873 1.190787 1.117555 0.841381 1.061629 1.110036 1.032124 1.113850
0.914610 1.026636 1.092918 0.997526 0.812983 1.186994 1.194387 1.062788 1.173944 1.011789 1.113436 1.139674 1.077248 1.194368 0.928662 1.179618 1.064400 1.141624
0.919310 1.081117 0.815104 1.015360 1.108836 1.191654 0.900746 1.130151 1.179686 1.023127 1.147773 1.202041 1.104982 1.026887 0.998231 1.117944 1.116658 0.898022 0.971318
0.902413 1.069364 1.040316 1.125200 1.174040 0.934488 1.107181 1.177771 0.977555 1.127698 1.211296 1.109436 1.088645 1.024308 0.810362 1.118295 1.021511 1.093146
0.895535 1.042090 1.101141 1.157734 0.915009 1.111363 1.174868 1.139914 1.056975 1.005057 1.106208 1.008030 1.050285 1.173219 1.179853 0.813980 1.135542 1.023717 1.142166
0.875623 1.138198 0.904206 1.126773 0.797654 1.011427 1.175679 1.172454 1.152383 0.998131 1.048283 1.256675 1.024530 1.104639 1.190702 1.017749 1.003860 0.970817 1.118534 1.109349 1.077429 1.136587 0.941640 1.081337
0.890342 1.169015 1.231308 1.180042 1.008076 1.140758 1.147192 0.801783 1.116661 1.012021 0.921097 1.043555 1.084944 1.012294 1.119673 0.990793 1.086764 1.068346 1.116066 0.894083
0.906148 1.190856 1.026942 1.121004 1.115361 0.897932 1.048346 1.067442 0.799674 1.159884 0.994444 1.055519 1.129047 1.151545 1.017320 1.193748 1.138003 1.142168
0.898982 1.196379 1.122123 1.123093 0.803780 0.988906 1.019203 1.229554 1.052345 1.155822 0.951826 1.109926 1.209551 1.197330 1.051656 1.148478 1.130989 1.014013 1.095046
0.909187 1.230945 1.162798 1.163776 1.070132 0.939537 1.142231 1.227708 1.205138 1.181297 1.040925 1.054995 1.117134 1.182209 1.064977 1.109815 0.825940 1.058934 1.142953 1.215550 1.111253
0.917082 1.038296 0.852923 1.102503 1.186816 1.039880 1.099654 1.167044 1.209990 1.150225 1.177002 1.040000 1.121009 1.212201 1.074504 1.095158 1.078105 1.166356
0.911949 1.153258 1.139566 1.121960 1.021038 1.195013 1.060130 0.919916 1.168527 1.055589 1.195946 1.034741 1.075914 0.820360 1.123912
0.910419 1.086751 1.125432 1.131122 0.927843 1.154816 0.967648 1.124564 1.155949 1.193914 1.018709 1.008016 1.048331 0.822504 1.045068 1.075354 1.201952 1.156344 1.159835 1.132044 1.172987
0.886393 1.083485 1.115480 1.131864 0.904082 0.983757 0.994770 1.179815 1.180795 1.143558 1.056612 1.133442 1.041992 1.084520 1.129544 0.823842 1.036992 1.030409 1.039174
0.891679 1.119954 0.919536 0.995812 0.981648 1.135262 1.181067 1.083568 1.040542 1.067614 1.145753 1.040344 0.802605 1.060749 1.135264 1.096313 1.178304 1.168539 1.148869 1.013182 1.114349 1.038211
0.869154 0.991857 1.009480 1.034641 1.112881 0.797030 1.185256 1.133396 1.054340 0.917912 1.105167 1.080930 1.092939 0.969797 1.155016 1.134135 1.190988 1.141665 1.088698 1.020420 0.874698
0.914226 1.018015 1.042923 0.800779 0.940651 1.139914 1.209289 1.151522 1.213950 1.116740 1.114283 1.229917 1.097853 1.145331 1.090215 1.036976 1.038330 1.122121 1.101055 1.002129 1.090027 0.820910
0.876372 1.061349 0.866815 0.892158 1.089414 1.178610 1.165693 1.130604 1.102433 0.974099 1.027831 1.138287 1.003425 1.129895 1.015454 1.072002 1.127010 1.131947 1.106441
0.903793 1.070058 0.815068 1.127095 1.169295 1.156107 1.113922 1.031841 1.142307 0.904117 0.997707 1.136861 0.995147 1.135551 1.087988 1.113874 1.085619 1.159397 0.987918
0.890665 1.095638 0.808088 1.198399 1.147922 1.039351 1.020825 1.000415 1.173467 1.131374 1.142068 1.119911 0.934410 1.197247 1.027329 1.145298 1.011904 1.082477 1.137650 1.059050 1.094373 0.977112 1.013316 1.149950
0.886132 1.133564 1.047603 1.011036 1.135050 1.174333 1.205183 1.180652 1.207820 1.130265 0.823603 1.214050 1.170417 1.138002 1.094690 1.069010 1.197410 0.938842 1.094987 1.077774 1.081076 1.133098 1.046925 0.928643 1.051250
0.908723 1.138371 1.052418 1.017815 1.196581 1.203697 0.924999 1.216862 1.139482 0.816006 1.127254 1.041934 1.105600 1.109434 1.112212 1.095319 1.153814 0.992620 1.035764 1.122639 1.196323
0.914049 1.150365 1.058951 0.954815 1.212418 1.138939 1.123119 1.045614 1.077372 0.822965 1.095906 1.210922 1.201452 1.159457 1.091146 1.208944 1.169351
0.894103 1.034863 1.137924 1.061108 1.208178 1.096559 0.938663 1.189511 1.212366 1.099708 1.027657 1.183193 1.150612 1.035702 1.145901 1.159421 1.037798 0.835684
0.904113 1.068853 1.104169 0.974372 1.029268 1.158625 1.004064 1.143112 1.238757 1.044095 1.158171 1.219049 1.204652 1.162893 1.136803 1.147342 1.097914 0.864700 0.813670
1.060776 1.037058 1.181509 1.027179 1.253334 1.129902 1.224458 1.173376 1.158509 0.815412 1.107227 1.145056 1.160122 0.920549 1.167850 0.983225 1.101413 0.921154
