6.995383 9.301845 5.174120 1.302337
7.298522 9.302299 4.972047 1.521769
6.734922 9.759967 5.976692 0.564605
7.271222 9.211393 5.699720 0.808767
7.773025 9.021147 5.564369 0.740558
7.552542 9.005337 5.396684 1.160698 0.063762
7.407807 9.209662 5.472463 0.921575
7.657170 8.859035 5.907807 0.598090
7.663423 8.784526 6.145101 0.370913
7.388210 9.130985 5.908090 0.455504
7.553483 9.148615 5.876809 0.569902
7.651660 8.947058 5.630701 0.660591
7.788881 8.622680 5.871329 0.667804 10.365649
7.340842 9.192366 5.773049 0.679356
6.973151 9.602525 5.745005 0.705297
7.482543 9.039997 5.351711 1.181960 0.296364
6.581969 10.066871 5.258256 1.105924 0.348811
5.528897 10.844878 4.453790 2.149284
6.252483 10.197917 4.952954 1.507542 10.692430
5.833341 10.667092 4.834436 1.339220 1.553395 0.374352 0.147117
6.013837 10.011284 5.202459 1.461964
5.737875 10.812191 4.713017 1.791621
5.893198 10.249974 4.649724 1.918855
5.663755 10.717167 6.393920 0.742528
5.538855 10.553363 6.503933 0.861084
5.542904 10.930673 5.830007 0.928665
5.317468 10.546923 6.412355 0.939083
5.180434 10.653972 6.276546 1.127433
5.037747 10.541617 6.452579 1.399277
5.383673 10.418037 6.767672 1.055596 6.613958
5.391695 9.941618 6.979783 1.198370 6.388126
5.250902 10.041881 7.042168 1.251402 6.541612
5.606362 10.338039 6.801553 0.978266 6.243378
5.548022 10.115019 6.751430 0.919163 6.265046
5.814215 10.107196 6.820552 0.543141 6.281549
5.729712 10.139958 6.927722 0.734982 6.359497 0.181327
5.795846 9.815071 7.237286 0.751831 6.220209 0.348073
5.770569 9.711395 7.327158 0.632076 6.306344
5.743374 10.162047 6.925040 0.479860 6.426488
5.716854 9.815179 7.031879 0.799017 6.436887
5.892884 10.237662 6.875174 0.462504 6.273558
5.983713 10.344517 6.908252 0.448448 6.450820
5.982090 10.089659 6.637229 0.456770 6.450820
5.982090 10.488666 6.752240 0.415241 6.482134
6.065978 10.612180 6.513202 0.195870 6.484595
6.095495 10.494921 6.881707 6.381992 0.309386
6.100970 10.338324 6.573964 6.499306 0.309968
5.810063 10.399563 6.589682 6.464687 0.431053
5.763506 10.658918 6.845644 6.285140 0.551015
5.430250 11.003493 6.427906 6.391875 1.040428
5.529064 10.619175 6.701944 6.047154 0.830193
5.682320 10.467297 6.923329 5.837762 0.731452
5.532230 10.912832 6.116661 5.738407 0.723234
4.970204 10.989012 6.145817 5.707440 0.870158
5.070099 11.106692 6.148526 5.389024 1.123662
5.240519 11.267536 5.953194 5.421657 1.031955 0.636939 1.170447
4.601214 10.020925 6.805159 5.122273 1.432177
4.774833 10.404762 6.477641 5.334572 1.483598
5.010502 10.559881 6.645871 5.124023 1.789169 3.991960 1.013005
