0.255191 1.273244
0.240992 0.258375
0.236830 0.482411
0.265439 0.255603
0.274948 1.262912
0.284473 0.826175
0.296600 2.656178
0.304917 0.677763
0.305282 2.090874
0.303022 0.287933
0.292892 1.070003
0.297334 3.480232
0.290156 0.444519
0.285936 0.449462
0.284558 1.354997
0.285295 1.140154
0.277348 0.295263
0.296099 0.252583
0.278014 0.597254
0.295301 2.117616
0.301074 0.238785
0.309216 1.466191
0.328325 0.511523
0.302162 1.903581
0.297475 0.189645
0.307657 0.591128
0.345603 0.917045
0.320959 1.098936
0.337790 0.564267
0.358115 0.302004
0.358647 0.664518
0.344012 0.425332
0.330800 0.390779
0.368879 0.498486
0.365016 1.322624
0.350839 0.707063
0.366450 0.250182
0.373038 0.245082
0.376748 0.484196
0.375593 0.404931
0.388424 0.821568
0.349119 0.230578
0.357836 0.125703
0.361990 1.150156
0.371980 0.466954
0.366140 0.216755
0.359187 0.340647
0.342505 0.362089
0.343786 0.800194
0.352749 0.742071
0.367458 1.503471
0.370942 0.546459
0.378324 0.500948
0.384364 1.073104
0.417600 1.212984
0.403959 0.428560
0.408794 0.864098
0.411118 0.688769
0.429749 0.445456
