0.000000 0.181124
0.000000 0.102755
0.000000 0.077922
0.000000 0.069574
0.000000 0.052472
0.000000 0.040769
0.000000 0.324924
0.000000 0.079855
0.000000 0.127872
0.000000 0.092606
0.000000 0.082299
0.000000 0.090970
0.000000 0.196811
0.000000 0.044438
0.000000 0.044209
0.000000 0.046689
0.000000 0.045180
0.000000 0.068267
0.000000 0.052775
0.000000 0.050905
0.000000 0.045771
0.000000 0.091033
0.000000 0.056697
0.000000 0.107260
0.000000 0.086581
0.000000 0.061341
0.000000 0.073353
0.000000 0.039927
0.000000 0.059532
0.000000 0.053828
0.000000 0.039924
0.000000 0.048707
0.000000 0.052237
0.000000 0.043521
0.000000 0.046670
0.000000 0.029352
0.000000 0.052025
0.000000 0.069959
0.000000 0.041459
0.000000 0.066539
0.000000 0.045755
0.000000 0.077566
0.000000 0.040882
0.000000 0.127628
0.000000 0.076367
0.000000 0.039770
0.000000 0.076786
0.000000 0.046485
0.000000 0.047542
0.000000 0.040212
0.000000 0.057825
0.000000 0.146718
0.000000 0.049464
0.000000 0.043309
0.000000 0.063433
0.000000 0.056377
0.000000 0.051437
0.000000 0.060543
0.000000 0.037671
