0.118707 1476.506633
0.116707 1473.061691
0.115645 1468.713880
0.116534 1459.646926
0.118049 1466.914555
0.117091 1475.959897
0.118325 1488.228521
0.118168 1463.377861
0.118473 1469.286598
0.118420 1450.267485
0.119702 1463.211985
0.120078 1477.761309
0.119482 1489.022579
0.118534 1474.162548
0.117142 1485.654892
0.115716 1459.933267
0.113475 1467.759944
0.114513 1477.754139
0.114506 1450.646354
0.115238 1472.271602
0.117957 1471.905858
0.117252 1472.086136
0.116713 1473.670174
0.116046 1481.253722
0.114826 1484.240848
0.116062 1463.532306
0.117387 1465.913893
0.117289 1488.396807
0.116429 1465.413536
0.115832 1478.217318
0.117384 1471.554190
0.118771 1481.776970
0.118037 1486.679214
0.118287 1485.582904
0.116351 1460.878837
0.118043 1481.187562
0.119026 1473.117078
0.117635 1477.826040
0.118576 1478.519166
0.118513 1497.044467
0.117458 1471.572766
0.116915 1492.930377
0.114201 1456.771977
0.115646 1461.271310
0.117283 1475.487171
0.117535 1476.149184
0.118460 1471.103401
0.119170 1478.475136
0.119682 1482.099061
0.116405 1474.480567
0.119588 1489.967870
0.119088 1468.223170
0.117402 1473.740894
0.116382 1484.045149
0.116517 1474.710224
0.114171 1484.624255
0.115766 1471.009617
0.115403 1461.056095
0.115024 1473.189269
