3.835160 0.177951 0.553981 5.070231 2.318822 4.297902 5.314748 4.596620 2.319715 2.293022 4.107781 1.159325
3.534184 0.204328 0.510566 5.090121 2.348356 4.261493 5.902955 4.788795 1.478198 4.249518 4.276502 0.818209 5.832452 1.745781 5.546931 1.604412
3.329620 0.204328 1.103515 5.557258 2.285858 4.113851 5.803528 5.078799 4.079870 3.607659 3.134444 3.703954 4.137362 0.323027
3.794070 0.204328 1.103515 5.123281 2.649639 5.803528 4.948360 3.966270 1.650955 4.502265 0.446250 0.635214 3.880960 5.469676
3.417782 0.289312 1.936419 5.917891 4.039740 4.307009 0.399229 1.422679 0.773373 5.149318 4.193346 4.555380 2.898490 4.720567
3.969084 0.006775 2.360492 5.599927 3.998359 0.523836 0.170457 0.655482 5.189034 3.967698 4.401588 1.925336 4.848038 4.081430 2.718588 3.899196 5.342417 3.689582
4.256001 0.108412 2.202944 6.059507 4.032522 1.364839 4.614667 5.392883 4.934390 4.202213 1.218088
2.058578 0.108412 2.301675 6.059507 3.752559 1.364839 4.554417 4.676502 3.004231 2.626452 0.195970 2.863025 4.756905 5.320099
2.035075 0.039293 2.740585 5.919411 3.531172 1.364839 5.248453 4.981251 2.313394 4.288870 0.061739 2.107133 4.622757 4.802401 3.534812 2.891894
2.001401 0.634680 3.045936 5.869586 3.492855 0.885724 5.206565 3.853179 4.958566 3.620853 3.007090 3.593771 0.084066 5.464340 4.354819 2.742338
2.774449 0.568565 2.621422 5.976241 1.311250 4.395142 4.444861 0.997123 4.056237 5.249342 5.022464 3.647931 2.606758 2.654741 0.633692
3.113663 0.294369 5.731888 4.381099 4.784149 2.074808 5.426367 3.901206 3.440848 2.303100 3.474141 0.128014 1.916330 1.020543 5.025656 3.645600
3.204086 3.458831 4.926181 1.994917 5.003824 3.518015 2.200624 0.654216 5.147652 5.869954 0.693548 0.427445 1.105104 3.107980 2.994842 2.452142
2.741061 2.056577 5.142315 0.450848 5.173409 5.617777 1.016077 4.221474 4.796453 0.437454 0.473105 3.633037 0.147728 5.981078 3.760650 2.066688 3.960829 3.450591 1.617774 5.920372
2.527015 4.727170 0.424708 3.918512 0.223950 3.317896 0.095706 2.981370 5.985219 2.366809 4.858263 1.521841 3.595631 3.287946 4.303095 0.369282 2.714422 4.081838 2.177789
1.880354 4.931938 0.126612 4.760594 0.315075 0.060619 5.861873 2.331992 4.858263 3.391805 4.304978 2.935711 2.805040 0.796206 3.048641 4.349783
2.157082 4.931938 4.750809 1.082029 0.556914 5.731994 2.354403 5.029683 3.825338 0.769314 3.319627 0.096909 0.654279 3.406925 3.726997 2.093247 4.576760
1.826744 5.113690 4.544421 0.307996 5.903619 1.958058 0.554676 3.015158 3.971589 4.057791 0.206362 5.350833 3.915375 3.665914 2.326226 0.140684 0.769983 5.660142 0.908684
4.354938 5.683077 4.250809 4.652138 0.028621 4.378060 2.690257 0.255657 0.707405 2.124437 3.934920 1.803081 1.691998 6.055764 0.509226 1.356475 5.149874 2.167134 4.803316 5.406840 4.476799
4.741195 5.646023 4.387416 4.359629 1.000655 3.929553 1.313280 5.384100 1.758593 3.914544 1.528889 0.441505 1.759553 5.423415 0.128573 4.281677 4.434163 0.683275 4.486962 5.388381 4.996277
4.930605 6.030154 4.503455 4.438332 4.257253 1.489474 2.195646 3.352532 5.176973 0.054806 0.986429 0.544041 1.248817 0.745616 2.896271 3.756268 0.121301 3.507203 5.929111 2.643336 1.573253
4.725651 5.992071 1.835592 2.334944 5.148711 0.253998 0.178460 0.383724 4.053905 3.003923 1.125029 3.217255 0.260184 0.812919 3.638903 3.671255 0.707749 3.948905
5.053310 1.835592 2.520058 0.157685 1.148623 3.632018 4.258246 0.278905 0.445071 0.953257 3.461136 1.880201 5.889132 3.302472 3.704750 5.560271 3.634655 1.522402 2.984571
5.057067 1.429233 1.981053 0.134038 3.015648 0.067557 0.462750 4.593918 6.016634 5.560271 2.318170 0.218285 4.625534 0.041188 4.514045
5.095485 3.404771 0.239343 1.336886 0.760876 0.903387 6.016634 5.718413 4.401174 3.140356 1.174701 5.164132 0.593887 1.880026 0.369535
5.352712 4.599521 1.408744 0.031844 1.231797 5.238205 5.670000 3.124064 1.174701 0.587611 0.232534 4.134933 0.055798 4.341918 4.977913 5.413496 2.712310 4.761167 4.899721 4.605688
4.281634 1.575438 4.393661 4.137142 0.074784 0.583874 5.478875 5.770229 5.264453 5.678134 2.660554 3.511308 3.894831 1.497816 1.319709 0.008339 1.850697 4.063121 0.281814 3.785045
4.019411 1.963901 0.204587 5.311004 5.409484 5.532375 0.942099 0.539315 1.558164 5.831337 0.531679 5.367386 2.932523 4.057950 0.642605 4.049863 4.404420 4.179512 1.817201 0.557898 6.009780 4.874596 0.504767
1.346483 5.311004 5.216148 1.169091 0.154156 1.103482 5.466505 3.726642 4.556177 2.558213 0.701941 6.005780 5.779406 0.151317 0.303554 5.787796 1.570401 4.445804 1.363525 3.806706 5.152476 3.953041 5.950523 4.481744
0.432832 4.989857 1.009880 5.748968 5.998069 1.350607 4.955439 1.171706 5.382838 4.936214 4.534816 0.201115 1.156679 6.039039 1.337698 5.973234 4.342057 1.333000 0.515445 5.311336 4.171265 0.481995
0.136870 0.811547 5.556220 1.098787 4.783227 0.101711 5.933191 1.564584 4.562545 4.818304 5.318486 1.105251 5.501636 4.523984 1.618283 5.144040 0.427436 4.585313 3.520500 2.811157 0.117238 1.920285 5.563215 4.955811
0.396721 0.925553 5.520352 1.126646 1.899769 1.418342 4.034328 3.920973 1.379564 5.291363 5.032388 5.054789 0.082446 3.927423 0.002545 5.423387 1.705547 3.354043 2.605753 5.185012 3.110325 4.311055 4.106816
0.722727 5.674632 0.802820 4.385504 3.967971 5.110303 0.350210 4.946467 3.841722 4.794858 0.480568 3.212683 4.532387 0.644217 1.179275 1.548819 0.150498 3.990035 5.815589 0.488805 5.158437
5.789141 1.207913 4.149974 4.849938 0.932567 3.669967 4.709467 0.146108 2.480199 5.330537 0.896903 1.421141 0.333029 0.876926 0.920150 4.381256 3.610317 0.007554 5.534592 1.417653 4.625866 2.911070
5.749983 1.622906 3.668952 5.711608 0.550164 3.587858 2.519864 0.901589 1.927872 4.848684 4.061180 5.006354 1.247601 4.504230 0.408490 2.256761 3.440140 0.301696
5.905207 3.473733 0.850572 0.811145 4.924559 4.116579 0.408490 0.983465 2.349207 4.492952 3.657176 3.314641 5.473654 3.444903 1.932005 1.924364 2.679101 2.601342 1.373513
6.037164 3.587222 1.065295 4.899599 3.717898 0.737458 0.982880 2.132030 5.549256 3.475997 3.084866 2.483152 3.286681 1.815948 0.681711 1.438017 3.642401 4.211953
6.037164 1.412404 4.784476 4.296644 0.420438 0.118574 2.043507 2.953203 4.352117 5.474466 1.350551 1.021752 0.894004 2.000143 2.078257 0.310588 3.821984 4.558784 2.292251
5.881401 4.762681 0.143303 1.840170 0.779484 1.023963 2.178775 1.953099 4.804009 5.423207 1.249577 2.941751 3.804805 3.458930 4.517618 1.586742 4.441261 0.883955 0.440570 2.944809 0.489499 2.573625 0.633257 2.765512
5.881401 1.682954 2.520571 4.012992 1.124841 0.011040 4.180207 0.469695 4.772927 4.921554 0.189692 4.548331 2.146374 2.165426 3.474987 0.598046 2.323612 0.266493 1.734312 1.453870
5.973651 1.631141 1.126976 0.379035 5.063082 0.253553 5.597879 0.204843 0.008320 1.495951 1.072413 2.089175 1.581826 5.032295 5.996502 4.825959 1.895842 3.701881
5.973651 1.237085 0.413651 5.262640 0.205158 0.803701 5.433452 1.945287 0.713905 5.369643 0.385232 3.702561 3.563416 4.156579 3.591139 4.007666 1.707255 1.855754 0.815527
5.819039 2.338559 0.305295 5.126332 0.554836 0.363733 3.702561 3.563416 4.806051 2.796257 5.394153 4.457637 1.602452 4.328073 4.191846 0.485001 0.388308 1.827452 4.415420 3.235490 4.343463
5.952881 0.563311 0.082905 3.117049 3.780041 4.958797 0.033460 4.639512 3.688065 0.273047 3.318010 1.722296 2.049718 1.807105 4.366416 5.905873 3.934175 2.139875
5.952881 3.278953 4.665673 0.382061 1.631432 1.530483 0.674146 0.450411 3.944036 5.305049 3.888617 5.046022 1.602478 0.222773 2.999623
5.929611 3.959084 4.832916 1.100361 0.051834 4.534116 5.959890 1.634561 3.008403 1.927546 4.743669 0.554705 2.090590 0.223065 1.178424 0.163318 4.102504 3.256770 1.165561 3.500397 1.223655
5.929611 4.671690 4.713452 0.461772 0.408263 4.816625 0.927656 4.254218 1.940305 1.843841 0.541700 3.788192 4.050277 0.980813 3.594559 0.111650 1.778507 0.891293 3.107430
5.547080 0.306115 0.289536 5.232868 0.383865 4.173985 1.662833 1.795557 1.288731 4.540651 3.650852 3.946132 0.215857 4.151811 4.639512 3.477493 3.349602 3.112842 4.115523 1.731486 1.189673 0.389835
5.547080 5.446231 1.453171 4.520428 2.066938 0.511268 3.149365 2.302996 0.194672 0.383845 0.149211 1.222840 3.374570 1.257344 1.854796 4.882700 3.398829 4.622589 3.272727 2.297418 0.459103
5.847934 5.044151 1.217640 0.195219 0.861396 0.323892 1.762773 3.686271 3.593919 4.648113 4.485783 4.581865 1.678458 2.422217 0.694334 1.630875 3.972423 5.519612 4.575736 0.663573 0.223762 5.553799
6.055874 1.181631 0.231624 0.037355 0.149462 2.231616 3.430290 4.465239 2.388331 1.000063 3.664701 4.585852 5.062901 2.409760 1.288603 4.203253 4.135597 3.043149 2.535716
6.056912 0.313678 0.056210 0.079010 2.477620 3.554407 4.401027 0.626323 4.513059 0.085678 4.704608 4.969724 3.273475 2.690814 4.173319 5.356242 3.064395 1.667708 2.304059
6.027203 0.180187 0.598785 2.296352 4.320160 0.742739 5.156853 0.903003 2.968327 0.125501 3.588073 2.068617 0.284666 3.388288 3.157829 1.237126 1.649719 3.071508 5.830852 0.588898 0.369418 3.019129 0.409678 4.672889
6.027203 4.320160 0.885010 4.913910 0.211439 4.554765 4.156721 4.895321 1.771703 0.377109 0.010418 2.497139 2.591920 1.661335 4.073256 2.958852 5.371651 0.495247 5.651693 1.211292 5.572639 3.066021 1.323132 0.110437 4.281074
6.037039 4.714375 1.231600 5.181326 3.842938 1.515399 0.674450 3.550024 3.019314 0.028921 0.598998 3.697756 1.581992 2.545087 4.309581 0.861506 4.102438 1.148520 2.139505 5.626795 4.229438
5.970078 4.853961 5.138422 0.473031 3.536523 1.209034 2.683750 1.622012 1.224758 0.340086 1.378493 2.133467 1.816674 2.494678 4.229740 4.398226 3.581241
5.922853 4.796127 0.354303 1.263713 1.892345 4.229740 0.293591 4.329688 1.979171 1.025081 1.929855 3.254136 4.777998 5.516527 1.381167 3.773826 2.816843 0.992543
6.056449 0.877436 4.479543 0.495467 1.586743 4.646117 5.090943 1.818679 4.381835 3.685403 1.897112 3.607235 2.069149 3.754028 5.451498 0.135514 0.579782 1.463373 0.447068
1.210387 1.047287 4.910989 5.315802 4.278155 0.926601 2.242183 4.121585 0.134743 0.129970 5.194690 4.806469 1.866788 6.043459 0.839844 0.425579 4.812273 0.111678
