3.243807 3.503451 1.628023 2.370839
3.326529 3.555483 1.924465 2.139582
2.985802 3.487061 1.798357 2.661586
2.321683 2.586642 1.788577 2.015784
2.437193 2.614360 1.902216 2.381189
2.543207 2.791590 1.825200 2.157744 1.226723
2.590040 2.944254 2.185146 2.352338
2.491696 2.565854 1.953551 2.129323
2.393377 2.566789 2.004192 2.496093
2.120800 2.320583 1.563366 2.177678
2.293743 2.617412 1.803524 2.301757
2.374577 2.574955 1.709013 2.238685
2.628311 2.755684 1.825038 2.143970 3.446111
2.752133 2.883548 2.251298 2.718990
2.696813 2.923374 2.521871 2.572052
2.742994 2.824380 2.353565 2.618915 2.047897
2.846887 3.303282 1.806749 2.251843 1.620382
2.806963 3.798893 2.125379 2.562693
3.400120 3.724171 2.646591 3.068006 4.521329
3.840105 3.925001 1.452054 2.920124 1.839437 4.394308 4.166540
3.618185 4.315050 2.356393 2.897354
3.383834 4.126087 2.784351 2.837870
3.210351 3.840424 2.605176 2.844867
2.080116 2.248224 1.337364 2.473637
2.236985 2.016122 1.385872 2.684356
1.937264 2.438239 1.026470 2.115151
1.842763 1.774907 1.004785 2.426428
2.018939 1.732701 1.027941 2.341844
2.548701 2.128138 1.041115 2.756146
2.222438 2.104046 0.615548 2.533783 0.662661
1.893294 1.374150 0.805342 2.278374 1.179452
1.925921 1.262514 0.782158 2.314208 1.035069
1.801242 1.641857 0.906072 2.223096 1.310438
1.904490 1.538861 0.992104 2.433008 1.345586
1.783117 1.886474 0.935765 2.047837 1.406817
1.680224 1.651833 0.901795 2.048012 1.260076 1.427905
1.720546 1.471646 0.799748 2.062341 1.442100 1.777453
1.719751 1.380260 0.857759 2.167486 1.398776
1.644564 1.569779 0.886344 2.194708 1.224895
1.757100 1.295421 0.876316 2.171437 1.231766
1.605193 1.479660 0.856018 1.865665 1.273669
1.522073 1.598081 0.972983 1.661734 1.260292
1.540858 1.365952 1.198938 1.800141 1.260292
1.540858 1.902272 1.131736 2.152811 1.221758
1.515032 2.017916 1.155653 1.943446 1.173339
1.352767 1.502609 0.883457 1.133110 1.734058
1.321545 1.369863 0.921289 0.972243 1.905543
1.371312 1.529839 0.848476 0.877439 1.930668
1.244302 1.194083 0.296855 0.573095 1.639113
1.286066 1.860493 0.299758 0.303949 1.591646
1.004884 1.094142 0.275677 0.187517 1.371607
0.817369 0.802238 0.235091 0.630201 0.972015
0.626508 0.609697 0.059853 0.001825 0.936956
0.255956 1.105772 0.626206 0.427973 0.780661
0.221293 1.913350 0.948058 0.151763 0.807551
0.251098 1.827075 0.891327 0.160390 0.889179 1.071761 0.020196
0.342702 1.801090 1.260014 0.030258 0.757634
0.096263 1.698334 1.104062 0.087781 0.275350
0.157538 1.837299 1.286980 0.046705 0.718564 0.323660 0.286714
