21.990979 187199.753899
28.336697 187200.649935
28.672710 187196.529205
29.656311 187202.043125
28.299139 187209.748071
32.081844 187215.254709
16.816440 187200.361093
27.971677 187203.959505
23.258672 187197.563414
28.799869 187198.035159
27.395630 187200.273109
24.145888 187206.380958
23.438298 187210.679477
34.509293 187217.287066
31.484575 187214.962746
29.527385 187224.060856
32.712447 187212.135595
31.497816 187218.725709
33.306508 187221.394168
28.390013 187225.945362
35.061964 187222.808070
26.846852 187212.567970
32.264178 187214.459783
24.323405 187210.483226
28.604960 187214.632682
31.907752 187224.667468
30.029212 187221.150284
34.770348 187220.927074
33.743673 187227.389117
33.477842 187236.686310
36.033564 187257.451564
34.955524 187256.495731
33.763379 187249.601512
34.853960 187242.924733
30.203824 187236.360621
33.356475 187238.541153
31.755935 187250.484649
30.410069 187231.659779
36.346662 187244.906358
31.566711 187230.457888
31.481285 187241.815541
30.258206 187236.274135
33.797347 187243.768413
24.343356 187230.772337
28.807749 187227.818319
35.484664 187242.368749
30.796881 187240.926929
35.472523 187250.029987
33.339893 187243.400732
34.731981 187253.170206
29.622963 187226.177301
25.062409 187237.737310
35.442072 187235.069791
34.969678 187243.720131
30.133189 187250.827853
30.819290 187245.928469
30.841700 187244.660088
30.855008 187252.643936
31.214325 187250.301904
