11.479052 4.507569 4.591109 6.226853 5.558750 4.963039 5.828139 8.006721 2.517316 2.090231 8.778870 2.429134
11.087913 4.408706 4.599990 6.518494 5.735960 5.137957 5.903220 7.764260 3.267656 1.712790 8.936475 3.373905 1.634199 2.217227 0.399673 1.346672
11.393393 4.408706 4.695525 6.320511 5.415820 4.731641 6.052135 8.386501 9.016101 2.794308 3.142809 9.624412 11.070435 3.801255
10.879867 4.408706 4.695525 6.464609 5.943875 6.052135 8.183626 8.993800 3.022456 4.298650 4.579584 3.170235 1.275305 0.022300
10.913544 4.439578 5.248816 5.904448 9.095440 4.160033 4.698406 2.717808 4.569483 6.501345 2.964521 8.469766 1.598929 1.027472
11.389964 4.238586 5.919516 6.132485 8.663495 4.747313 3.707122 4.694689 6.384291 2.625492 7.579107 2.277339 0.779016 4.607061 5.531252 4.605112 9.378320 2.863346
11.409185 4.469166 5.639870 5.523889 8.099900 4.929965 7.230724 5.353860 6.799023 3.627817 2.996361
11.325662 4.469166 5.641909 5.523889 8.649300 4.929965 7.603424 7.057085 3.852387 2.308479 3.413980 3.444950 5.623273 3.600650
11.251500 4.521237 6.474702 5.697788 7.998680 4.929965 5.383371 8.465239 4.064265 2.015668 3.556142 4.737625 6.373621 7.163297 7.312845 0.044545
11.368581 4.706058 6.832413 5.582893 8.505535 4.671390 5.320795 7.667724 6.353762 0.745159 4.481357 2.411060 3.842494 9.334989 11.488770 2.039701
11.405092 4.933703 6.372406 6.095015 4.901845 4.431703 7.613416 3.270677 2.515718 1.049636 6.708736 7.820486 2.035649 0.094050 3.964721
10.498465 5.026498 6.009249 4.114759 7.663715 5.765980 6.631519 2.829657 8.966114 11.340210 1.926098 2.438548 4.831309 4.953734 5.690764 0.532559
11.388483 4.047975 7.828452 6.186163 6.891915 8.695879 1.561446 5.324058 5.726766 6.022379 4.665501 3.720555 4.727729 3.429937 5.370931 1.082598
9.906976 6.405481 6.582516 5.511804 5.809677 5.948454 4.710162 2.346041 8.219164 3.278791 11.397922 8.867979 4.601291 1.584408 10.168618 3.222724 4.692864 9.598834 0.360876 0.341716
10.309111 6.418418 5.346607 8.230148 11.260741 8.316927 5.056299 11.492912 5.629355 6.989617 4.864566 5.281755 2.914099 3.823812 0.767009 2.028066 2.123946 0.573346 11.383335
10.809121 6.900054 5.198390 7.498876 11.061822 5.011834 5.366175 6.940586 4.864566 3.419290 4.220016 3.668119 2.398478 4.804888 8.113705 11.314886
10.846272 6.900054 7.274513 11.395921 5.091057 5.340058 6.543518 4.668343 3.486424 4.974796 8.883825 1.028995 5.268144 10.722005 4.059604 6.045776 0.612497
11.156169 5.467922 7.251648 11.364250 5.791903 6.429552 4.792813 8.561691 11.404503 4.219009 4.811078 6.567031 2.946618 5.705285 1.909155 1.411125 5.678106 0.000605 0.679338
7.817564 5.881366 10.797320 4.000301 5.324443 2.668333 6.160805 2.804540 11.052282 6.586053 8.678798 6.437338 2.512587 0.915111 5.734402 5.587433 6.829746 10.161116 5.941464 9.686677 11.441956
7.607400 6.034121 3.862421 2.978441 10.626051 8.722377 6.222340 5.949768 9.983511 10.834403 4.870108 3.302008 2.463178 6.700306 3.920633 0.852415 6.710977 5.840202 0.784117 0.693541 0.559740
7.317176 6.299750 3.664692 3.129808 8.335130 6.365607 10.210042 11.345246 6.958983 4.981170 10.693358 3.525496 6.177751 4.616804 1.537876 3.300873 5.546829 3.112233 1.335573 5.385559 3.650425
7.579429 6.286042 7.114175 9.383656 6.854928 4.959351 11.147389 5.921286 4.362535 2.566244 5.772070 8.752131 4.056713 2.669888 0.509030 9.011147 6.090804 10.745091
8.044631 7.114175 9.263063 4.683447 3.093370 9.037388 4.317540 6.084886 11.440428 4.324910 10.793919 2.610017 6.275824 1.732685 9.196956 6.600880 0.772286 2.901604 5.452999
7.697693 7.075137 9.563067 4.625576 9.354652 5.940205 4.859705 11.144318 6.391333 6.600880 1.948818 10.490422 8.656174 2.707530 2.585359
7.680490 8.872991 3.968085 9.930314 6.416745 4.618076 6.391333 6.726278 2.971869 11.035323 6.976384 6.554152 10.075308 2.493751 2.940060
7.950945 8.746693 9.428625 6.335208 4.225820 5.981279 7.545249 2.933389 6.976384 3.999068 10.287271 3.670015 5.167261 2.771002 5.931059 10.668973 3.107306 1.122944 0.752930 0.092576
9.096133 9.502623 4.618669 10.707015 5.153923 4.833412 7.823064 7.070712 5.988733 5.880504 5.901114 2.879239 3.734665 6.874343 7.063655 6.253803 2.850928 0.780350 10.354721 5.136019
9.254684 9.958282 5.016156 7.923818 5.376893 5.339673 6.780179 11.048376 6.816020 3.159833 6.421855 7.820197 5.794169 10.077094 5.039093 4.294884 9.112606 9.661312 2.473289 2.772983 0.433323 0.844477 5.584786
9.733243 7.923818 5.104251 6.883194 10.464805 6.289108 7.661324 4.075657 9.057869 2.498900 2.943070 3.424714 5.406155 4.790461 6.234182 10.885269 4.879674 2.564190 2.793597 9.106246 0.364761 10.606913 0.109886 11.397682
9.700613 7.858375 7.445289 6.955050 6.108809 5.283382 2.868854 2.188681 4.485011 3.978548 5.907180 6.575234 5.568415 3.329662 6.032747 0.938287 8.942394 9.126817 2.768460 4.587197 11.499767 2.300929
9.545827 7.717961 6.220556 5.477918 2.693033 2.681677 3.135229 8.986969 8.864910 3.855537 3.754556 5.776414 7.166706 6.043755 2.031801 7.903097 5.567597 10.485481 1.395109 0.800715 7.243633 1.408068 0.818951 3.641466
10.300255 7.217569 5.919678 5.194784 1.150718 9.369649 8.813614 3.851384 6.487648 6.810598 5.974629 8.092956 5.525605 11.119886 6.755252 5.297266 8.392155 2.601532 5.333799 5.146452 2.364273 0.666762 0.077929
7.382425 5.587032 5.400101 8.676144 3.866631 6.687751 5.660933 5.155160 3.537528 7.962360 9.814341 1.820349 11.343576 5.927023 9.445892 1.932912 6.679017 5.689960 0.408209 2.564390 0.134722
5.854341 5.339723 3.576706 6.596831 5.632175 2.863214 8.089793 10.093315 2.724479 10.985171 5.796501 9.278287 7.108211 7.588195 1.930939 8.717740 1.302980 6.933425 5.895889 8.063743 0.712637 0.651039
6.408942 5.501430 4.083995 6.837680 5.663547 2.658219 9.176379 6.858511 5.929504 6.414512 0.394246 7.469591 1.010521 8.265114 6.464034 10.147706 5.664434 10.830388
6.460739 4.007873 6.279203 6.719308 7.719713 8.525731 6.464034 11.399547 10.020917 6.508957 10.256004 3.380578 0.105492 5.878611 5.113249 7.047369 3.345042 5.458853 5.920455
6.354524 4.390987 6.854488 7.716469 8.524911 6.445193 11.095999 10.154500 6.762484 11.099814 3.315191 2.002074 3.693657 4.851898 6.243546 6.339754 6.841315 7.440648
6.354524 7.001196 7.362258 8.823592 6.385405 10.916063 8.446693 2.727572 5.652651 6.585572 6.622231 4.940251 2.648826 9.381762 1.755073 4.801498 1.660959 6.244963 2.039695
6.370787 7.679866 5.870730 6.929935 5.014139 4.915232 8.797038 9.947186 9.308515 6.790870 3.624613 3.224211 6.252527 4.131467 9.044408 7.343303 5.969935 4.611508 10.601123 1.177615 3.465849 2.141425 3.659944 3.639444
6.370787 9.054482 2.928715 8.892370 7.287065 10.868147 11.412898 5.277238 7.481970 6.825955 6.256281 5.582508 5.968941 5.685546 2.186277 5.329278 3.461645 2.881154 2.489455 6.226654
6.377444 9.467428 7.312363 9.828440 7.796563 6.720315 6.323817 2.842807 5.092415 2.292574 4.898081 5.272902 5.647491 11.182312 6.877748 8.174369 3.575994 1.342571
6.377444 9.596901 10.366725 7.698320 5.332503 4.350938 6.851679 3.477185 7.451916 10.863365 7.247620 3.744685 3.504980 9.279145 5.328980 2.778062 3.216366 4.056870 3.457805
6.161428 9.421745 11.191954 7.820993 7.145197 6.962330 3.744685 3.504980 8.877469 1.712893 7.438555 5.972983 6.672185 10.210163 6.092381 2.410387 5.903547 5.702485 4.151154 9.254105 4.587048
5.987082 7.470051 5.645118 5.513269 2.854682 6.751892 2.576531 8.019380 8.804689 10.312567 10.836941 5.741579 6.089849 9.824437 4.723975 1.195062 6.372818 1.422393
5.987082 2.997910 7.470826 11.444912 5.140289 9.476942 7.118331 6.938844 10.568304 5.800841 8.742605 6.577942 7.028318 5.671413 0.796316
6.074281 4.416971 7.691491 11.279219 6.393560 10.666079 6.828749 5.767690 3.037780 8.966509 6.195267 4.629944 5.559942 5.050541 7.327275 4.049416 9.044892 2.187744 9.925701 1.170794 10.541817
6.074281 5.244896 7.461296 10.759810 6.556913 7.069749 4.479174 8.228951 9.846752 3.104734 3.669903 11.315995 5.802607 6.708465 3.524970 5.150011 4.347730 6.862454 6.451444
6.389788 10.563681 6.392795 6.699702 4.151517 10.591517 9.926974 7.247329 7.261851 5.808347 2.507582 6.492482 4.698962 0.135195 7.218397 3.284277 9.044045 3.021498 9.992134 5.187469 0.375948 2.445594
6.389788 6.976156 7.221506 5.665090 2.632541 5.326628 3.083588 8.649895 3.190497 6.513947 11.357791 6.124179 3.630622 4.925071 9.504018 7.945595 8.790717 11.325162 0.471265 4.785035 5.855080
5.744641 6.668988 6.835061 4.385981 6.515613 10.187537 9.698194 11.494776 8.404024 7.296095 4.274017 2.523932 7.031133 1.254231 3.709137 5.053916 6.455023 2.060136 0.261154 4.472664 3.065085 0.597655
5.789472 3.293358 4.128144 6.343196 11.124482 9.251982 7.991470 7.620573 7.434405 4.827220 6.783355 1.238805 6.691272 3.191503 7.285918 4.450067 11.296258 0.689856 7.561890
5.676567 2.539556 6.009916 11.164163 9.263005 8.441496 7.348227 6.940492 11.175738 6.739450 6.775029 2.383574 6.517250 2.999205 4.340341 1.207227 6.055943 0.230668 5.264865
5.942425 3.224246 4.801278 9.578726 7.501100 6.912133 6.365750 4.685950 3.284861 11.415113 11.147377 6.964609 6.696592 8.070580 5.984469 6.283699 4.688629 4.153299 1.917277 5.095977 1.305346 5.629064 5.901827 1.310263
5.942425 7.501100 6.879931 6.580767 10.934891 11.096279 7.746119 2.845480 3.203456 4.180473 5.099153 9.501715 1.439692 7.126444 4.809399 5.899942 2.554391 6.614402 1.518914 3.174594 2.876002 1.892901 4.156447 5.670311 5.066104
6.156249 7.156286 7.204886 6.607097 8.587882 10.058492 6.476723 3.504337 2.251414 4.280662 10.450599 5.728678 7.190294 3.652211 4.042569 2.826287 10.965232 4.790065 5.047407 0.233688 3.479353
6.111384 7.588101 6.881834 6.627232 2.793169 11.349802 3.872265 4.940883 7.145800 5.721015 6.551341 9.422945 11.407035 2.068554 4.652290 9.249297 1.390562
5.892173 6.471068 11.050271 7.155305 8.845819 4.652290 6.607287 8.471213 2.849218 2.441782 5.359413 10.813710 7.451894 6.602143 6.360025 2.208313 5.942564 6.029213
5.866612 6.839327 4.248513 6.474811 5.410683 7.312454 6.433439 6.701119 2.525035 6.069861 2.156532 8.850662 9.940220 11.126819 1.514148 11.134606 2.569367 6.737156 5.940153
7.300534 5.029816 7.804044 7.077387 2.284019 2.616838 9.200339 9.787585 11.048861 4.995175 5.402253 3.690623 1.944385 5.558455 6.472336 6.393808 1.100091 5.210559
