0.344828 2.713104 0.385788 2.022946
0.345650 2.717184 0.378351 2.566917
0.363911 2.716389 0.363516 2.326921
0.348125 2.694096 0.380715 1.976111
0.337671 2.647201 0.373722 2.185504
0.335948 2.527285 0.377681 2.112709 6.499580
0.330385 2.730138 0.379717 2.186992
0.338454 2.733215 0.364544 2.112961
0.360479 2.803125 0.358334 2.124687
0.328669 2.829415 0.377659 2.322583
0.331998 2.835363 0.390510 2.312091
0.332443 2.715563 0.388219 2.149411
0.339148 3.002314 0.385626 2.157308 2.718508
0.355423 2.678611 0.386904 2.250138
0.334666 2.625175 0.383577 2.341702
0.333749 2.611148 0.378015 2.034440 3.109426
0.346934 2.438451 0.371301 2.018931 3.906208
0.343761 2.640825 0.378789 2.144182
0.345743 2.515800 0.368889 2.303875 2.463864
0.346678 2.588281 0.384944 1.487213 2.684953 4.149154 0.767069
0.348566 2.620784 0.385749 2.044731
0.345546 2.604160 0.395852 2.285253
0.361089 2.719753 0.387911 2.158492
0.339978 2.589388 0.423260 2.255411
0.348527 2.432943 0.379074 2.236933
0.348598 2.615881 0.370503 2.156916
0.352602 2.598529 0.371583 2.369112
0.333383 2.612315 0.403836 2.296082
0.336608 2.620607 0.377994 2.183491
0.341478 2.554671 0.336365 2.144922 0.457370
0.346253 2.631621 0.336720 2.261468 0.609355
0.352959 2.664674 0.299592 2.195585 0.666387
0.342739 2.477026 0.319043 2.087160 0.636816
0.347647 2.567869 0.354090 2.215388 0.522063
0.335484 2.592909 0.317299 2.370819 0.666247
0.329510 2.590680 0.323245 2.130686 0.546906 5.733059
0.345432 2.547247 0.318120 2.082612 0.627753 7.765936
0.342283 2.520895 0.309932 2.209285 0.530608
0.333678 2.664469 0.304572 2.211383 0.895402
0.344635 2.608734 0.352200 2.233337 0.679652
0.359224 2.485646 0.329644 2.149641 0.715097
0.331764 2.545945 0.335316 2.127882 0.817656
0.338490 2.643578 0.334521 2.121342 1.675992
0.330739 2.545706 0.362942 1.931955 1.128713
0.335363 2.620127 0.343476 2.143371 1.087395
0.341004 2.687113 0.364008 1.351140 2.019545
0.368636 2.561321 0.338763 1.136066 2.130747
0.353996 2.607774 0.349403 1.441024 2.217282
0.357453 2.781385 0.330812 1.209603 2.201347
0.340982 2.510577 0.341054 1.277831 2.197517
0.356064 2.615100 0.356605 1.448559 2.358175
0.347390 2.649370 0.353771 1.305227 2.240922
0.345087 2.485774 0.380350 1.397806 2.021554
0.352846 2.628456 0.328663 1.360429 2.207024
0.324795 2.606811 0.356154 1.139782 2.155492
0.310373 2.557916 0.343030 1.362954 1.992969 2.485814 3.909386
0.332398 2.581975 0.344634 1.380550 2.165153
0.331727 2.582823 0.346878 1.277079 2.112334
0.154927 2.716803 0.346907 2.202428 2.326309 0.353710 1.795699
