0.92 0 2
1.84 0 1
2.76 0 2
4.600000000000001 0 4
6.44 0 2
7.36 0 3
8.280000000000001 0 5
9.200000000000001 0 4
10.12 0 8
11.04 0 6
1.38 1.010366666666667 1
2.3 1.010366666666667 2
3.22 1.010366666666667 5
4.140000000000001 1.010366666666667 4
5.06 1.010366666666667 4
6.9 1.010366666666667 4
7.82 1.010366666666667 3
8.74 1.010366666666667 6
9.66 1.010366666666667 4
10.58 1.010366666666667 3
11.5 1.010366666666667 8
0.92 2.020733333333333 1
1.84 2.020733333333333 1
2.76 2.020733333333333 3
3.68 2.020733333333333 1
4.600000000000001 2.020733333333333 3
5.52 2.020733333333333 5
6.44 2.020733333333333 4
7.36 2.020733333333333 3
8.280000000000001 2.020733333333333 5
9.200000000000001 2.020733333333333 6
10.12 2.020733333333333 4
11.04 2.020733333333333 6
1.38 3.0311 6
2.3 3.0311 3
3.22 3.0311 2
4.140000000000001 3.0311 6
5.06 3.0311 1
5.98 3.0311 4
6.9 3.0311 4
7.82 3.0311 10
8.74 3.0311 7
9.66 3.0311 11
10.58 3.0311 2
11.5 3.0311 5
0.92 4.041466666666667 2
1.84 4.041466666666667 1
2.76 4.041466666666667 1
3.68 4.041466666666667 2
4.600000000000001 4.041466666666667 1
5.52 4.041466666666667 2
6.44 4.041466666666667 4
7.36 4.041466666666667 7
8.280000000000001 4.041466666666667 5
9.200000000000001 4.041466666666667 4
10.12 4.041466666666667 5
11.04 4.041466666666667 13
1.38 5.051833333333333 2
2.3 5.051833333333333 1
3.22 5.051833333333333 2
4.140000000000001 5.051833333333333 2
5.06 5.051833333333333 2
5.98 5.051833333333333 2
6.9 5.051833333333333 5
7.82 5.051833333333333 3
8.74 5.051833333333333 7
9.66 5.051833333333333 4
10.58 5.051833333333333 8
2.76 6.0622 2
3.68 6.0622 3
4.600000000000001 6.0622 3
5.52 6.0622 7
6.44 6.0622 3
7.36 6.0622 3
8.280000000000001 6.0622 4
9.200000000000001 6.0622 1
10.12 6.0622 3
11.04 6.0622 2
