       0        0
0.741935        0
 2.22581        0
 2.96774        0
 6.67742        0
 8.90323        0
 9.64516        0
  11.129        0
0.370968   0.7625
 1.85484   0.7625
 2.59677   0.7625
 7.79032   0.7625
 8.53226   0.7625
 9.27419   0.7625
 10.7581   0.7625
    11.5   0.7625
       0    1.525
0.741935    1.525
 2.22581    1.525
 2.96774    1.525
 5.19355    1.525
 6.67742    1.525
 8.16129    1.525
 8.90323    1.525
 9.64516    1.525
  11.129    1.525
0.370968   2.2875
 1.48387     3.05
 2.59677   2.2875
 3.33871   2.2875
 6.30645   2.2875
 8.53226   2.2875
 9.27419   2.2875
 10.7581   2.2875
    11.5   2.2875
       0     3.05
  1.1129   3.8125
 1.85484   3.8125
 2.96774     3.05
 5.93548     3.05
 7.04839   3.8125
 8.90323     3.05
 10.0161   3.8125
 10.7581   3.8125
0.741935    4.575
 1.48387    4.575
 2.22581    4.575
 3.70968    4.575
 4.45161    4.575
 8.16129    4.575
 9.64516    4.575
 10.3871    4.575
  11.129    4.575
0.370968   5.3375
  1.1129   5.3375
 1.85484   5.3375
 3.33871   5.3375
 7.04839   5.3375
 7.79032   5.3375
 9.27419   5.3375
 10.0161   5.3375
 10.7581   5.3375
0.741935      6.1
 1.48387      6.1
 2.22581      6.1
 3.70968      6.1
 4.45161      6.1
 8.16129      6.1
 9.64516      6.1
 10.3871      6.1
  11.129      6.1
 1.48387        0
 3.70968        0
 4.45161        0
 5.19355        0
 5.93548        0
 7.41935        0
 8.16129        0
 10.3871        0
  1.1129   0.7625
 3.33871   0.7625
 4.08065   0.7625
 4.82258   0.7625
 5.56452   0.7625
 6.30645   0.7625
 7.04839   0.7625
 10.0161   0.7625
 1.48387    1.525
 3.70968    1.525
 4.45161    1.525
 5.93548    1.525
 7.41935    1.525
 10.3871    1.525
  1.1129   2.2875
 1.85484   2.2875
 4.08065   2.2875
 4.82258   2.2875
 5.56452   2.2875
 7.04839   2.2875
 7.79032   2.2875
 10.0161   2.2875
0.741935     3.05
 2.22581     3.05
 3.70968     3.05
 4.45161     3.05
 5.19355     3.05
 6.67742     3.05
 7.41935     3.05
 8.16129     3.05
 9.64516     3.05
 10.3871     3.05
  11.129     3.05
0.370968   3.8125
 2.59677   3.8125
 3.33871   3.8125
 4.08065   3.8125
 4.82258   3.8125
 5.56452   3.8125
 6.30645   3.8125
 7.79032   3.8125
 8.53226   3.8125
 9.27419   3.8125
    11.5   3.8125
       0    4.575
 2.96774    4.575
 5.19355    4.575
 5.93548    4.575
 6.67742    4.575
 7.41935    4.575
 8.90323    4.575
 2.59677   5.3375
 4.08065   5.3375
 4.82258   5.3375
 5.56452   5.3375
 6.30645   5.3375
 8.53226   5.3375
    11.5   5.3375
       0      6.1
 2.96774      6.1
 5.19355      6.1
 5.93548      6.1
 6.67742      6.1
 7.41935      6.1
 8.90323      6.1
