  0   0   9   2   0   0
  1   9  80  72   0   0
 72  10  11   4   0   0
  3  11  81  73   0   0
 76  85  86  77   0   0
 78  13  14   7   0   0
  6  14  87  79   0   0
 79  15  16   0   0   0
  0  17  18  80   2   1
 80  88  19  11   3  72
 10  19  20  81   4   3
 86  92  23  13  78  77
 12  23  24  14   6  78
 13  24  25  87   7   6
 87  93  26  16   8  79
 15  26   0   0   0   8
  0   0  27  18   9   0
 17  27  94  88  80   9
 88  95  29  20  11  10
 19  29  30  89  81  11
 90  97  98  91  84  83
 91  31  99  92  86  85
 92 100  32  24  13  12
 23  32  33  25  14  13
 24  33 101  93  87  14
 93  34  35   0  16  15
  0  36 102  94  18  17
102  37  38 103  95  94
 95 103  39  30  20  19
 29  39 104  96  89  20
 98  40 107  99  22  91
100 109  42  33  24  23
 32  42 110 101  25  24
101 111 112  35  26  93
 34 112   0   0   0  26
  0   0 113 102  27   0
113  45  46  38  28 102
 37  46  47 114 103  28
103 114 115 104  30  29
106 118 119 107  31  98
119 128 129 120 108 107
109 121 122 110  33  32
122  51  52  44 111 110
 43  52  53 123 112 111
124  54  55  46  37 113
 45  55  56  47  38  37
 46  56 131 125 114  38
125  57 132  49 116 115
 48 132 133 126 117 116
129  59 136 130 121 120
130  60  61  52  43 122
 51  61  62  53  44  43
 52  62 137   0 123  44
  0 138  63  55  45 124
 54  63  64  56  46  45
 55  64  65 131  47  46
131 139  66 132  48 125
135 142 143  59 129 128
 58 143  68 136  50 129
136 144  69  61  51 130
 60  69  70  62  52  51
 61  70  71 137  53  52
138   0   0  64  55  54
 63   0   0  65  56  55
 64   0   0 139 131  56
139   0   0  67 132  57
 66   0   0 140 133 132
143   0   0 144 136  59
144   0   0  70  61  60
 69   0   0  71  62  61
 70   0   0   0 137  62
  2  80  10   3   0   0
  4  81  82  74   0   0
 73  82  83  75   0   0
 74  83  84  76   0   0
 75  84  85   5   0   0
  5  86  12  78   0   0
 77  12  13   6   0   0
  7  87  15   8   0   0
  9  18  88  10  72   2
 11  20  89  82  73   4
 81  89  90  83  74  73
 82  90  21  84  75  74
 83  21  91  85  76  75
 84  91  22  86   5  76
 85  22  92  12  77   5
 14  25  93  15  79   7
 18  94  95  19  10  80
 20  30  96  90  82  81
 89  96  97  21  83  82
 21  98  31  22  85  84
 22  99 100  23  12  86
 25 101  34  26  15  87
 27 102  28  95  88  18
 94  28 103  29  19  88
 30 104 105  97  90  89
 96 105 106  98  21  90
 97 106  40  31  91  21
 31 107 108 100  92  22
 99 108 109  32  23  92
 33 110 111  34  93  25
 36 113  37  28  94  27
 28  38 114  39  29  95
 39 115 116 105  96  30
104 116 117 106  97  96
105 117 118  40  98  97
 40 119  41 108  99  31
107  41 120 109 100  99
108 120 121  42  32 100
 42 122  43 111 101  33
110  43  44 112  34 101
111  44 123   0  35  34
  0 124  45  37 102  36
 38  47 125 115  39 103
114 125  48 116 104  39
115  48  49 117 105 104
116  49 126 118 106 105
117 126 127 119  40 106
118 127 128  41 107  40
 41 129  50 121 109 108
120  50 130 122  42 109
121 130  51  43 110  42
 44  53   0   0   0 112
  0   0  54  45 113   0
 47 131  57  48 115 114
 49 133 134 127 118 117
126 134 135 128 119 118
127 135  58 129  41 119
128  58  59  50 120  41
 50 136  60  51 122 121
 56  65 139  57 125  47
 57  66  67 133  49  48
132  67 140 134 126  49
133 140 141 135 127 126
134 141 142  58 128 127
 59  68 144  60 130  50
 62  71   0   0   0  53
  0   0   0  63  54   0
 65   0   0  66  57 131
 67   0   0 141 134 133
140   0   0 142 135 134
141   0   0 143  58 135
142   0   0  68  59  58
 68   0   0  69  60 136
