5.476078 10.585033 0.108088 1.480572 0.256628 0.089765 0.761468 11.001825 11.464720 
5.857603 10.742390 0.138137 1.113110 0.320529 0.033036 0.986914 10.669253 11.312232 10.977503 
5.928407 10.833285 0.090891 1.264439 0.138444 0.017415 1.449012 10.864555 11.329758 10.718280 0.742147 
6.130184 10.577517 0.373300 1.106773 0.117505 0.036257 0.996183 10.475816 10.734792 10.285690 0.237204 
6.217421 10.671930 0.407767 1.069779 0.323438 0.089301 1.042892 10.459868 10.750198 10.110223 0.399732 
6.172623 10.631655 0.283753 1.069779 0.372929 0.010599 1.031666 10.533740 10.463294 10.269981 0.342168 
5.869411 10.980696 0.415426 1.364170 0.163996 0.113354 0.713505 10.757062 11.308152 10.555862 0.816460 11.136539 11.200456 
5.904252 10.597554 0.013168 1.220058 0.299139 0.230730 0.797321 10.472042 11.149006 10.506681 0.047577 10.768465 
6.002549 10.724736 0.095186 1.670072 0.453401 0.016833 1.279198 10.683696 10.846898 10.675326 0.819265 10.746530 
5.697149 10.627926 0.008118 10.564021 0.221904 0.066793 0.478238 10.741875 1.351109 10.814837 
5.761270 10.668803 0.062673 10.615351 0.158008 0.026048 0.741198 11.057142 1.620424 10.764325 11.018593 11.152906 
5.711762 10.723522 0.353455 10.660090 0.198178 0.034306 0.276031 11.123868 1.388824 10.844808 10.920862 11.268936 
5.516802 10.722005 0.143768 10.656208 0.193744 0.034306 0.514726 11.444684 1.488592 10.851216 11.491078 11.444340 
5.537178 10.665313 0.042371 10.656208 0.248165 0.156614 0.261638 11.430731 1.661370 11.374172 10.955258 
5.285933 10.666796 0.224398 10.656208 0.129087 0.105303 0.668501 11.392901 1.857935 11.058272 10.890293 11.028689 
5.234289 10.770897 0.077149 10.687406 0.129087 0.027198 0.195789 11.008108 1.848403 11.310957 10.885210 11.443633 11.143234 
5.445830 10.745053 0.347057 10.713368 0.183703 0.054442 0.831049 11.286438 1.628116 11.144837 10.881001 10.963977 11.193003 11.494062 
5.639052 10.714739 0.180204 10.671331 0.142562 0.045762 11.422210 11.262208 1.192611 11.367781 10.863194 10.818923 11.021247 0.601104 
5.783635 10.683534 0.100089 10.643111 0.438178 0.165234 11.490065 11.262208 1.194892 11.388029 10.866324 11.133410 0.092219 
6.026972 10.665075 0.149426 10.643628 0.426854 0.106544 0.314119 11.247314 1.028546 11.477083 10.957927 10.786039 0.019984 11.227666 0.088227 10.957217 
6.026972 10.671772 0.148814 10.643628 0.506346 0.068723 0.600381 11.237588 1.220307 11.410338 10.911724 10.583396 0.141810 10.752185 0.050570 
6.026972 10.671772 0.118272 10.643628 0.375282 0.113317 0.373591 11.237588 0.919877 11.394833 10.799682 10.411904 0.704061 11.025928 0.448263 
5.633479 10.841619 0.293880 10.557646 0.249792 0.129084 0.234169 11.332771 1.360086 11.381651 10.951424 10.964996 1.382316 11.270084 10.893769 
5.683842 10.729268 0.453394 10.619836 0.664942 0.017139 0.834902 11.258828 1.666464 11.494254 11.138181 11.045212 0.005078 11.305221 10.856823 
5.920710 10.742298 0.153091 10.541322 0.487621 0.007922 0.695412 11.207817 1.331583 11.400075 10.854860 10.800968 1.074428 11.407794 10.793640 
5.835779 10.883730 0.122900 10.704420 0.460881 0.276382 0.896957 11.194976 1.213193 11.426080 10.983192 10.902653 0.546973 11.383281 10.984731 
5.931566 10.971051 0.097631 10.766631 0.412552 0.192310 10.543607 11.194976 1.566840 11.355548 11.099517 11.172100 0.686002 11.142324 
5.921470 10.900638 0.039208 10.960660 0.289234 0.037601 10.382881 11.176451 1.349517 11.249807 11.063828 11.472385 0.312911 0.898725 
5.831308 10.891871 0.020246 11.013203 0.297374 0.079177 10.402281 11.222782 1.062630 11.428638 10.812539 1.111487 0.424530 
5.669357 10.964026 0.183677 11.040557 0.208939 0.130242 10.647503 11.222782 1.106505 11.473099 11.020068 1.191337 0.116709 
5.721293 11.305176 0.757029 11.087730 0.795736 0.581281 10.620966 11.261786 1.378921 11.308766 11.453409 1.723194 0.231171 
5.612703 11.245707 0.868840 11.087730 0.750544 0.467389 10.842918 11.261786 1.596443 11.425510 11.151187 1.772216 0.535406 
5.648141 11.275594 1.123952 10.888764 0.878229 0.578499 10.848679 11.191956 0.725903 11.264393 11.488013 1.666247 0.502980 
5.698828 11.274970 1.013372 10.928299 1.258595 0.603678 11.104769 11.053934 1.190264 11.414879 11.487328 1.394406 0.114611 
5.951676 10.416308 0.792443 10.734799 1.336428 0.571583 10.870886 11.179010 1.379684 11.432738 10.962753 0.632722 0.185749 
5.571846 11.215738 0.522410 10.650862 1.252490 0.658830 11.217249 11.127819 1.379925 11.344187 11.329733 1.008805 0.164523 
5.641349 11.239707 0.631541 10.937602 1.368540 0.684752 10.934768 11.039899 0.854985 11.484393 11.229732 0.457425 0.511821 0.722254 
5.675648 11.250045 0.182127 10.926780 1.151762 0.774143 10.784025 11.105930 1.428785 11.445697 11.348895 0.769360 0.279158 
5.716221 10.980677 0.176040 11.006868 1.464591 1.271271 10.632571 11.071356 1.477137 11.439961 11.427177 1.120557 0.332217 1.328721 
5.829620 11.146702 0.350707 10.826393 1.361109 1.293583 10.625696 11.178875 1.231523 11.422779 10.996286 1.164816 1.285151 
5.750559 11.237499 0.641129 10.896863 1.727088 0.892286 10.944848 11.066059 1.409159 11.293350 11.113079 0.570450 0.438619 
5.602400 10.988210 0.737017 10.663187 1.787615 0.959974 10.893051 11.130510 1.392330 11.384822 11.240429 1.097518 0.810810 1.580193 
5.663461 11.114123 0.780084 10.680604 1.713642 0.786273 10.859344 10.920029 1.178477 11.430822 11.396192 0.739187 0.895893 0.624679 
5.495176 11.128521 0.281504 10.683426 1.317698 0.853776 11.200813 10.863363 1.403827 11.476980 11.249783 0.828170 0.419555 
5.591729 11.077952 0.724442 10.504191 0.942874 0.722522 11.388163 10.916012 1.189005 11.441773 11.394068 0.054222 0.206231 
5.653236 10.838345 0.496553 10.473937 1.263352 0.919136 11.140598 0.919570 1.033951 11.105059 11.462878 0.893186 10.895185 
5.750166 10.709957 0.497374 10.592757 0.881935 0.675762 11.230042 0.053113 1.466591 11.403275 11.490392 0.930612 11.085477 0.004239 
5.681669 11.361732 0.371405 10.747407 0.549144 0.661062 11.127285 0.703964 1.447842 11.298134 11.457281 1.181764 11.029541 
5.555320 10.920392 0.912880 10.791853 0.065226 0.661062 11.053819 0.771784 1.207908 11.471250 11.176972 0.612946 11.300421 
5.674178 11.131839 0.630998 11.025157 0.034504 0.658152 11.158561 0.825813 1.169776 11.497344 11.305230 0.361789 11.040337 
5.581516 11.148238 10.926790 10.651455 0.308063 0.816845 11.165817 0.935136 1.052935 11.222478 11.316791 0.185070 
5.611689 11.383887 10.930162 10.595976 0.675615 1.048622 11.086895 1.186714 1.372887 11.115508 11.289809 0.274788 
5.313608 11.044772 11.104539 10.698296 1.023551 0.915680 11.312202 1.063129 1.413846 11.400139 11.458371 0.179500 11.302698 
5.417898 11.272563 11.012023 10.734658 0.900221 0.934807 11.327882 1.226481 1.358372 11.305560 11.368525 0.650869 11.011973 
5.425999 11.231886 11.093448 10.699659 0.503556 1.050362 11.363933 1.447868 1.252598 11.225355 11.468866 0.618456 0.333476 
5.259677 11.311980 10.665864 10.938561 0.713784 0.490653 11.421608 1.120798 1.466310 11.262446 11.395016 0.045193 0.051724 5.840948 11.195309 
5.390623 11.162178 10.603650 10.591118 0.436325 0.462959 11.418666 0.855798 1.415804 11.498732 11.333428 1.049595 6.102976 11.284461 
5.133689 11.066344 11.093647 10.768893 0.738544 0.525249 11.277412 0.763726 2.136438 11.258069 11.216149 1.311911 5.821896 1.432331 
4.898650 11.113385 10.490496 10.713438 0.207598 0.110360 11.372635 0.590211 2.572018 11.216643 11.371487 0.877460 6.230016 2.338111 
5.095681 11.134439 10.931551 10.831970 0.112236 0.250923 11.384669 0.532626 2.566769 11.450024 11.422253 1.217479 5.668557 0.188481 0.019614 
4.841002 11.134439 10.641818 10.688929 0.215236 0.602697 0.068342 0.986251 2.528484 10.763049 11.293410 1.450553 5.645349 0.501150 
5.081065 10.971397 10.477538 10.495812 0.613167 0.918322 0.690221 0.960431 2.926515 11.371112 11.364705 1.068368 5.028916 2.550812 
5.260329 11.026622 11.022840 10.769100 0.341111 1.255393 0.245541 1.066167 2.039770 11.051675 11.172975 0.898700 4.799768 2.395987 0.144033 
5.136099 11.113797 11.325066 10.876429 1.207406 0.881924 0.339778 0.877844 2.523348 11.419932 11.172975 1.485217 4.746914 3.985072 0.162913 0.429843 2.564114 0.572960 
5.200941 11.090683 11.221343 10.840842 1.413801 1.034795 0.246848 0.894024 2.378164 11.266952 11.219026 1.353124 5.748592 2.839080 0.153654 3.282042 2.756205 4.893450 3.598413 
5.447150 10.987957 10.801921 10.704810 2.077915 0.956607 0.358109 2.729260 1.776027 11.319451 11.082872 1.136276 4.878123 2.216590 3.569473 1.439448 2.390079 5.168068 5.535841 5.530782 6.195351 
5.122394 10.842027 10.659520 10.364014 1.909939 1.149249 0.265523 1.546504 2.129800 11.223964 11.016167 1.458027 2.713758 1.994589 6.259706 2.351708 3.054456 3.702446 5.961534 6.381964 10.806354 
4.769933 10.884236 10.708325 10.060989 1.007733 1.066597 3.280978 0.141438 2.576573 11.389351 11.088192 0.651688 2.882855 1.412225 6.776000 2.015170 0.485697 11.087381 5.955974 5.690754 11.001680 5.451833 5.382868 10.993912 10.175202 2.863036 
5.066697 10.824675 10.730312 10.581215 0.540675 1.066643 1.208669 11.042971 2.276252 10.986041 11.013472 0.302810 2.286376 1.052963 7.101700 10.235999 0.389595 11.457875 6.360967 5.869940 11.098149 
5.155641 10.890465 10.545225 10.639163 0.889150 0.853867 1.133205 2.090375 11.255289 11.373045 10.963529 0.591604 2.487366 0.568350 7.543892 10.082347 0.138562 10.847622 5.060417 5.900502 11.144987 
5.933556 10.829507 10.502066 5.416202 1.307709 0.413334 1.266634 1.298825 10.111269 11.043223 10.922003 0.903976 3.895917 0.545732 7.045017 10.051633 0.305864 10.883386 5.758460 5.450155 10.503070 10.191984 2.980913 
5.621846 11.446567 9.943253 5.185852 1.115844 0.880673 1.027076 1.177703 10.303185 10.974220 11.458607 0.269808 3.358209 1.335476 7.368287 9.306006 0.352220 10.801344 4.486180 3.593704 10.615025 10.155349 2.165343 6.162072 7.801146 9.907804 
5.965680 10.840370 10.194109 9.841310 1.128260 0.425382 0.918884 1.011815 10.792418 11.320716 10.895413 0.213148 4.232416 1.521230 7.667094 9.324566 0.376909 10.818149 10.273521 5.872826 10.089639 11.223945 2.030738 9.252622 7.623032 10.123457 10.927551 7.733876 10.416543 
5.701088 10.566036 10.247169 5.923313 0.924569 1.532176 0.873227 1.048247 9.390025 10.252667 11.418369 0.449733 4.550077 0.818614 7.993129 9.233126 0.019187 10.963583 9.945204 5.524667 10.920812 11.388475 2.013041 9.061285 7.450293 3.524078 4.639831 
6.274739 10.288035 10.165430 4.097431 0.774592 0.739214 0.627514 1.540527 10.740355 10.670485 0.734872 1.209351 5.744619 1.096471 7.943730 8.796116 0.293563 11.448015 10.525538 6.106460 10.175591 11.328114 4.116860 8.899476 7.704806 2.530988 4.643030 9.563554 11.319394 5.070723 9.841098 10.477618 
6.461116 10.200913 10.076809 6.257970 0.535243 1.123689 0.586496 1.038604 9.418017 8.886611 1.991310 0.536405 5.778184 0.795353 9.135903 11.486948 0.644379 9.768413 10.845630 10.062230 9.923226 11.401001 10.428326 7.885678 8.334432 2.412036 5.748609 10.228722 
6.781666 6.125509 10.085238 7.075251 1.145084 0.763991 0.547143 1.489140 9.916797 9.149643 1.313696 0.613088 5.416784 0.017908 10.488624 9.873615 0.884392 10.447443 11.007764 10.357072 10.329888 11.256016 11.427029 9.988605 7.416956 2.121135 
6.326418 5.765317 11.308370 3.001114 0.727327 1.420348 2.045561 10.204652 10.825606 8.953988 2.607799 0.675847 4.958973 0.448571 2.126116 10.961440 0.915369 10.511704 10.819919 10.267443 10.732249 9.837440 11.419406 10.022359 7.783777 1.510239 0.631804 
5.329107 5.930208 0.670932 3.755448 2.407053 1.230193 1.621705 10.473031 10.464703 10.893215 2.953005 0.430901 3.844546 7.415119 4.186792 11.036716 0.786111 10.416931 11.265053 10.384716 10.851892 9.816413 10.868243 11.428802 
5.584898 6.415173 1.094189 2.260494 3.049950 1.016358 2.883235 11.420014 11.464200 10.872354 1.571985 0.896807 5.676438 7.858036 11.194299 11.192286 1.519599 10.470701 11.452176 10.553536 10.548969 9.393699 10.512568 3.506158 5.799453 10.725541 
5.232117 6.948385 1.463464 1.841701 2.617125 1.113515 2.627478 11.362322 10.253908 3.380030 0.953653 0.347267 5.131200 7.997986 10.407418 10.811401 1.111260 5.520971 11.481144 9.978414 9.636070 9.323156 10.982664 3.904939 5.266122 10.537832 3.708058 3.157304 5.321938 
4.466390 6.636076 1.828489 2.446748 1.998460 1.359993 3.313817 11.193627 10.359385 4.159881 1.849294 1.697416 3.903709 7.596799 11.035262 10.150537 1.262516 4.335264 11.289782 9.819982 9.889620 8.709677 7.527721 3.545408 2.406276 9.100659 3.594988 2.348526 5.611120 4.998729 4.232293 9.926675 
2.747969 7.488723 1.738849 1.300640 1.570213 1.907005 3.371232 11.210268 10.563300 3.898215 11.372455 0.966751 3.607738 8.115000 11.101027 10.329436 2.012294 4.097751 11.350378 9.405584 9.619417 8.528993 0.476786 2.156847 3.392632 9.416594 5.266915 4.693075 5.616108 4.372752 3.827656 
1.181524 7.734038 1.094661 1.213184 3.304809 1.604242 3.637952 11.214784 10.639615 3.515851 9.720545 3.009646 3.957377 7.061259 11.142867 10.933055 2.648147 5.425829 11.306825 9.318810 10.478363 8.989234 0.750743 2.754099 3.463788 9.386855 4.841345 4.830344 6.027994 4.231156 4.038646 1.257894 1.954999 10.099104 
0.233805 7.408475 1.435135 1.739204 4.308092 1.861332 11.219089 10.385997 10.695060 3.334138 10.099364 2.176885 3.944928 6.260576 10.591139 10.887990 1.834949 5.806072 11.488772 9.590778 10.212374 9.156842 0.721292 2.150052 3.481770 6.947404 9.626791 3.801779 4.943257 3.363224 4.504458 0.791614 2.393791 10.360380 2.139582 
0.008972 7.219699 1.615970 2.262655 5.916313 1.686948 10.313544 10.641205 10.047499 3.122330 9.493523 2.432099 1.783206 2.013044 11.366761 9.765350 0.311945 5.345177 11.436513 8.945606 10.317363 9.100609 1.792669 1.603815 3.036671 8.611116 9.407072 10.942706 3.805639 2.625768 4.842185 0.740366 1.491800 
1.177532 6.887896 10.943725 2.697727 5.892422 1.501179 10.247657 10.745941 10.198501 2.739382 9.543836 2.100649 4.145319 0.970185 5.679451 10.528029 0.468174 4.069728 11.476808 9.605114 10.328481 8.762822 2.559223 0.529975 0.212463 7.993504 9.608775 3.563952 0.152513 2.369072 10.565370 
2.714249 7.004116 11.256862 0.044834 6.081231 1.703492 10.190524 10.479851 9.706881 1.504639 9.440431 2.616354 3.209189 1.388596 3.776636 8.528012 0.179488 4.003102 11.392629 9.578097 11.390468 9.276623 3.642615 1.385253 1.099310 7.440159 9.285668 3.037989 2.153816 3.369478 10.572889 2.893443 8.646793 
3.240320 7.489692 11.465429 3.150047 5.027492 1.843629 10.888013 11.352060 9.602156 2.383984 9.549820 2.800791 2.751948 1.566687 4.333574 7.973629 0.030432 5.607791 11.215841 9.009160 10.979970 9.190065 2.295125 0.587204 1.585563 8.961685 9.568034 3.236240 0.912133 2.911436 10.307247 3.452890 8.563130 9.318169 
3.180677 7.039124 10.133378 2.942298 5.080645 0.904607 10.415850 11.067586 9.830747 1.047728 10.148429 2.784984 4.089447 0.518046 4.581813 8.498122 0.401516 5.688316 10.927158 8.852272 8.666567 9.171103 2.649082 0.817661 0.906892 8.694755 1.167683 8.971037 1.618138 2.909843 10.037127 1.728440 10.343627 0.128287 
2.930433 7.438403 11.285942 3.575860 6.555231 0.571951 10.570120 10.632382 9.302614 1.229038 9.953706 0.917539 3.821285 0.449958 4.835057 7.641464 0.239759 5.702681 10.721856 9.499879 8.500361 9.147875 0.629355 0.007343 3.728698 8.429496 1.401062 10.336464 2.416681 4.172996 9.608424 8.958892 
2.644737 6.737989 9.995507 6.058252 6.405112 0.797699 10.601249 11.185312 9.572600 1.433752 9.821579 0.602528 0.314181 0.992898 4.468640 8.227699 0.304103 6.240079 11.459094 9.594467 4.265666 9.139549 2.194187 0.720590 2.906985 9.341819 11.358997 11.120515 2.116307 0.457339 8.146291 3.856168 0.034317 0.225153 2.590160 0.280954 
2.201243 6.872931 9.239841 6.406175 5.356165 1.163693 10.725443 10.914228 9.700466 1.683083 9.805556 1.117508 0.807011 0.179883 3.962615 8.986039 0.679367 4.895795 11.148523 9.236177 2.177655 9.509066 1.998814 0.898506 2.733256 10.632260 11.388263 9.260879 2.920167 7.100603 10.126553 4.318988 3.113816 0.422807 11.420267 
2.350271 7.014735 10.368907 6.896520 2.625006 1.087080 10.119750 11.112859 10.559303 0.983235 10.085974 1.348214 1.228956 2.182231 5.283813 8.307370 0.201060 4.368343 10.905172 9.778712 2.841266 9.744298 2.263104 0.284922 2.035387 9.136926 10.650329 8.832142 2.216018 6.092509 5.621574 5.458871 4.960735 2.608725 2.008671 1.715811 9.932946 1.298053 
2.300294 6.343856 2.595918 9.549763 3.123355 2.164534 10.138258 9.311066 9.585690 1.575282 10.129850 1.567697 6.008168 2.237339 2.781892 9.039646 1.117186 3.285284 9.315580 9.815488 3.397106 2.242453 1.097334 0.832979 1.847292 0.356631 10.483162 9.734862 0.697296 8.192766 6.790087 7.029707 4.810937 7.095293 1.676072 0.164792 
0.971410 7.105371 4.794132 8.807909 9.332488 2.182605 10.057286 8.857499 9.844760 1.977594 9.750861 2.002232 6.378344 1.478237 2.730873 7.774154 1.513245 3.080923 8.775103 9.684485 3.411455 1.390437 1.440502 3.722984 1.192888 1.060573 10.235721 9.052589 0.647389 8.599585 6.591679 7.758389 3.855533 8.123635 1.832339 0.026706 
2.010406 4.580858 5.251762 9.520233 9.197534 3.837201 10.204077 1.148980 9.882039 0.831823 9.694189 0.971805 6.687608 1.386643 2.465582 7.558066 4.013844 4.849498 1.928047 9.746661 2.380970 0.345853 2.415602 5.462587 1.386723 0.815708 11.126959 7.245613 0.131969 7.585654 6.146782 8.144561 3.027291 9.212752 7.228225 
2.988790 10.457310 4.501665 8.359251 10.970919 9.302432 10.136547 0.718390 9.652084 0.828341 8.514062 0.969663 5.111752 1.875844 7.884492 9.437430 3.466501 3.779963 4.120041 9.825237 8.577488 0.951291 2.288699 4.601342 0.743628 0.747764 10.768435 7.902561 1.781930 9.168460 5.784125 0.352967 
3.978561 11.361359 6.974194 8.600438 10.795170 10.202175 10.107138 0.489534 9.740401 1.282529 9.176766 0.837230 4.987373 1.656528 6.157297 8.966717 3.217640 9.822022 5.375768 10.551142 9.057012 1.455013 3.618975 4.442478 0.060783 0.541676 10.921492 7.208929 4.141026 10.974877 5.918467 2.701199 3.639237 9.409439 0.872662 3.299634 
3.322120 9.622406 8.463164 9.776469 8.663409 10.831064 10.127550 0.535294 9.574829 0.131213 8.423919 1.312612 8.563376 2.908897 3.857787 9.481716 5.737522 9.436589 5.562706 9.446468 9.033572 1.746749 3.094174 5.248465 1.185145 1.514894 10.689726 5.981787 5.401242 9.609045 4.689694 3.204772 3.765904 9.598421 8.606589 3.098167 5.913864 6.845465 4.071024 3.150598 
