0.139750 0.362838
0.140681 0.208025
0.131408 0.233190
0.155985 0.262017
0.106154 0.420830
0.142454 0.563300
0.145833 0.244258
0.128754 0.299600
0.159415 0.218380
0.155950 0.278038
0.160782 0.387103
0.181809 0.336538
0.270125 0.255369
0.248676 0.614306
0.226831 0.175077
0.258025 0.332326
0.236117 0.235352
0.223171 0.630636
0.230237 0.432833
0.241638 0.793407
0.216677 0.579135
0.191466 0.640845
0.173170 0.886892
0.194160 0.146484
0.183758 0.370524
0.175871 0.481164
0.180995 0.451407
0.152450 0.371323
0.180626 0.264480
0.132089 0.479869
0.165109 0.265276
0.161366 0.377868
0.149722 0.376868
0.180507 0.360500
0.155412 0.337481
0.152066 0.258726
0.151803 0.451632
0.138314 0.446638
0.133692 0.301813
0.117747 0.314658
0.095045 0.351009
0.050402 0.409261
0.068005 0.489767
0.143639 0.317350
0.083523 0.467205
0.095800 0.417542
0.186498 0.374866
0.209169 0.328262
0.259558 0.307477
0.193411 0.396477
0.212444 0.341235
0.238166 0.328463
0.282221 0.468123
0.306941 0.454812
0.337144 0.291822
0.395988 0.408000
0.416727 0.337658
0.437520 0.339974
0.431791 0.277412
0.461541 0.299138
0.436500 0.316135
0.401192 0.378954
0.389836 0.246281
0.383202 0.368047
0.400333 0.389475
0.399679 0.361694
0.410105 0.369989
0.398800 0.308261
0.392216 0.240122
0.351292 0.327573
0.356350 0.369456
0.360584 0.329164
0.392845 0.212059
0.397698 0.328897
0.409110 0.319696
0.440378 0.276745
0.407011 0.422105
0.365554 0.430447
0.331951 0.187835
0.290094 0.227887
0.309898 0.232299
0.382493 0.268715
0.407662 0.256878
0.377139 0.321239
0.351674 0.233240
0.374109 0.269191
0.381933 0.317727
0.402332 0.320182
0.422769 0.300858
0.473274 0.728549
0.430480 0.294809
0.431778 0.313595
0.439117 0.226513
0.463525 0.221213
0.450672 0.312764
0.436114 0.317879
0.413077 0.303393
0.431685 0.352450
0.392190 0.406969
0.402018 0.345907
