0.958412 0.880368 0.969859 0.847644 0.992575 0.962341 
0.953961 0.874699 0.978575 0.858129 0.996612 0.958749 
0.948398 0.891984 0.982089 0.809196 1.012126 0.966329 
0.966940 0.878460 0.989446 0.819528 1.015630 0.965228 
0.969850 0.909546 0.988211 0.839349 1.018825 0.954511 
0.959922 0.904729 0.994967 0.832302 1.019391 0.977028 0.935251 
0.958859 0.902640 0.988789 0.883752 1.013979 0.966742 
0.970769 0.884415 0.985799 0.871713 1.010877 0.965493 
0.958011 0.898147 0.986363 0.842470 1.014256 0.967528 
0.975296 0.894506 0.990467 0.831482 1.014706 0.976932 
0.940115 0.894262 0.980400 0.844378 1.001158 0.966857 
0.962358 0.911752 0.975439 0.853892 0.994484 0.964652 1.000173 
0.941298 0.905897 0.966028 0.825803 0.997216 0.963635 
0.942948 0.900194 0.961165 0.841064 0.984304 0.946123 
0.923419 0.887124 0.946518 0.816007 0.969207 0.932164 
0.905923 0.874130 0.926534 0.799871 0.956375 0.938457 
0.888995 0.871930 0.912646 0.810845 0.945351 0.916903 
0.920081 0.874733 0.921874 0.811963 0.944006 0.919546 
0.918236 0.868601 0.940588 0.812380 0.970527 0.921339 
0.914898 0.873739 0.926075 0.816340 0.960426 0.942692 
0.924786 0.884312 0.939880 0.806481 0.960046 0.935289 0.889203 
0.926652 0.874797 0.920584 0.796062 0.963842 0.923425 
0.926369 0.877066 0.924132 0.831917 0.977251 0.944390 0.864728 1.001975 
0.930303 0.860027 0.914468 0.807421 0.967943 0.932379 0.978257 
0.921738 0.836959 0.903259 0.802169 0.960178 0.924236 0.933734 
0.918527 0.858139 0.898635 0.795535 0.972242 0.939237 0.964939 
0.905529 0.868507 0.906271 0.815636 0.965963 0.938931 0.852852 
0.920281 0.851324 0.917003 0.817703 0.961159 0.933784 
0.913720 0.847649 0.908070 0.814582 0.970580 0.941189 
0.910794 0.841111 0.892714 0.811607 0.959709 0.935404 
0.894406 0.864476 0.884880 0.828303 0.957968 0.922675 
0.904846 0.844116 0.895995 0.831202 0.954422 0.924643 
0.923429 0.857209 0.905440 0.800068 0.966547 0.932404 
0.917676 0.865276 0.900760 0.806329 0.965063 0.930231 
0.912922 0.845038 0.899187 0.821131 0.958741 0.927093 
0.903973 0.846427 0.885730 0.815154 0.951321 0.914797 0.918877 
0.879508 0.837362 0.897603 0.798900 0.948049 0.919273 0.917394 
0.902151 0.847323 0.889485 0.796745 0.946349 0.921123 0.928470 
0.914641 0.853680 0.892988 0.819742 0.950340 0.957129 0.936261 
0.906101 0.855180 0.911903 0.800408 0.952356 0.926712 0.914609 0.930526 
0.897539 0.857387 0.923874 0.812783 0.970343 0.942652 0.940077 0.934935 
0.921422 0.857636 0.916148 0.809347 0.981303 0.948842 0.964990 0.953150 
0.909234 0.845261 0.911337 0.807398 0.957332 0.928946 0.941043 0.943473 
0.902581 0.843885 0.901063 0.807400 0.957122 0.931217 0.948695 0.935605 0.873617 
0.913831 0.840181 0.917317 0.802548 0.967576 0.922233 0.967476 0.945319 
0.893441 0.869486 0.909466 0.816385 0.964544 0.928206 0.939926 0.938958 
0.912956 0.850422 0.895664 0.826682 0.972688 0.928591 0.963324 0.959388 
0.910625 0.861084 0.913799 0.807697 0.971740 0.942451 0.958208 0.949470 
0.956774 0.886610 0.946029 0.819222 1.016270 0.974312 0.983038 0.987376 
0.949615 0.902153 0.967591 0.893908 1.015822 0.983657 0.987817 1.003053 0.824182 
0.948039 0.883119 0.947036 0.973773 1.011267 0.954075 0.836019 0.971459 0.799624 0.991544 0.832740 
0.917373 0.871621 0.924492 0.943001 0.994250 0.957094 0.824203 0.967202 0.984826 
0.939594 0.850369 0.925351 0.940835 0.993622 0.945850 0.801511 0.952290 0.981686 0.985952 
0.916511 0.858411 0.901354 0.926750 0.978802 0.930589 0.826796 0.966034 0.958842 
0.919401 0.850335 0.894055 0.939388 0.981745 0.935002 0.810234 0.956498 0.969210 
0.887716 0.845211 0.892804 0.922118 0.969493 0.924263 0.813389 0.951655 0.956682 0.958790 
0.916493 0.838348 0.902807 0.935957 0.976420 0.932607 0.796147 0.939518 0.971931 
0.923738 0.835895 0.890393 0.944517 0.966674 0.919584 0.811847 0.968128 0.948222 
0.896876 0.818338 0.886964 0.913880 0.955097 0.914294 0.795540 0.915365 0.940555 
0.897484 0.815728 0.878711 0.920354 0.951255 0.918074 0.798119 0.927835 0.933354 0.964153 
0.876722 0.825071 0.875621 0.911149 0.945303 0.907059 0.795679 0.921740 0.938556 
0.895715 0.824147 0.872111 0.903673 0.942837 0.911797 0.798371 0.934822 0.910128 0.935769 
0.897847 0.839397 0.881566 0.915164 0.943974 0.913819 0.794713 0.944412 0.941162 
0.882028 0.842954 0.876673 0.917749 0.952610 0.906980 0.797232 0.936020 0.918345 0.939756 
0.889165 0.824814 0.886467 0.910739 0.949355 0.908283 0.819401 0.941246 0.929424 
0.911832 0.838897 0.908552 0.947404 0.966402 0.924717 0.799629 0.922490 0.951199 0.956537 
0.908516 0.844017 0.902474 0.924505 0.965690 0.926203 0.810162 0.929686 0.956029 
0.915674 0.848864 0.879007 0.920890 0.973268 0.927916 0.804883 0.956123 0.959026 
0.907894 0.859424 0.894212 0.944352 0.975948 0.931928 0.810461 0.920564 0.972513 
0.918056 0.856502 0.895910 0.936187 0.977260 0.932569 0.808757 0.958357 0.961101 0.966704 
0.904264 0.840652 0.900028 0.932837 0.976792 0.934264 0.795186 0.960101 0.944177 
0.896008 0.845372 0.900081 0.922550 0.918610 0.926760 0.813543 0.943003 0.922014 0.962276 0.952405 
0.891954 0.841080 0.888657 0.929245 0.937645 0.916713 0.818925 1.107026 0.948883 0.973708 0.950726 0.933232 
0.901112 0.837038 0.894379 0.931595 0.916438 0.927347 0.823164 0.969237 0.949632 0.949785 0.819674 0.959861 
0.901112 0.851182 0.905962 0.918090 0.960092 0.942513 0.819239 0.967154 0.853116 0.938540 0.926819 0.991540 0.882371 
0.913488 0.863862 0.912210 0.937334 0.861354 0.943710 0.799291 0.962195 0.996174 0.962223 0.942356 
0.920082 0.846441 0.918515 0.927190 0.894740 0.947823 0.821053 0.970245 0.976871 0.942362 
0.929247 0.849907 0.905016 0.939757 0.867732 0.936101 0.805849 0.960459 0.968396 0.982442 0.952680 
0.924204 0.847947 0.901864 0.934840 0.875767 0.937834 0.795432 0.962912 0.968178 0.979437 
0.904967 0.841092 0.898089 0.945799 0.863498 0.930251 0.798314 0.965826 0.937042 0.976532 
0.919011 0.846595 0.900343 0.933132 0.870240 0.936125 0.827023 0.971688 0.951409 0.978862 
0.903632 0.856234 0.910120 0.935612 0.871958 0.945486 0.805023 0.964630 0.959472 0.979807 
0.906164 0.855688 0.908746 0.941081 0.876391 0.940707 0.794520 0.957027 0.952673 0.981263 
0.928841 0.875851 0.919018 0.955976 0.889530 0.952910 0.822418 0.983628 0.956133 0.987218 0.949285 0.935677 
0.951851 0.859910 0.925140 0.939051 0.897422 0.958267 0.826455 0.848235 0.967323 1.000124 0.939421 0.981576 0.972251 0.866619 
0.930194 0.875998 0.914784 0.951748 0.880639 0.954904 0.839950 0.976960 0.980223 0.996286 0.957583 
0.939594 0.867641 0.918994 0.907498 0.909337 0.956378 0.831442 0.977316 0.953897 1.014019 0.960535 0.978713 
0.942487 0.894715 0.945222 0.967998 0.899886 0.974235 0.795122 1.004563 0.990502 0.998198 1.023355 0.995998 
0.964579 0.877877 0.927588 0.972246 0.897823 0.975580 0.816551 1.001161 0.974229 1.030015 1.018801 
0.951058 0.889538 0.943087 0.963940 0.918876 0.980572 0.803310 0.982715 0.980863 1.005171 1.009555 0.929616 
0.942209 0.876006 0.937156 0.973275 0.937985 0.979928 0.803865 0.972868 0.996822 1.017592 
0.953445 0.884799 0.946726 0.979351 0.928167 0.982097 0.803426 0.987466 1.005477 1.009344 
0.976872 0.903532 0.942029 0.988936 0.919735 0.983581 0.815665 1.004908 1.032413 1.021764 1.006993 1.021517 
1.018099 0.904762 0.951555 1.004025 0.916930 0.996035 0.836621 1.000464 0.984459 1.033278 
1.012024 0.916862 0.958748 0.992830 0.915840 0.994471 0.820985 1.007393 0.979365 1.028585 
1.034899 0.908689 0.974049 0.988947 0.936256 0.988453 0.807056 1.008493 0.982820 1.030171 1.001232 
1.042537 0.904758 0.983238 1.028555 0.933778 1.012716 0.799201 1.033181 0.982900 1.074453 1.012259 1.039553 
1.046364 0.916893 0.967337 0.985703 0.949402 1.003977 0.801426 1.007615 0.987161 1.039543 1.008442 1.001906 
1.052772 0.910151 0.972908 0.990968 0.905011 0.999882 0.828439 1.012564 0.987771 1.050239 1.010239 1.008493 0.879975 
1.022145 0.880404 0.951407 0.967350 0.928687 0.989762 0.811052 1.023165 0.965066 1.021025 0.994825 1.001931 
