5.700312 5.713844 6.072317 5.913525 5.180085 5.535192 
5.945253 5.713844 5.763083 5.802080 5.771554 5.535192 
5.892165 5.700052 5.384061 5.360219 5.763661 5.667204 
5.914238 5.700052 4.962608 5.264922 5.480057 5.667204 
5.952787 5.700052 5.408058 5.694392 5.555402 5.658191 
6.055792 5.700052 5.381436 5.332121 5.598667 5.658191 5.852602 
5.894462 5.700052 5.314105 5.351968 5.752781 5.658191 
5.894462 5.700052 5.639827 5.770895 5.499139 5.658191 
6.044034 5.680561 5.610455 5.850153 5.494545 5.658191 
5.914835 5.680561 5.757342 5.996751 5.459890 5.658191 
5.655714 5.634788 5.746205 5.704407 5.273783 5.577986 
5.881202 5.646724 5.463029 5.712789 5.352977 5.386443 0.663206 
5.745460 5.598825 5.469536 5.427850 4.596513 5.450427 
5.653722 5.592995 5.039874 5.182635 4.766607 5.450427 
5.413773 5.632629 5.075433 5.053628 4.934166 5.450427 
5.453869 5.630801 5.048579 5.148410 5.137087 5.281519 
5.885246 5.630801 4.913934 5.007714 5.106638 5.281519 
5.994384 5.630801 4.956583 5.359140 4.487851 5.768670 
5.633287 5.630801 4.956583 5.265930 5.514502 5.673358 
5.680703 5.630801 4.929285 4.774843 4.989029 5.420254 
5.254187 5.630801 5.140979 5.284601 4.744186 5.247649 5.460508 
5.485506 5.630801 5.399782 5.405618 4.924897 5.247649 
5.878332 5.627703 5.601652 5.742403 5.533740 5.214109 6.087216 5.425252 
5.878332 5.627703 5.601652 5.939581 5.533740 5.418329 5.839165 
6.052822 5.625912 5.601652 5.668032 5.533740 5.418329 5.565876 
6.017002 5.623490 5.601652 5.728166 4.674166 5.454234 5.767118 
6.069177 5.623490 5.601652 5.942813 4.713179 5.408804 6.037713 
6.069177 5.623490 5.607916 5.720222 5.122777 5.408804 
5.985325 5.623490 5.607916 5.760491 5.019106 5.408804 
5.985325 5.623525 5.607916 5.371379 5.019106 5.408804 
5.856470 5.623525 5.607916 6.084318 4.871699 5.503775 
6.000996 5.623525 5.607916 5.451932 4.871699 5.452532 
6.050509 5.623525 5.583728 5.959082 4.931580 5.452532 
6.093279 5.657703 5.583728 6.097040 4.931580 5.452532 
5.811530 5.657703 5.583728 5.747379 4.847337 5.482588 
6.033275 5.657703 5.583728 5.445054 4.912302 5.583392 5.231163 
5.676947 5.657703 5.583728 5.887491 5.488690 5.583392 5.714207 
5.851753 5.657703 5.583728 6.016213 5.128223 5.583392 5.686034 
5.806960 5.657703 5.583728 5.880595 5.354088 5.583392 5.503005 
5.885186 5.657703 5.583728 5.676583 5.385695 5.522677 5.921133 5.630382 
5.933728 5.657703 5.575045 6.002211 4.931114 5.765716 5.300888 5.154319 
5.919923 5.657703 5.600853 5.508508 4.665687 5.514510 5.493494 4.517348 
6.008844 5.657703 5.600853 5.459913 4.380320 5.350157 5.510498 4.124858 
5.944989 5.657703 5.588396 5.217070 3.896208 5.695230 5.674266 4.331418 6.017923 
4.793402 5.657703 5.588396 4.938618 4.045460 5.504399 4.825088 4.331418 
6.059773 5.657703 5.588396 5.103213 3.958248 5.520098 5.061672 4.331418 
6.002233 5.657703 5.588396 5.499020 4.389459 5.520098 5.486366 4.545155 
5.832089 5.657703 5.588396 5.196389 4.446275 5.520098 5.192667 4.869472 
4.831140 5.657703 5.588396 5.347736 4.132298 5.520098 6.029029 4.396347 
4.647186 5.649083 5.641047 5.706608 4.229252 5.497972 5.280589 4.396347 5.609764 
6.091732 5.649083 5.641047 2.260910 3.236284 5.492625 5.995557 5.872875 5.436590 5.477003 5.601508 
5.803831 5.649083 5.641047 0.141835 1.283296 5.464387 5.585719 5.540136 5.204176 
5.830564 5.649083 5.641047 0.890184 1.307139 5.582861 5.525770 5.833220 5.025922 4.076083 
5.775254 5.649083 5.641047 0.670957 1.565236 5.506274 5.646684 5.611147 5.078465 
5.664147 5.649083 5.641047 0.830194 1.880048 5.506274 4.922865 4.935500 4.831056 
6.012417 5.649083 5.641047 0.830194 1.880048 5.506274 5.450995 5.266649 5.309388 5.296677 
5.872297 5.649083 5.641047 0.816500 1.880048 5.619643 5.651571 5.437185 5.172771 
5.434141 5.649745 5.641047 1.095715 1.736638 5.653495 5.730486 5.619816 5.033524 
4.883909 5.649745 5.641047 1.095715 1.736638 5.590564 5.662086 5.432865 4.730368 
5.701819 5.649745 5.641047 1.095715 1.833600 5.590564 5.397148 4.727891 4.815390 2.832033 
6.039479 5.649745 5.641047 0.643280 2.147074 5.590564 5.439540 5.067688 4.412009 
5.551393 5.649745 5.641047 0.022855 1.942051 5.590564 5.802905 5.088129 5.097616 4.256180 
5.525232 5.649745 5.627822 0.457716 2.625365 5.590564 5.504963 5.305706 5.537997 
5.664528 5.649745 5.627822 0.020440 1.937167 5.382242 5.422533 5.493030 5.594516 5.500155 
4.931693 5.649745 5.627822 0.180636 1.424657 5.599020 5.940207 4.763937 5.625118 
5.987710 5.649745 5.627822 1.220086 1.319553 5.645116 5.293642 5.653209 4.687573 5.548560 
5.996616 5.649745 5.627822 1.161028 1.755481 5.643246 5.849431 5.535598 5.114304 
5.856114 5.649745 5.627822 1.161028 1.755481 5.505994 5.800742 5.631202 5.155566 
5.967137 5.649745 5.627822 0.947591 1.805389 5.377538 5.520650 5.964104 5.472452 
5.010969 5.649745 5.627822 0.947591 1.805389 5.596069 5.779833 5.805502 5.160857 4.215763 
5.938080 5.634698 5.627822 0.198530 1.745238 5.596069 5.974506 5.227387 5.456577 
5.844448 5.634698 5.627822 0.114430 3.143045 5.593417 5.319489 5.170433 5.110724 2.439622 4.036505 
5.498247 5.636676 5.627822 0.024061 5.288917 5.593417 5.090690 3.018247 5.037999 2.977113 4.078482 3.224271 
5.641555 5.636676 5.627822 0.024061 4.399715 5.593417 4.455595 2.938586 5.220784 4.445406 4.609056 5.372294 
5.466607 5.636676 5.627822 0.081324 4.828602 5.593417 4.273662 4.733905 5.912472 2.736927 5.010251 2.522594 5.652077 
6.054885 5.636676 5.627822 0.082798 5.034792 5.593417 4.657176 5.551361 2.068404 3.621209 5.069116 
6.004877 5.641173 5.627822 0.555980 5.078222 5.593417 4.340397 5.342329 1.230543 4.432901 
6.082234 5.641173 5.627822 1.949393 5.142027 5.593417 4.340397 5.512971 3.418725 2.906722 4.461335 
5.572047 5.641173 5.627822 0.613041 5.142027 5.593417 4.448961 5.188246 4.670075 2.332524 
5.837456 5.641173 5.627822 0.613041 5.142027 5.593417 4.799994 5.540925 5.208586 1.996402 
5.937147 5.641173 5.627822 0.811765 5.142027 5.593417 4.764240 4.548669 5.290156 1.853236 
5.850567 5.641173 5.627822 0.282387 4.626893 5.593417 4.309727 5.107609 4.227975 2.101157 
5.781870 5.641173 5.627822 0.347115 4.931394 5.593417 4.337112 5.099470 4.506808 2.560373 
5.911329 5.641173 5.627822 0.458409 5.160994 5.593417 4.700803 5.051785 4.919354 2.160511 5.946238 0.115414 
5.427632 5.641173 5.627822 0.400394 5.039931 5.593417 4.986167 5.228886 5.348708 1.967921 5.849851 4.654671 2.178364 5.766994 
5.948861 5.632716 5.627822 0.545943 5.039931 5.593417 4.986167 5.061478 4.998597 1.941166 0.847632 
5.573108 5.632716 5.627822 0.121010 5.057388 5.621119 4.698146 5.023071 4.645430 2.213421 0.355300 2.424420 
5.597110 5.632716 5.627822 0.396051 5.090956 5.621119 4.400677 4.904914 4.854559 1.884172 2.007047 4.285128 
4.956413 5.632716 5.627822 0.904649 5.090956 5.621119 4.344926 4.755529 4.437280 4.219032 1.788725 
5.449405 5.632716 5.627822 1.003431 5.090956 5.646655 4.555975 4.502289 5.839136 5.263310 1.941311 5.968331 
5.363217 5.632716 5.627822 0.561055 5.021848 5.646655 4.585182 4.580841 5.057599 2.226466 
5.397854 5.632716 5.627822 0.520023 5.021848 5.646655 4.641140 4.445115 4.494103 2.226466 
3.767746 5.632716 5.627822 2.056763 5.047317 5.646655 4.662484 4.875901 3.312423 2.723658 2.783607 2.316456 
3.294231 5.632716 5.627822 0.445318 5.047317 5.649740 4.617069 4.578086 3.308835 2.161453 
3.304168 5.632716 5.627822 0.445318 5.047317 5.649740 4.773964 4.719467 3.308835 2.018103 
4.124153 5.632716 5.627822 0.200890 5.047317 5.649740 4.821715 4.994908 4.214879 1.294148 5.289808 
4.124153 5.632716 5.627822 0.240279 5.362147 5.592676 5.066849 4.698637 4.128063 2.178536 5.889073 1.594404 
4.124153 5.632716 5.627822 0.385556 5.362147 5.592676 5.124878 4.875394 4.131408 1.164986 5.885663 0.823132 
4.114546 5.632716 5.627822 0.286765 5.362147 5.703196 4.508105 5.116707 4.123054 1.377357 5.729040 1.759068 5.662902 
4.114546 5.640988 5.627822 0.277562 5.172844 5.667500 4.690203 5.429725 4.123054 0.716565 5.740025 0.644403 
