1.883843 5.152041 10.909647 11.376936 0.294319 6.441842 0.194911 6.196100 8.622961 0.399589 6.497928 8.204183 2.779364 7.275096 5.566906 
2.263519 4.855762 10.909647 11.376936 3.356369 6.359546 0.185084 6.452974 8.550405 0.370169 6.554419 3.596382 7.289667 
2.360700 6.259175 10.881120 11.469972 7.802988 6.259777 0.111955 6.568419 8.576372 0.342653 6.641772 
2.476854 6.153262 10.881120 11.489688 7.177198 6.859558 0.070467 6.693748 8.159309 0.285200 7.004936 
2.565537 5.661682 10.798596 11.489688 7.495290 8.592659 0.158909 6.693748 8.159309 0.368271 6.954889 6.476326 6.885998 
2.162872 3.399086 10.798596 11.489688 7.052695 6.454232 0.495282 6.637329 8.159309 0.368271 6.934945 4.309477 4.329826 2.343708 0.001271 
2.662513 2.747595 11.035069 11.489688 8.061525 6.997308 0.319073 6.864683 8.160409 0.226072 6.929119 6.288599 3.876585 
2.636557 3.071403 11.035069 11.489688 7.488033 6.806517 0.195984 6.640318 8.148408 0.341304 7.276035 5.273715 6.056214 6.165928 
2.777736 2.938011 11.035069 11.489688 7.864647 6.783216 0.083727 6.277613 8.535556 0.087848 7.047652 5.203306 6.340117 
2.777736 2.847088 11.190020 11.489688 6.304677 8.138068 0.071057 6.256666 9.009271 0.164953 6.808907 3.373965 
2.777736 2.847381 10.870007 11.489688 6.627947 6.753446 0.360437 7.833629 8.773070 0.164953 6.750475 5.472885 5.931815 10.538801 
2.463779 2.644568 10.813782 11.413656 6.396487 7.231118 0.438650 9.370110 9.333244 0.545516 7.015488 5.237256 
2.555591 1.149765 8.494220 11.288652 6.380666 9.150605 0.378034 8.149538 8.731230 0.019751 9.812990 4.835598 7.364968 7.438877 10.150365 
2.536829 1.084722 7.019044 11.067336 6.596884 8.579950 0.435585 8.209582 8.303655 0.495304 9.368701 4.989301 6.616487 5.003252 
2.329478 2.520734 6.434100 11.154964 6.592470 9.322065 0.421725 7.329006 8.526774 0.218612 10.801618 4.494165 
1.878444 3.027664 6.726373 11.044162 6.218631 9.206170 4.884025 6.819446 6.769783 0.419171 9.691412 
1.878444 2.924116 6.778769 11.007604 7.525347 9.157128 4.737186 6.852799 6.355422 0.810716 10.191675 
1.878444 3.247075 6.234961 11.007604 7.508798 9.198479 3.969531 6.433824 6.180064 0.787045 9.764427 
1.878444 3.134029 6.407190 10.511159 7.276946 8.728727 5.137313 6.366578 6.205176 0.481836 9.928629 2.010637 8.140090 
1.756811 3.120656 6.257136 11.019619 7.401717 9.461863 5.204580 6.918047 6.148451 0.131058 9.765039 
1.909460 2.264882 6.651586 10.731803 6.899494 9.325052 5.231663 7.056223 6.075209 0.131058 9.887776 
1.763040 2.307854 10.457966 11.444931 7.896097 8.466473 5.502224 6.920720 6.130710 0.112073 
1.752806 2.125311 10.853569 11.354358 7.333397 8.289426 6.051262 6.507439 6.096658 0.113105 6.541966 
1.872775 2.552595 10.853569 11.354358 7.340147 8.464325 6.157041 6.319441 6.096658 0.113105 6.391479 
1.926411 6.900218 11.033565 11.354358 7.346645 8.464325 6.304613 0.223148 6.011516 
1.937351 6.492931 11.033565 11.267192 7.004412 8.464325 5.924668 0.373487 5.859497 6.728477 
1.937351 6.508535 11.033565 11.267192 7.495246 8.280068 6.066794 0.373487 5.882071 6.673411 7.188027 
2.009541 7.391846 11.033565 11.267192 5.796047 8.368751 6.210555 0.671223 5.771062 6.486225 
2.009541 7.813036 11.033565 11.267192 5.935803 8.631796 7.119236 0.449490 5.891781 6.687802 
2.039112 9.332592 11.033565 11.267192 5.683950 8.251349 6.184839 0.548939 6.105709 7.361571 
2.153092 7.124667 11.020928 11.267192 6.390127 8.335791 6.478923 0.179542 5.834880 7.521677 
2.386620 5.733503 11.020928 11.267192 5.886266 8.580092 7.250655 0.121393 8.105218 5.680548 
2.386620 7.985226 11.020928 11.267192 5.269773 8.580092 6.792088 0.247426 8.999554 5.775805 7.062206 
2.363010 5.948603 11.020928 11.267192 6.262128 8.580092 6.352596 0.197712 7.755960 5.887635 
2.281359 5.937349 11.020928 11.267192 5.939396 8.637998 6.720387 0.206906 8.186617 6.750256 
2.281359 5.824286 11.020928 11.267192 4.016642 8.569039 6.213489 0.083032 6.871979 5.873298 5.602330 7.186599 
2.221705 6.010091 11.020928 11.267192 3.048844 8.569039 6.650613 0.436149 7.753301 6.148463 5.740065 
2.360287 5.774219 11.020928 11.438996 1.616936 8.569039 6.835516 0.921944 7.209239 5.532419 5.211333 0.322655 
2.360287 5.671746 11.069860 11.438996 2.945688 8.378788 6.433929 0.776369 7.523169 6.015469 5.899780 0.051570 
2.560689 6.111131 11.081060 11.438996 0.205419 8.878968 6.425101 1.759346 8.010288 0.111689 5.394984 5.910986 
2.560689 5.905946 11.081060 11.384724 0.155358 8.505499 6.417197 2.101766 5.761893 0.018041 6.032239 8.083985 
2.560689 6.064644 11.081060 11.384724 0.155358 7.412731 6.361910 3.678777 4.176905 0.018041 5.864435 7.207394 
2.560689 6.027326 10.850665 11.384724 0.155358 9.053784 6.977171 3.462009 5.013716 0.017173 5.294127 7.972885 
2.560689 7.189588 10.417988 11.471838 0.219279 8.067174 7.470746 3.326292 4.561667 0.017173 5.713556 6.890196 7.963909 5.931262 
2.488086 7.319243 10.271610 11.471838 0.219279 7.780949 5.414216 6.301045 5.957820 0.009433 6.359990 6.308982 9.947392 
2.488086 9.776017 10.271610 11.394417 0.219279 6.895388 5.048103 6.088130 8.180706 0.132906 5.441849 6.876139 6.915742 
2.488086 9.800505 10.271610 11.093652 0.219279 6.349078 7.138901 6.018266 8.305299 0.013331 5.159062 6.481060 8.190525 7.484701 
2.650663 9.784357 7.992757 11.204962 0.219279 7.348895 7.567535 6.028546 8.729428 0.027149 5.524048 6.184037 7.552459 
2.433475 9.976709 6.371989 11.204962 0.219279 6.285392 2.890154 6.184460 8.667703 0.027149 5.776657 
2.676175 9.867225 8.751679 11.135472 0.125068 6.804557 3.395239 6.295701 8.617075 0.114797 4.654437 5.753091 
2.647597 10.949991 8.000287 11.289428 0.125068 6.794874 3.148873 6.199789 9.598344 0.234024 9.645375 5.343464 0.682633 
2.535592 10.990119 7.145303 11.289428 0.125068 6.721454 3.326083 6.213648 9.566617 0.020895 9.516640 5.094690 
2.517833 10.309680 7.245152 11.326265 0.016974 7.145587 2.393524 6.511711 9.390182 0.012558 5.066130 
2.437719 10.259446 8.447700 10.995396 0.487152 6.933670 4.975847 6.440575 9.390182 0.372056 
2.437719 9.958638 7.280282 10.660940 0.398237 6.725767 5.042844 6.440575 9.039575 0.205522 3.346533 
2.437719 8.573773 10.261364 10.735600 0.289082 6.893736 5.431110 7.171506 9.039575 0.146247 2.901040 6.266025 
2.418142 8.062079 10.723924 11.109439 0.480406 7.684118 5.001786 7.124549 9.301992 0.138895 2.233058 6.266025 0.034808 
2.418142 9.831512 10.912543 11.145039 0.480406 6.890684 5.429979 7.287824 9.302414 0.705388 2.156645 6.533973 
2.468490 4.242300 10.038288 10.894100 0.486135 7.313853 4.980244 7.806579 9.481921 1.728984 2.244731 6.405205 
2.269635 6.496830 11.147299 11.204487 1.318560 6.837723 5.173642 8.080964 8.646072 1.598150 2.296648 
2.473788 6.374139 11.294425 11.421558 0.514479 7.146554 5.372116 2.278386 8.558329 0.217606 5.197333 8.280392 
2.015714 6.370591 11.294425 11.421558 0.454179 6.935145 8.572741 2.655031 8.997168 0.022875 5.262664 
2.256065 6.603049 11.294425 11.421558 0.591462 6.775115 5.090095 2.961495 9.303675 0.022875 
2.419491 6.720339 11.294425 11.421558 0.415164 6.862422 5.090095 3.473975 9.569284 2.299020 
2.461323 6.713804 11.294425 11.421558 0.533520 6.862422 4.594662 3.077019 9.603643 0.719622 
2.461323 6.734093 11.294425 11.421558 0.453659 6.862422 4.956435 3.326642 9.267219 0.621604 
2.461323 6.769180 11.294425 11.421558 0.453659 6.938810 4.801651 3.074096 9.794097 0.583609 3.385729 
2.606491 6.610884 10.902070 11.421558 0.453659 7.448737 4.686378 2.694223 9.905926 0.545152 8.040564 
2.606491 6.679220 10.902070 11.421558 0.453659 6.859245 4.767214 3.814951 9.241357 0.416474 8.064651 
2.606491 6.501447 11.196403 11.495468 0.523807 6.681139 2.866619 2.974944 8.944228 0.983831 8.005617 10.098837 5.213830 
2.606491 6.620423 11.196403 11.495468 0.523807 6.741574 5.312804 2.515615 8.617437 0.554842 8.051336 10.384135 
2.624701 6.612143 10.985919 11.495468 0.523807 7.141305 5.514277 2.944906 8.617437 0.480824 5.807711 7.744192 
2.624701 6.721838 10.985919 11.348457 0.302792 6.834901 5.514391 8.946016 8.760881 0.289456 5.159356 6.658186 7.324432 
2.476900 6.734165 10.985919 11.348457 0.569840 6.946948 6.569873 7.129930 8.065074 0.302459 5.754530 6.401560 
2.449821 6.864268 10.985919 11.436114 0.498244 7.003818 6.686296 7.114573 7.880318 0.675313 6.264095 5.666905 
2.420185 6.826734 10.985919 11.436114 0.498244 6.936481 5.269338 7.256389 8.422425 0.429813 6.788085 5.519717 
2.474941 6.823369 10.985919 11.315217 0.555613 6.917439 5.665450 7.579223 8.523321 0.193004 6.465745 5.510459 
1.978213 6.727975 10.985919 11.315217 0.766131 6.803105 6.314199 7.351954 8.349150 0.346983 6.229569 
1.978213 6.965079 11.266304 11.315217 0.807582 7.496598 6.708243 7.937118 8.349150 0.401447 6.197555 
1.904959 6.499464 11.266304 11.315217 0.453817 7.649323 7.020752 8.132985 8.688516 0.309707 5.765664 8.375711 2.709243 
1.904959 6.552426 11.266304 11.315217 1.042803 6.937954 6.329439 8.283487 8.571432 0.493215 5.663194 8.640453 
1.904959 6.679564 11.266304 11.315217 0.941196 7.024761 7.409276 7.954980 8.571432 0.659372 5.545693 7.263011 
1.866902 6.547407 11.266304 11.315217 0.447029 6.675922 5.497576 7.083082 8.285269 0.803512 6.055045 2.738788 
1.250504 6.716207 11.266304 11.315217 0.531164 6.854584 5.125903 7.419080 8.285269 0.126435 6.347149 5.060157 6.144296 6.089986 
1.250504 6.716207 11.266304 11.315217 0.531164 6.756602 5.810328 7.593334 8.285269 0.258749 6.347149 4.004582 6.144296 
1.426586 6.657235 11.266304 11.315217 0.647199 6.777050 5.747569 7.418512 8.168649 0.681581 6.208254 2.319289 
1.426586 6.671034 11.266304 11.315217 0.067161 6.795571 5.508558 7.371585 8.974402 0.060353 6.109996 2.325345 7.910278 
1.619330 4.745564 11.266304 11.315217 0.176996 6.878344 5.095629 6.704038 8.806906 0.037602 6.770586 3.898890 7.333200 4.538078 
1.707079 1.828463 11.266304 11.315217 0.577896 6.986682 4.748720 7.245185 9.144655 0.112766 6.628913 3.254135 10.018435 4.554501 6.763788 
1.707079 4.030160 11.266304 11.315217 6.650290 6.860658 4.975695 7.584677 8.648347 0.277424 6.711355 2.877932 8.261626 3.751742 
1.707079 6.344516 11.204800 11.315217 1.086561 6.774105 6.504706 7.082404 9.822588 0.125835 6.626356 2.937423 0.427610 
1.983167 6.346526 11.204800 11.315217 1.401022 6.931215 6.786630 7.218182 9.329665 0.664794 6.636193 5.438934 1.190560 3.162296 6.658875 5.806141 2.867448 
1.983167 6.622504 11.204800 11.315217 6.457323 7.030103 6.697322 7.906817 9.192976 0.539490 6.636193 5.762876 0.398790 3.473892 
1.894774 6.769455 11.204800 11.315217 5.755007 7.501036 0.513414 8.462360 9.672474 0.539490 6.570408 5.833141 
1.618037 7.259416 11.204800 11.315217 3.926644 7.138544 0.349543 10.494273 9.672474 0.685535 6.632392 4.413461 7.324708 4.630625 
1.618037 6.563498 11.204800 11.339830 4.016844 6.723054 0.425888 4.688673 9.626452 1.306402 6.525944 4.449394 7.479921 
1.826641 7.454449 11.204737 11.339830 4.030408 4.343273 0.293125 4.991409 9.626452 0.858270 6.596666 4.710092 7.619660 
1.829868 6.908506 11.204737 11.339830 3.105816 8.210454 0.410381 4.826572 9.626452 0.883567 6.687863 
1.831055 7.133206 11.204737 11.339830 3.416769 8.178376 0.278770 4.922971 9.626452 0.908255 6.927345 6.613561 8.803108 
1.831055 6.818752 11.204737 11.339830 6.426228 7.892306 0.273666 6.588203 9.640441 0.908255 7.177446 4.207931 7.773241 
