0.000000 0.092229
0.000000 0.083329
0.000000 0.167475
0.000000 0.375195
0.000000 0.097868
0.000000 0.222160
0.000000 0.197133
0.000000 0.122374
0.000000 0.100513
0.000000 0.093568
0.000000 0.138884
0.000000 0.224703
0.000000 0.296358
0.000000 1.457233
0.000000 0.658085
0.000000 0.869013
0.000000 0.117168
0.000000 0.265642
0.000000 0.437061
0.000000 0.224252
0.000000 0.100013
0.000000 0.365085
0.000000 0.673252
0.000000 0.118400
0.000000 0.106358
0.000000 0.158362
0.000000 0.629674
0.000000 0.546381
0.000000 0.197928
0.000000 0.141295
0.000000 0.130625
0.000000 0.251313
0.000000 0.150337
0.000000 0.248867
0.000000 0.159798
0.000000 0.161427
0.000000 0.144547
0.000000 0.286521
0.000000 0.374026
0.000000 0.141702
0.000000 0.210530
0.000000 0.116434
0.000000 0.121928
0.000000 0.077722
0.000000 0.378139
0.000000 0.251455
0.000000 0.124612
0.000000 0.103444
0.000000 0.416914
0.000000 0.191122
0.000000 0.234494
0.000000 0.113189
0.000000 0.121947
0.000000 0.234308
0.000000 0.182953
0.000000 0.073734
0.000000 0.121872
0.000000 0.198516
0.000000 0.067030
0.000000 0.195561
0.000000 0.158016
0.000000 0.071997
0.000000 0.108474
0.000000 0.067720
0.000000 0.158815
0.000000 0.204691
0.000000 0.057789
0.000000 0.096522
0.000000 0.146173
0.000000 0.074923
0.000000 0.329081
0.000000 0.068028
0.000000 0.134516
0.000000 0.092118
0.000000 0.046377
0.000000 0.088101
0.000000 0.090134
0.000000 0.225814
0.000000 0.040183
0.000000 0.153267
0.000000 0.113563
0.000000 0.091560
0.000000 0.231061
0.000000 0.043759
0.000000 0.101499
0.000000 0.091297
0.000000 0.122263
0.000000 0.086275
0.000000 0.099502
0.000000 0.044389
0.000000 0.093936
0.000000 0.313322
0.000000 0.141336
0.000000 0.055275
0.000000 0.096104
0.000000 0.082782
0.000000 0.066212
0.000000 0.136845
0.000000 0.085311
0.000000 0.087546
