   0.144575 1593.193800
   0.144616 1594.750127
   0.143681 1609.635894
   0.142560 1600.356655
   0.142018 1604.872916
   0.141387 1599.778532
   0.142323 1592.107323
   0.142281 1584.813841
   0.142661 1590.635961
   0.142321 1595.727106
   0.143901 1619.529603
   0.144477 1599.686814
   0.144856 1587.064087
   0.146864 1596.957513
   0.148955 1583.187593
   0.150566 1597.063889
   0.152382 1598.688530
   0.152149 1596.664406
   0.148826 1598.546683
   0.150544 1591.090660
   0.149395 1612.417342
   0.150232 1599.504810
   0.148626 1605.242370
   0.149058 1608.097571
   0.150706 1616.773423
   0.149277 1609.329549
   0.149424 1606.360699
   0.149868 1613.269720
   0.149011 1608.222154
   0.150436 1614.664101
   0.151157 1602.369424
   0.150956 1608.849373
   0.149082 1615.537930
   0.149892 1604.734372
   0.150380 1598.276102
   0.151759 1608.903881
   0.152523 1590.490085
   0.152543 1613.314234
   0.151111 1596.822050
   0.151491 1579.346549
   0.149802 1583.976758
   0.148807 1605.627551
   0.151296 1613.673488
   0.152083 1591.865528
   0.150443 1611.365241
   0.151184 1604.979393
   0.150115 1592.969108
   0.149487 1588.009328
   0.143143 1591.999560
   0.143339 1609.528141
   0.145940 1591.376438
   0.146656 1602.361141
   0.147848 1596.088259
   0.150269 1614.519417
   0.150463 1591.385264
   0.152016 1615.250037
   0.150409 1593.277549
   0.151939 1596.216884
   0.153143 1603.015615
   0.153828 1613.348086
   0.155342 1591.310794
   0.155063 1608.114082
   0.154018 1616.895557
   0.154380 1614.448892
   0.153434 1581.893811
   0.150800 1614.595586
   0.151510 1610.998634
   0.151361 1600.780423
   0.149855 1599.286533
   0.150039 1606.556137
   0.150702 1609.552796
   0.152221 1593.320178
   0.152803 1594.625309
   0.151912 1584.370379
   0.150493 1604.299574
   0.149840 1601.381465
   0.149259 1612.153590
   0.150311 1612.629686
   0.149923 1596.984179
   0.151282 1598.070175
   0.149833 1593.704048
   0.150103 1584.556082
   0.149899 1598.629322
   0.147964 1581.548141
   0.147280 1584.960271
   0.147875 1614.858221
   0.147388 1605.539087
   0.144987 1595.390806
   0.143862 1582.757456
   0.144300 1605.434124
   0.144806 1602.820961
   0.143994 1598.660592
   0.143417 1612.508417
   0.142467 1607.457163
   0.142019 1609.032172
   0.140921 1607.903561
   0.139213 1603.965404
   0.140395 1597.248303
   0.140545 1611.286762
   0.141993 1598.030520
