4.590882 0.712161 3.114828 0.652344 0.510161 2.644111 0.528431 0.734355 0.060804 5.230298 0.755250 0.999926 4.800779 6.013933 2.085703 5.776158 5.777011 5.917130 1.490245 3.786522 3.481689 1.560386 0.423964 0.093650 5.700954 
4.657026 0.779737 3.044403 0.411413 0.342598 2.513213 1.419947 0.892780 0.309646 5.019352 1.197856 1.080672 5.746919 5.678448 2.188487 5.668968 5.299354 0.220914 1.482677 4.195167 3.507738 2.491959 0.688307 0.793363 
3.656842 1.148973 3.187804 1.025644 0.857460 2.313806 4.717874 0.656636 0.020633 5.971340 1.805196 1.557677 5.741679 5.772760 1.932179 4.771878 5.539732 0.639805 1.565648 4.850185 3.469169 0.016491 0.246551 0.568286 1.195002 
4.141930 1.132585 3.368820 0.412116 0.364446 2.311569 3.984119 0.301264 0.147074 6.031083 0.178790 1.657493 5.730827 4.874111 1.447301 4.749813 5.170435 1.241775 1.487467 3.710620 3.991903 1.336615 0.448308 0.287594 4.496177 
3.703517 0.964129 2.969828 0.297952 0.153350 2.504206 3.767446 0.279800 0.031453 5.955903 4.689441 0.967062 6.050942 5.727983 2.337135 4.479955 4.047640 0.916399 1.691715 4.001577 3.652038 0.444158 1.498354 5.052390 
4.789085 0.486988 2.983389 0.504889 0.328980 2.925832 5.651195 0.619496 0.180350 5.875812 5.341510 1.857798 6.070920 0.908603 2.008962 5.646135 0.570557 1.331248 1.524397 4.071846 4.338134 4.465505 3.104461 1.408705 5.647857 
4.502614 0.595508 2.817399 0.638384 0.271270 4.303886 5.292493 0.001271 0.108793 5.893122 5.023497 0.908690 5.977504 0.390667 2.268968 3.004215 0.760576 1.490659 1.624455 2.838254 4.117615 
5.072822 1.057858 2.965760 0.679716 0.246125 4.949132 5.580891 1.104649 0.055156 6.028511 5.139460 1.827885 6.005605 0.152055 2.049296 2.185160 1.957706 1.508506 1.555817 1.763658 3.760758 0.529043 1.456863 1.366514 
4.433422 1.655006 2.965760 1.192511 1.143918 4.692469 6.049142 0.434077 0.309385 4.972726 5.063940 1.781296 5.718256 0.623310 1.687034 2.289921 1.020444 1.064443 1.569664 1.287250 3.983148 1.368191 4.669641 
4.579086 2.121083 2.726021 0.711940 0.573034 4.852296 5.908709 0.158618 0.124584 4.347216 5.387154 0.982309 5.617074 0.489885 2.043601 2.668519 1.016220 1.176377 2.023184 1.970901 3.533644 
4.211516 1.824003 2.764004 0.490381 0.504312 4.360232 6.041842 0.334329 0.030390 4.359720 5.667040 0.797708 5.749656 0.563459 0.458354 2.525016 1.129769 1.149674 1.488611 1.747379 3.069938 5.113945 1.911734 1.122598 5.444222 
4.461073 1.308248 2.716246 0.714095 0.707562 4.203635 4.834273 2.161047 0.069936 3.493777 5.414044 1.445517 5.604691 0.501338 0.319885 2.415217 5.354842 0.767079 1.626979 1.494397 3.114727 5.214991 2.717624 0.842734 
4.533056 1.095450 2.882003 0.671464 0.186323 3.984840 4.997891 1.569932 0.047962 4.249451 5.167604 0.911580 5.954152 0.815336 0.255342 2.798947 4.312215 1.040908 1.975783 1.014635 3.934255 4.848227 2.671969 5.352224 3.894278 
4.379574 1.239591 3.086117 0.611291 0.001582 4.075373 4.782916 0.890592 0.080466 4.243249 5.026665 1.193368 5.506380 0.984767 0.802088 2.742156 4.755557 1.454885 2.073975 1.149476 3.268190 4.224593 2.657087 5.022298 2.006765 6.017930 3.231032 5.698378 
4.342154 0.958014 2.923250 0.897797 0.789046 2.721292 4.962068 1.254927 0.200574 2.735112 1.604622 0.358140 5.160481 0.420731 1.981373 2.375816 3.898647 1.838860 1.625021 0.774555 3.056571 3.693794 2.726950 5.202912 2.984059 5.232340 4.192840 5.565160 2.924510 
4.762575 1.316608 2.851045 0.885966 1.114138 3.551474 2.877971 3.304632 0.611988 2.532338 1.018190 0.057820 5.599616 0.661627 2.314533 2.876435 2.941094 1.441409 1.740074 0.966311 2.930125 4.085057 1.601694 5.611003 1.947319 5.733792 3.827975 5.971834 0.403197 
5.205030 0.724070 2.899259 1.325490 1.413849 2.301295 5.944696 2.964234 0.747444 2.534100 1.722185 0.155820 5.704053 0.997206 2.119239 2.615783 4.011398 1.299068 1.466818 0.137006 2.797664 4.164690 1.777954 5.196114 5.573313 4.026878 0.328234 
4.899187 0.800031 3.123721 0.929474 1.079229 2.071412 5.749382 3.202223 0.803376 2.708211 1.254975 0.294757 5.589385 0.483331 1.810262 2.416476 1.592142 1.063631 4.936887 1.223466 2.829513 4.200107 
5.158827 0.083449 3.117852 0.803544 0.640604 1.491813 5.604094 4.294442 0.052213 2.422652 3.954568 0.355081 4.946126 0.798803 2.016244 2.390252 1.742629 0.859369 4.983462 0.184468 3.078695 3.339905 0.696303 
3.966323 0.472177 4.236180 0.939666 0.357490 0.350170 4.855798 3.451877 0.264549 2.811552 4.127425 0.806909 4.513212 0.894124 0.216747 2.256121 2.199411 0.720663 4.871682 0.309915 3.029117 2.729166 0.668868 3.220591 
3.968343 0.159644 3.939951 0.735477 0.170290 1.237538 4.976579 3.512152 1.062099 0.700702 2.595330 0.343805 5.435810 0.461090 0.719783 2.424877 3.451032 0.686817 4.927286 0.831720 2.949808 2.973434 1.397504 2.428784 1.943342 
3.906718 0.494331 4.467760 0.781925 0.371449 1.559987 5.074268 4.403442 1.606254 0.089042 1.865131 0.175766 5.484807 0.365789 0.044034 2.472254 3.655435 0.900311 4.871576 0.796834 3.505995 3.325105 3.917459 2.287802 0.903151 
3.823312 0.124602 3.565864 0.774067 0.823561 1.551532 5.437424 4.199364 2.385065 0.039942 2.124651 2.786416 5.538882 0.626059 1.728985 1.995743 3.315279 1.695960 5.449971 0.713546 2.985773 3.344269 5.082789 2.635330 2.778924 
4.420289 0.063226 2.257354 0.806142 0.667451 1.886399 6.087976 4.764588 4.008982 0.991407 1.669875 3.062661 5.922375 0.875468 1.318698 1.344767 1.089100 1.120633 5.361515 1.108090 3.322189 2.087824 3.536117 4.462848 3.228257 
4.667810 0.351674 1.444562 0.745887 0.629946 1.515406 6.077598 4.050514 4.920157 4.595934 3.015645 2.366127 0.870772 0.754719 1.130164 3.883661 1.734359 1.198369 5.115921 0.816380 3.068214 1.501645 1.441938 1.566727 1.940734 
4.353445 0.089516 1.449400 0.543446 2.435022 1.471460 6.035538 5.055769 4.638195 5.816266 3.001939 2.357408 0.321207 0.774152 1.556467 3.596657 1.889188 0.885896 4.677854 0.607715 2.986825 0.817374 5.983474 3.434502 1.410940 
4.163510 0.312928 2.192328 1.295119 2.505722 2.340707 6.098009 4.954697 4.390876 5.261813 3.681204 2.252580 2.864611 1.060507 1.235049 0.623264 1.293809 0.799479 5.503499 1.478163 3.327363 0.868764 
4.241816 0.277359 2.235533 2.166464 1.234427 2.254465 5.297688 3.966844 5.858795 6.002853 3.752646 2.477519 3.080280 0.887584 1.175253 0.151878 2.087378 0.472218 5.350598 1.516028 3.620932 2.062783 
4.351509 0.072671 1.857341 1.557881 5.301944 1.377628 5.481170 4.481575 5.965210 5.285406 3.743865 2.430989 3.186157 1.007057 1.079506 0.822800 1.528889 0.857899 5.373493 0.660590 3.624818 2.337096 0.969932 2.378709 4.903284 
4.160539 0.163613 0.232562 1.973454 2.523383 0.923187 5.997808 4.846595 3.736634 5.143467 3.948858 2.741176 3.742500 0.833819 1.501254 0.526194 3.427334 0.817509 4.568005 0.570224 3.854505 1.631065 0.629432 0.752759 4.702554 
4.958568 0.309765 1.153032 2.936735 1.588827 1.590006 5.228258 4.577950 1.842802 5.015992 4.190417 2.497762 2.856223 0.989096 1.549397 0.800678 4.449235 1.463361 3.461301 0.751569 3.750135 3.484615 0.766343 0.716501 1.308689 1.046605 
4.946418 0.209069 0.060912 1.996915 1.899702 2.161433 6.038900 5.324090 2.147094 5.527978 4.917325 2.362768 3.089424 0.544158 0.702637 2.917281 2.780037 1.284985 4.429613 0.641911 3.028924 2.948053 0.122150 0.039548 0.842867 0.536876 0.144680 
4.866231 0.015930 0.563449 2.027804 2.218648 1.636974 5.603627 4.786688 3.712779 6.016881 5.257042 2.826718 5.046102 0.439994 0.059969 0.959998 2.761514 1.906658 3.896113 0.375643 3.236962 3.313433 0.308853 0.665886 0.625314 0.777447 0.622299 0.412781 1.102233 
4.921979 0.199861 0.123909 1.854907 2.435220 1.080213 5.629777 5.234686 3.060319 5.835314 5.768068 2.242719 3.783875 0.631501 0.819454 0.144370 2.625341 1.377237 3.891742 1.011138 3.589634 3.050703 0.935967 0.354407 0.421447 0.793333 
5.416829 0.048802 0.969213 0.803152 1.995442 0.875543 5.923471 4.438526 0.905161 5.669457 5.132511 2.193237 4.358516 0.797808 0.531927 0.420624 3.030792 0.521583 4.502381 0.727274 3.366325 4.163764 4.243704 
4.332126 0.020332 1.125747 2.378640 2.131702 0.432372 5.938084 4.144923 1.152860 4.696322 4.984818 2.316405 1.016839 1.057431 0.401146 0.156195 2.233652 0.175102 0.542022 0.976450 3.096956 3.275738 3.564057 3.957947 
5.337917 0.209874 1.250108 1.223438 0.912330 1.096107 5.751237 4.348635 1.730126 4.932243 4.025111 2.139580 1.784826 1.119126 0.576624 0.648906 2.597160 0.726496 1.720306 1.116767 1.934500 2.985635 3.496089 3.643191 
4.447251 0.027900 0.713829 2.191762 0.074587 0.142547 5.544615 4.952375 2.277325 5.782656 4.477868 2.317612 1.755907 0.783490 0.537988 1.086624 2.944217 0.179109 1.891078 1.341321 1.986053 2.798402 4.195652 3.462148 5.581471 0.938917 
3.300631 0.279215 4.398980 2.712976 0.867467 0.087108 5.692822 2.305884 1.258358 5.858886 5.390723 2.957569 2.233291 0.367351 0.458930 0.298095 3.496051 0.288019 1.181841 0.837872 2.156883 2.345788 4.235926 3.034611 4.286996 4.917303 5.262596 3.773974 0.220849 
4.505516 0.026751 4.187884 4.238992 0.913848 1.038253 5.677687 5.005691 1.031335 5.704405 5.181004 3.935105 2.608987 0.529737 0.740622 1.176439 4.122838 0.047499 1.378553 0.805399 2.389542 1.673340 4.685480 3.284194 4.207325 5.517750 2.457372 2.663471 0.734056 2.587313 
3.698725 0.186581 5.119410 4.664125 0.346066 0.382222 5.000299 3.986205 1.165795 5.553259 5.425960 4.186303 2.386747 1.289328 1.022338 2.821223 2.569743 1.076631 0.891734 1.171331 2.818119 1.929556 4.146651 3.213348 3.081257 5.617368 4.397481 1.001677 1.030558 
2.532234 0.241529 0.185473 4.961943 1.868832 0.675836 5.425609 2.391710 0.751743 5.492240 4.572964 4.560663 2.816220 1.614061 0.470571 1.340344 4.708289 0.834572 0.641361 0.193191 3.056151 3.500528 4.602574 3.320318 3.082041 4.242447 4.959830 0.986166 1.331535 4.162783 0.346723 
2.698048 0.227636 3.051610 5.644126 2.749108 1.225189 1.393221 2.102642 0.346058 6.041719 4.439156 5.459197 1.849139 1.434474 0.513608 2.556552 3.010622 0.270198 0.537797 0.735937 2.914503 3.428287 5.403802 4.039030 2.826088 5.298791 5.786858 1.046133 0.585669 4.103461 1.352890 3.884363 0.343008 
3.184604 0.012265 2.131908 4.871898 0.660729 0.545828 1.121420 1.607232 3.538155 5.804905 4.138832 5.472359 3.342457 1.461439 0.834555 2.364170 3.590919 0.862446 1.162640 1.361186 3.848497 3.851398 5.377659 3.135238 5.045040 0.836612 5.488131 1.011497 0.894439 2.237897 
3.240894 0.199822 1.986700 4.899791 1.093620 1.759563 0.378086 2.073288 4.840788 5.902542 0.218011 5.091172 3.699958 1.226515 0.547673 2.383323 3.128896 0.747253 0.946920 1.726660 3.804150 3.515122 2.279811 3.151170 4.349611 4.350045 5.839873 0.511755 
3.151748 0.132306 2.921856 3.962958 0.540864 1.130151 0.203503 2.061943 4.972335 5.891263 0.452513 5.519071 4.421936 1.569275 0.650116 2.660999 3.102951 3.469152 0.671287 2.567245 3.891281 3.654643 2.260343 3.254732 4.680670 5.056749 1.900756 0.442069 
2.912719 0.056758 3.857442 1.523687 1.321411 1.313067 0.511396 2.220076 5.228364 6.060740 0.585942 5.079473 4.297957 1.390761 0.487669 2.678232 3.090456 4.140318 1.298429 1.455614 3.537237 3.540398 2.078198 3.314847 4.923836 5.131544 0.709492 0.139685 4.450337 2.499184 
3.129882 0.221251 2.345678 2.340376 2.349778 0.512175 0.456543 1.303300 4.824653 5.860539 0.372020 5.874818 4.638207 2.368430 0.449300 2.560872 2.687992 4.479522 1.024591 1.698769 3.291375 4.250189 0.366624 3.289807 5.173954 5.163543 1.674908 0.627098 4.814302 2.791667 2.330027 
3.483866 0.133006 2.393026 1.962865 0.684890 2.582277 0.790995 0.463939 3.840544 6.029212 0.325517 5.997582 4.978318 1.610594 0.546205 2.124465 2.725949 5.875225 0.687741 1.148184 5.833354 4.239789 0.815272 3.770810 2.691834 5.861111 3.631256 
3.005096 0.107445 1.774490 1.871487 0.428771 0.690763 0.586131 0.318059 3.860492 5.737392 0.253891 5.473639 5.503382 0.979630 0.974010 1.586058 2.902249 5.080378 0.964620 0.620013 5.273230 4.811511 1.441308 3.580919 2.738290 5.306711 4.992970 1.657669 1.621666 1.065093 
4.160161 0.187575 2.935618 2.195880 0.245191 1.490977 0.824488 0.204964 4.306545 5.112091 0.257809 5.654464 0.817652 0.519539 0.329026 1.659537 2.980514 4.838542 0.655664 0.508812 5.728217 3.955598 4.949415 3.732091 2.657107 4.513698 5.896308 1.866370 0.474757 1.092206 
5.061662 0.530458 2.494254 2.024124 0.367252 1.648835 4.487056 0.566459 4.156224 5.884291 1.482882 5.052625 4.968222 0.109523 0.480396 1.076097 2.199938 4.495930 0.404194 1.415731 5.363813 5.023358 4.632036 3.738330 3.555568 5.188451 5.223016 0.773525 1.470577 3.306897 
5.276329 0.372928 2.246578 0.873300 0.769111 1.752430 0.284442 1.197461 3.869260 6.036458 1.706001 5.036787 4.630582 0.965746 0.639261 0.444850 2.557259 4.547718 1.053776 3.439330 4.583763 6.011233 3.977187 3.693366 3.046235 3.984006 5.106242 0.910673 1.787427 
5.376964 0.366868 2.726643 1.228328 0.665481 1.666150 3.825753 1.654262 3.771576 6.072725 1.226774 5.694889 4.670295 1.384909 0.556178 0.338952 3.554552 4.393276 0.790680 0.962171 5.061060 5.065309 4.653007 3.487583 3.152215 4.323480 5.566404 
5.515700 0.109633 1.982615 1.406227 0.328960 1.689913 5.012942 1.602968 3.977570 5.713880 1.962224 5.900769 5.473934 0.849249 0.487827 0.914665 2.991518 3.937863 1.023767 1.065855 4.291732 5.214649 4.213141 3.634023 2.785682 4.849252 2.187601 0.769687 2.771840 1.299596 
5.616674 0.260548 2.881405 1.324902 0.342993 1.697337 4.394006 0.628638 4.489712 5.606616 3.524114 5.513318 4.987091 0.179308 0.374604 1.204522 1.984881 3.416253 0.810875 0.714412 3.361959 3.614501 4.482283 4.130089 2.761633 3.942676 4.346489 0.472394 2.581184 2.199915 0.159484 3.763834 1.681228 4.094763 4.173615 5.184858 1.461485 2.575284 
4.905690 0.968123 3.770088 0.272020 0.980464 1.011347 4.041754 0.911913 4.459495 5.317084 2.910129 5.289922 4.716401 1.108538 1.344627 3.047758 2.379648 1.434852 0.484282 0.545083 0.911515 1.060210 4.208211 3.817308 4.664123 4.821835 4.095591 4.931673 1.984018 2.708039 4.214826 4.991589 3.400458 3.559644 4.286620 3.089703 1.822620 2.402541 1.096490 3.560221 0.403841 4.168540 1.673994 3.115442 1.024912 4.193368 1.572065 2.213125 
5.306039 0.896767 3.017432 1.133695 3.008873 0.437031 4.246146 1.299750 0.556436 5.301048 3.814003 5.370452 4.895639 0.571529 1.370286 2.267086 3.107513 0.963468 0.904459 0.390398 1.455737 0.673464 3.461542 2.969532 4.304895 2.277739 2.187025 2.304910 1.923651 2.558559 4.723633 4.782054 4.612494 2.770724 2.609650 3.817043 1.045876 2.932315 0.313809 4.579325 0.283062 2.893218 4.409984 1.805405 0.360825 
6.093465 0.890057 1.577924 1.041346 0.825513 0.184284 2.917779 2.492501 0.480277 5.886869 5.632909 4.258500 2.565206 0.204554 1.820955 3.183169 3.204298 2.163611 0.418619 0.155083 4.097396 1.109846 5.864697 2.986555 4.521858 1.613434 1.184298 0.542890 0.478685 3.228214 4.587082 5.590104 3.883292 2.703052 1.078759 4.557225 2.465453 
5.781251 1.200953 3.065969 2.297598 2.240314 0.747933 4.051167 2.517260 1.385282 5.513982 5.074624 0.729975 2.326439 0.679196 2.148192 3.279619 3.805795 1.132632 5.908935 0.165562 5.793238 1.407239 4.508083 3.221534 4.454575 1.164203 0.953195 0.837458 0.722683 1.592699 5.098554 6.013934 4.036782 2.944338 1.908420 4.534334 0.984982 4.592445 
4.982870 1.811835 2.201616 2.798162 3.883179 2.710282 3.613722 2.047878 1.017092 6.017670 5.248018 0.694691 1.583444 0.165776 1.695272 3.527294 4.864817 2.800079 5.122366 0.134251 5.582508 2.369996 5.114710 4.033627 5.294487 1.613708 0.995796 5.213333 0.302221 2.721607 5.275187 4.504249 3.421447 3.064943 1.272126 4.048969 0.099832 5.619323 
5.496261 4.763655 2.160661 0.533361 3.162126 2.568087 5.007008 1.769536 1.460982 5.868501 0.346451 1.376427 0.590277 0.287494 2.677869 3.684724 4.801538 1.063964 3.458074 0.069875 4.059280 0.574667 4.961189 4.164398 4.441551 2.990860 1.354012 3.953817 0.558902 3.469968 4.759704 5.225720 1.932743 4.289081 0.533291 5.486479 
5.620948 4.892947 2.740481 1.195776 2.448274 3.008926 4.599959 2.553903 1.305544 5.119382 0.013601 0.553676 0.135540 0.397612 3.755064 4.670106 4.826805 0.954945 3.757431 0.251190 4.804512 4.068821 4.955048 3.215300 5.670909 5.029808 0.600325 3.691242 0.168701 3.095150 4.342728 2.047000 1.758859 2.867410 0.057719 5.020303 3.429750 3.088290 0.535522 5.604010 
2.840395 5.931936 2.554329 1.725738 2.373849 1.444840 4.582044 0.580917 1.476926 5.128076 5.502182 0.718512 6.001249 0.590386 3.988490 3.892292 5.548475 0.953538 2.650236 0.196842 5.572303 5.387794 5.218179 3.313641 5.816547 5.330194 1.914799 3.644016 0.631113 3.172787 4.724459 1.986129 0.083324 3.463759 1.567676 3.577404 3.283575 
3.842922 4.776099 2.768669 1.666871 2.011601 0.723352 4.061600 0.031941 1.671233 4.456683 5.398072 1.060871 5.484971 0.351461 5.555866 4.772059 5.833910 1.675991 2.560215 0.051993 6.060623 5.525983 5.752791 3.399676 6.059674 5.384212 2.265535 5.068907 1.047161 2.040987 5.013303 2.178494 0.740159 2.917455 1.692882 3.386361 4.064250 2.804545 
4.426239 3.043588 2.968487 1.087249 1.383207 0.119356 2.666716 0.674661 2.220942 4.604767 2.832792 1.344259 5.743890 0.726236 1.720612 4.584206 5.591932 1.555391 2.296204 0.075195 5.613268 5.142819 5.710983 3.464486 6.081004 3.988471 1.623850 4.456444 1.144006 2.164601 4.662357 5.036857 0.541680 3.167603 
3.722747 2.478390 2.265470 1.176286 2.365250 0.941845 3.352109 0.089121 2.851558 4.824466 3.129143 1.024141 5.860399 0.689158 5.729795 5.627687 4.839737 1.377997 4.613368 0.003541 5.194329 4.021911 6.030015 3.247479 5.153492 4.565687 1.098324 2.516365 1.874716 2.562884 4.837805 3.592732 0.325069 3.844823 
4.074348 2.633771 5.136403 0.582108 1.862433 0.562718 2.854985 0.159441 1.093763 5.917610 2.540361 0.752881 5.817405 0.601396 3.476911 5.037084 6.023896 1.020062 3.943825 0.123952 5.847888 5.242127 5.624658 3.445145 5.063504 5.795070 1.039579 2.660303 2.046806 2.506433 5.967195 
4.799158 2.834429 4.852623 0.591985 1.017847 0.597904 3.178350 0.410365 1.566782 4.751599 5.603715 0.605251 4.907594 0.732890 3.358901 5.978326 5.831222 0.333087 5.097004 0.005542 1.290738 4.994454 5.487839 3.510010 5.101934 2.522411 
3.670387 2.491486 4.494472 0.808147 1.142127 0.861941 2.863118 0.013554 2.280893 5.659066 5.427403 0.610989 4.507438 0.015908 3.889227 5.890252 5.697533 0.539935 2.567058 0.143667 1.163271 4.355200 5.740505 3.648960 4.640576 
5.442038 2.659902 4.569708 1.601372 1.595205 0.592854 2.925596 0.183904 1.733620 5.538804 3.812238 0.530739 4.361927 0.079534 3.806480 5.470093 5.165956 4.965246 3.010616 0.159949 1.118595 4.288762 3.662864 4.804497 5.956820 0.901359 3.162491 0.285725 4.153024 
2.561898 2.778930 4.843109 2.044052 1.624620 0.442059 2.616849 0.766433 1.050947 5.160175 4.183547 0.450177 5.036396 0.359757 5.306016 5.752561 5.290694 3.186794 0.091271 0.165096 1.554719 4.858301 4.118381 2.875380 6.077560 0.230298 2.377049 4.850370 2.542796 2.876233 3.300270 0.658289 3.775499 4.763420 0.221209 3.536373 2.767471 
3.624920 2.384095 4.788484 2.778166 1.817962 0.694993 0.274666 0.805058 2.461724 4.551162 4.671235 0.522293 5.906725 0.576694 2.874253 4.295154 5.508954 2.183332 5.927245 0.081332 4.116061 5.807981 4.935987 3.841601 5.883990 0.000587 2.192623 4.380571 2.978383 3.160111 3.370014 1.477412 4.863683 1.302462 2.165107 3.593982 4.923047 5.557355 
5.068694 2.768572 4.565438 2.081701 0.215573 1.202321 0.130717 1.884312 4.126362 5.701980 4.488998 0.826277 4.678813 0.249631 4.386050 5.573207 5.264117 4.943443 5.765084 0.265251 4.939339 3.867490 2.702771 4.226213 6.000555 1.044541 2.004977 4.853731 2.823659 2.827937 2.787674 0.299488 2.466310 1.089775 1.047927 2.981437 4.588623 5.898374 4.913770 
3.707186 3.573489 5.429970 1.828893 2.754323 1.229734 0.350700 0.454336 0.131605 2.850634 4.588958 0.813535 4.934923 0.143687 3.845052 5.136185 4.247979 3.763284 1.317466 0.253019 4.055561 2.615664 4.988884 3.722792 5.842530 4.671959 2.382194 5.450050 3.341173 3.010545 3.858334 0.586066 2.263192 1.260793 
4.296364 3.821613 5.859635 1.653570 2.444493 2.575467 0.324585 1.685925 0.409738 4.957391 4.194643 0.625602 5.550823 0.194002 2.011731 2.830986 4.684252 3.632134 1.428429 0.149701 3.818634 2.849363 5.628619 2.360851 5.118963 3.867644 1.078872 5.764500 1.680790 3.131394 3.204533 4.793873 
3.993726 3.771383 5.461262 1.716255 3.454337 3.521481 0.317748 0.824769 0.089757 3.875880 4.639503 0.992743 5.423976 0.171352 0.767232 2.302103 4.681924 3.477689 1.948619 0.181149 3.965635 3.433932 5.912951 1.913427 4.435774 3.045782 0.405003 5.213864 3.262189 1.946980 2.179665 3.630824 2.473983 4.347169 
4.271216 3.653287 5.972052 1.752047 2.790281 1.034748 0.838443 2.151667 0.193380 2.197950 4.747920 0.493271 5.389720 5.569932 4.220916 2.543715 2.430560 4.426861 1.467832 0.203776 4.776698 1.747680 4.621100 2.079043 3.575129 3.411930 2.844584 4.416096 3.282884 3.362914 
2.812337 3.495651 5.859518 1.270409 2.391301 1.364706 3.047048 2.643869 0.038337 1.069575 3.312923 0.841297 5.484121 5.179496 3.657348 2.947393 2.015302 5.629409 4.365458 0.183640 2.973257 0.759219 3.305234 4.916117 4.524533 1.726998 4.366171 3.725608 4.326025 4.039182 
2.191873 2.090004 5.873657 1.684597 2.969337 0.879202 2.556015 3.016320 0.033237 4.015530 4.422286 0.719992 5.563584 4.219845 2.791597 3.809980 4.162530 5.873857 3.799063 0.812324 3.063089 2.209890 3.053793 5.400947 
2.644400 4.524232 6.055238 2.158027 5.382135 0.730227 1.001450 1.953665 0.034475 3.300194 4.803594 0.537419 5.734063 4.021227 5.833779 3.705108 2.851864 6.021479 3.948263 1.236756 3.195195 2.006671 4.337038 5.234810 0.938544 
3.307605 4.130999 4.714311 2.109214 3.940257 1.643527 3.339921 1.628937 0.279371 4.520688 2.107612 0.415891 4.146288 4.038894 4.977526 4.838606 3.411498 4.867273 3.498656 0.765345 1.976251 
2.567257 5.116104 3.063143 2.175793 3.868223 1.017754 1.210422 1.077778 0.209573 4.499839 1.915686 0.833772 3.997598 4.103910 5.428842 4.410909 3.331855 4.526565 3.832449 2.645746 3.977607 5.078334 
1.759767 4.351611 1.377477 4.002158 4.669143 1.533021 1.873988 5.077325 0.031361 3.192094 3.075876 0.883158 4.201574 4.354863 4.379741 2.297881 3.313782 5.397232 3.493141 2.283689 
1.644361 4.457540 2.084404 4.383696 4.640354 1.465433 1.797442 5.643698 0.117946 2.615197 3.420991 0.704965 4.710667 3.383049 2.602088 2.236386 3.041942 6.007287 4.140805 2.847328 5.933371 1.916946 4.867775 
0.722011 2.628571 2.920515 4.654281 5.007134 1.484209 2.120474 5.551675 0.155083 4.480294 3.338472 0.393660 4.435510 4.049854 2.095744 2.326611 2.747280 5.478159 3.559760 2.861063 4.665933 3.174470 
1.173821 2.985684 4.438663 3.565955 4.801105 2.280414 2.246215 5.497418 0.084167 4.431802 3.581617 0.243082 3.915984 5.120664 2.994902 2.404243 2.507909 5.815242 3.202277 2.885228 4.417654 3.031954 
0.735367 3.081189 3.811384 4.409920 4.332417 2.368301 0.733234 5.952195 2.689458 5.078208 2.722079 0.542407 0.052201 4.384596 2.628245 2.433218 1.169017 6.033386 3.672902 2.846065 5.674926 2.127699 2.846524 2.579846 
0.365339 3.118586 4.289316 2.055090 4.444212 0.985862 2.535144 5.862408 5.710003 4.895358 2.591895 0.324026 0.186262 4.780182 3.313120 2.652575 2.281207 5.965701 3.908053 3.603135 4.985342 1.098741 0.999531 3.977066 6.037895 
1.192314 4.350106 4.363507 2.311155 4.086294 1.806420 3.171165 5.431920 4.717829 2.082347 2.240067 0.196102 0.038585 4.465076 3.385950 1.702029 2.015914 6.067006 3.889417 2.930223 4.838960 1.759529 0.747181 5.598103 1.515346 1.246067 4.019405 
0.690987 3.732934 4.469893 5.553630 1.880150 3.136751 2.456238 6.054889 5.525207 1.019232 0.114203 1.083401 0.186476 4.528116 3.970481 2.321857 2.659719 5.975786 3.295367 2.964671 5.844119 2.795581 0.606342 5.582809 0.020076 0.027931 0.360009 2.466914 2.795062 0.558993 0.039737 
1.016734 4.233117 4.554562 5.452213 1.932694 0.351216 2.878017 5.897022 5.598286 1.091948 0.417123 0.886034 1.732082 4.999455 4.334853 0.998795 2.655375 5.888380 3.170550 2.793490 5.679655 2.496200 1.362758 1.599365 0.634644 0.186503 0.372242 
1.321148 3.727477 4.112419 5.538150 2.548652 0.414245 3.715340 5.208836 5.562993 0.064495 0.247648 0.392937 1.003420 3.555562 4.401742 0.696260 2.409227 5.895946 3.804953 3.251209 5.033967 1.557678 0.893172 0.877878 0.163432 0.487257 0.334206 
1.119363 3.980398 4.727595 5.059187 3.169182 0.308811 3.445882 4.664428 5.560923 0.305687 0.028585 0.212495 0.948340 0.253703 3.973297 1.569508 2.673630 6.055810 3.622318 3.091986 4.075043 1.753161 0.430716 0.311237 0.235257 0.307447 
1.590365 3.711649 4.597141 5.050201 3.041306 0.365670 3.195688 4.662445 5.764625 0.206572 0.335199 0.349429 0.683145 0.722694 2.861714 0.930010 2.809568 5.263767 3.651714 3.142086 4.284252 6.058631 2.081322 1.501075 0.632099 0.688947 4.151702 
2.975435 4.540098 4.517054 5.174395 3.405548 0.066739 2.938852 4.911676 5.457361 1.931760 0.192765 0.144865 1.028298 1.732749 3.515259 0.770212 2.008980 3.605574 3.088964 3.066238 4.733509 5.597891 2.403435 2.240333 0.256363 0.856349 
1.695930 4.633540 4.336498 5.565972 2.201488 0.508985 3.183225 5.598361 5.965245 2.405592 0.042058 0.639688 0.944373 0.211973 2.778677 0.911661 2.219176 3.845723 3.136559 3.017844 4.130796 5.865652 2.633112 2.308251 0.262822 
1.653960 4.918412 4.322931 5.013390 3.124953 0.547644 3.860663 5.475978 5.726792 2.165175 0.004551 0.598013 1.068078 1.220470 3.032573 1.151597 2.407839 3.783185 3.492206 3.216669 5.429775 5.736218 0.220509 1.917752 2.360250 2.377776 4.586349 2.756424 
1.326212 5.937109 4.595174 5.149344 3.281325 0.158088 3.932359 5.918563 5.925860 1.146714 0.034202 0.589571 0.820866 2.113004 3.025141 0.781740 3.984373 4.107796 4.191193 3.660626 5.867222 5.918878 0.250285 3.789123 0.623437 1.292150 4.951820 2.625090 
1.804234 4.536804 4.739569 5.203250 3.097179 0.524096 2.638275 5.725747 6.048737 0.732163 0.486098 0.294416 1.025094 2.565498 3.013346 0.749322 3.113977 3.197701 4.223127 3.548644 5.020370 6.004905 0.351770 3.297609 2.240755 1.079530 4.798627 1.328614 1.189433 4.849808 3.837137 0.605150 3.804786 
