0.330638 3.015520 6.679803 2.886473 1.790605 7.163730 1.220605 2.755106 1.595754 
0.356964 5.159956 4.774919 2.593716 1.950864 8.479259 1.532082 2.826407 0.094332 3.128044 
0.342399 8.622285 7.751658 2.991804 1.850720 10.316431 2.353076 2.448805 0.026339 3.262373 1.264230 
0.347005 6.853520 7.789953 2.996024 1.831815 8.608263 1.539531 2.639667 0.055556 3.894310 0.627241 
0.348164 6.848681 5.338233 2.967948 1.936999 7.658092 1.787433 2.666161 0.713003 3.491022 0.568552 
0.341257 6.310916 5.628585 2.793527 1.745569 12.560914 2.249874 2.653300 0.954772 3.986035 0.799814 
0.344179 5.538589 5.017016 2.802817 2.064976 12.211838 1.197024 2.590916 10.059261 4.425447 1.473653 0.192347 0.562454 
0.390363 11.374032 10.324771 2.567273 2.033060 5.540186 1.236710 2.527887 0.166770 3.373210 0.077515 3.177946 
0.358475 9.137466 4.841364 2.684693 2.207382 7.304916 2.700110 2.608183 2.256810 3.306339 1.748767 1.028782 
0.367777 16.857187 5.873308 0.879669 1.767904 6.007327 1.581634 2.830406 2.834261 2.771177 
0.347998 10.033087 4.844196 1.688013 1.687303 7.855198 1.362351 3.026135 3.187653 1.762868 3.412778 2.996569 
0.366520 15.757255 4.927492 1.702832 1.790954 9.670756 1.434663 3.101143 2.667951 1.337144 2.743896 1.159041 
0.342689 10.439405 4.490063 1.789285 2.014422 9.423054 1.197753 3.512450 2.856106 3.140547 1.258915 6.146541 
0.356852 12.317740 5.120351 1.538438 1.849315 6.911162 1.368958 3.473342 2.863684 2.688822 2.656603 
0.358341 13.045511 6.590532 1.545745 1.883603 6.378904 1.366680 3.233470 3.096479 2.386051 1.070573 2.991597 
0.355755 12.262490 6.756043 1.553322 1.994014 6.343191 1.044093 3.003785 2.935376 1.392975 1.062461 4.337769 3.976604 
0.347809 18.329887 5.390951 1.608614 2.182977 10.180200 1.632423 3.308201 2.815950 0.007364 0.005510 3.958876 3.869539 0.560569 
0.350347 10.476978 8.004338 1.540451 1.800446 8.518749 0.449477 3.661958 2.604894 0.029991 2.331055 3.841873 2.624324 1.040119 
0.378621 15.937313 6.403053 1.395111 2.015089 7.915175 0.163998 3.679796 2.642339 0.073924 2.120593 3.023817 0.079092 
0.340547 15.036013 6.122845 1.776812 1.826520 1.925509 1.016668 3.588498 2.742706 0.185816 2.152535 3.757986 0.122231 0.118649 8.922003 1.760684 
0.336662 15.607901 6.246327 1.875225 1.676759 1.784544 1.637288 3.336036 2.794643 0.734984 2.122748 3.852025 0.564336 2.116839 9.698663 
0.331125 11.521780 5.460711 1.565532 1.807584 7.673486 1.538975 3.629858 2.899638 0.027120 2.065985 3.632495 2.568291 1.484595 1.183411 
0.339473 9.274559 5.635178 1.522995 1.672872 7.859537 1.316751 4.094250 2.930805 0.127940 1.149730 4.275255 2.211263 0.647535 2.681125 
0.333728 9.536687 4.119527 1.690418 1.903798 6.992399 1.887474 3.900761 2.782607 0.129704 1.991638 0.703535 0.730336 0.701887 3.136132 
0.331203 9.594976 4.486960 1.757424 1.894763 9.407583 2.039545 4.512585 3.115877 0.037635 2.263343 0.700169 0.665420 1.436752 2.938032 
0.345851 5.494994 4.577292 1.536837 1.774558 10.044414 0.772823 4.172409 2.842925 0.136754 2.144178 2.427147 1.577941 0.256302 4.586547 
0.318872 8.102225 3.672017 1.383516 2.086300 5.725687 3.031003 4.075648 3.153725 0.031337 0.409496 1.927296 1.103694 0.166511 
0.326440 5.040357 5.995235 1.551687 1.696756 8.062871 4.971203 3.664956 3.443621 0.011373 1.835317 1.008124 0.332943 1.993038 
0.341178 4.461853 5.402144 1.340519 1.717957 12.875624 4.253546 4.570524 2.711138 0.452732 1.225536 2.050679 0.966559 
0.327177 4.132745 4.508205 1.851493 1.525428 5.907028 4.576458 3.261224 3.007722 0.250197 1.258611 2.225244 0.586867 
0.302273 6.079682 4.788312 1.517271 1.449678 3.764877 3.405914 3.668616 2.942614 0.117473 0.706600 2.482854 1.318789 
0.310523 5.243736 5.994370 1.355774 1.211298 5.289538 3.093332 3.663005 2.950314 0.198214 1.124186 2.081043 1.398091 
0.332118 7.255742 6.544826 1.271272 1.077780 4.605174 3.669650 4.061916 2.951437 0.556085 0.403758 2.250614 1.551135 
0.332967 6.041456 4.484416 1.338961 1.381271 4.153994 2.723000 4.115095 2.795733 0.055810 0.125299 2.235358 1.419400 
0.318933 4.484215 4.635331 1.494442 1.672011 8.553432 2.732997 3.629013 2.599712 0.387883 0.948151 1.454962 2.222338 
0.326325 5.873186 4.816178 1.772529 1.711255 12.890434 3.366002 4.330081 3.691506 0.356124 0.536446 1.025810 1.426713 
0.311435 5.209528 3.928739 1.474898 1.651664 12.231451 2.745579 3.749515 3.135748 0.158133 0.639437 2.269162 1.068695 1.519887 
0.289913 5.101499 3.843276 1.368398 1.739837 16.452629 3.353903 4.011398 2.895445 0.444549 0.200479 1.110947 0.475579 
0.314592 4.075992 5.258684 2.054957 1.580079 21.758416 2.894376 4.815193 3.414441 0.085595 0.776835 1.096645 0.246218 2.796844 
0.309154 6.279032 4.317829 1.885866 1.693714 12.880939 4.043519 3.492057 3.040391 0.160029 0.097804 1.678775 1.322375 
0.314007 6.284174 4.433031 1.557757 1.502273 18.642509 3.530319 3.967644 2.799002 0.046163 0.042078 1.318587 0.201636 
0.319086 7.489737 5.139845 1.870309 1.672506 16.339855 2.998675 3.769433 2.599054 0.315968 0.523507 1.354509 0.267035 1.573448 
0.325874 6.474366 4.635777 1.754227 1.693733 14.097841 2.873748 3.865015 2.912384 0.042785 1.847923 1.183456 1.393857 0.252718 
0.352087 6.125503 4.894250 1.580842 1.749237 11.171094 3.825823 4.333061 3.007189 0.048933 0.459933 1.535232 1.010178 
0.349037 4.081798 3.861501 1.987454 1.648776 13.290361 2.287434 4.083659 3.152702 0.127646 2.824957 2.040457 1.247826 
0.342406 6.372842 5.054372 1.516062 1.903349 7.463738 2.913826 3.021257 3.133181 0.644893 1.021187 1.298967 5.244661 
0.339432 5.787266 3.213315 1.741282 1.996639 15.894719 2.901913 3.016619 2.631122 0.213997 0.328497 1.169014 4.207092 7.597214 
0.354691 6.497159 3.129236 1.951396 4.728430 5.897336 3.593527 1.623389 2.856032 0.069330 0.203502 1.410268 4.443494 
0.380187 6.663125 3.034541 1.371702 20.692075 7.391750 3.475144 1.077321 2.738456 0.214433 0.308186 0.066091 5.232933 
0.367445 4.684559 3.000132 1.572762 12.302554 10.636149 2.995212 2.006944 2.624482 1.042489 0.607578 0.281115 6.216892 
0.359442 6.131549 3.970440 2.056751 6.816477 7.862909 3.219851 1.801055 2.850895 0.341209 0.455745 1.333825 
0.363655 6.856257 5.565704 1.919259 4.942592 8.931184 2.914256 1.666287 2.704484 0.433969 0.517567 1.542988 
0.355277 9.400636 4.358153 1.535228 6.699999 8.290100 3.051478 1.744781 2.613517 1.160283 2.852809 1.827814 0.017353 
0.361100 18.632217 4.870570 1.567515 4.072204 14.215189 0.790539 1.606348 2.838835 0.658006 3.037926 1.609279 6.894472 
0.340273 9.431954 5.846441 1.888539 4.617044 12.053385 1.118589 1.817595 2.559241 1.054914 2.793988 1.469479 1.090265 
0.371861 7.748528 4.636107 1.780906 4.609533 13.832802 0.401917 1.821265 2.777338 0.429970 2.898641 0.823366 0.986615 0.416730 0.538926 
0.354269 6.996708 4.559996 1.903362 4.923950 11.217415 0.711472 1.953063 2.958144 0.054687 2.861805 1.138658 0.441433 5.350948 
0.286154 7.581521 4.968655 1.721995 3.784272 6.114429 1.110436 1.853778 2.675458 0.224079 3.068163 1.931010 0.456432 2.486727 
0.318006 8.951257 4.616840 0.973660 7.651946 9.947983 0.060860 1.568956 4.636342 0.772009 3.020525 1.948138 0.422201 2.003842 
0.302965 5.719265 4.320086 1.676459 5.825996 10.164247 0.912177 2.198169 3.312257 0.090353 2.679606 2.479543 0.447319 1.086615 1.705560 
0.278760 6.518772 4.141214 1.736753 4.409293 7.978855 2.040246 1.848959 3.626192 0.368720 2.750867 2.820105 0.345006 1.342638 
0.336254 7.121010 4.053159 1.667351 4.817289 7.814273 2.449823 1.390575 3.508139 1.587900 2.502021 1.879570 0.331493 1.955796 
0.338422 12.766713 4.476877 1.782165 4.717627 13.761840 2.930497 0.358495 3.074323 0.143483 2.698818 2.004333 0.345202 1.924587 2.540711 
0.316269 10.289664 4.798559 1.691261 5.169242 14.539255 1.033319 0.241479 2.869458 0.036585 2.633278 2.150582 0.350113 0.644436 4.081491 0.229148 2.032736 13.957418 
0.312804 11.849944 4.779699 1.994222 4.836087 11.698607 2.146554 0.436546 3.485555 0.437502 2.670190 1.833115 0.475365 2.844529 0.521530 0.532460 1.866113 0.393618 0.172075 
0.284999 8.264182 5.313890 1.802219 5.509274 9.281176 2.175298 2.528523 2.652196 0.484085 2.680313 1.432018 0.498234 0.467988 0.640521 0.820346 1.901527 0.208615 0.298800 0.242755 0.548788 
0.310455 7.819033 6.193672 1.412726 4.780002 11.592916 3.322166 0.281857 3.249281 0.064564 2.493131 2.154391 1.717074 1.413243 0.130927 1.121844 3.314915 0.245528 0.310416 0.494291 1.748342 
0.341783 7.115688 14.987693 1.690556 4.797744 19.421226 0.710307 0.844850 3.336785 0.700876 2.718225 1.899250 2.497306 0.103876 0.585211 1.788095 2.949855 0.943026 0.428579 0.246308 1.830581 0.294189 0.227252 0.431206 3.327677 1.029733 
0.344964 8.261401 20.035903 1.567496 5.997860 11.420316 1.337016 14.429502 3.246760 1.198056 1.503816 2.026321 1.932490 0.181292 0.827219 3.592746 2.683544 0.904043 0.322494 0.264134 2.389801 
0.327067 13.324538 27.636540 0.487352 5.254828 15.606446 0.978378 3.381754 3.478428 0.293646 1.524959 2.198774 1.527026 0.867704 0.712695 3.537130 4.270425 2.614095 0.402524 0.257506 3.001543 
0.266702 9.284803 48.678898 0.196292 5.427173 6.089794 1.998509 3.205888 4.645098 0.432517 2.608554 1.309019 1.378009 1.080962 0.742198 1.946064 3.481938 0.258587 0.372052 0.251516 2.836812 1.867946 2.027095 
0.308518 0.859579 17.984405 0.230921 4.723118 12.124745 0.353587 2.938248 4.379966 0.987764 0.243740 1.747004 1.995238 0.488933 0.791731 4.425297 2.591584 6.478377 0.438320 0.926259 2.831904 1.641012 1.891279 0.246587 0.874362 0.574312 
0.344184 10.923797 24.884403 3.080725 6.249628 9.933659 0.564745 3.001138 3.055344 1.073650 3.339060 0.907053 0.598983 0.440359 0.659362 6.788448 3.217153 10.010407 0.314306 0.140981 3.812567 1.198680 1.820707 3.121615 0.890247 0.135036 1.172109 0.170339 0.209067 
0.293275 7.535937 13.336921 0.296263 7.315032 14.012503 0.045073 3.071796 0.202819 3.741366 0.571075 1.489457 0.391361 0.326583 0.358122 6.900655 3.647369 3.205995 0.473382 0.097479 3.046225 1.196622 1.685206 2.710149 0.854273 2.217050 0.549247 
0.297586 6.317271 9.644813 0.265461 5.207183 14.108374 1.306259 3.558265 2.051810 7.917684 2.613336 1.365818 0.327964 0.301832 0.552000 1.833561 2.903464 3.367871 0.752229 0.230722 3.281689 0.120101 0.707806 5.005301 0.810619 1.752505 0.075058 1.534051 0.218700 0.555952 1.448826 0.360193 
0.322195 2.801661 0.551935 0.264696 6.383046 10.740120 0.331744 3.253373 2.106281 4.000444 2.978307 1.507623 0.353335 0.230308 1.444197 3.374323 2.485505 16.783151 4.019712 6.434286 3.342455 0.633625 0.109278 1.216498 0.844789 1.544406 0.338789 0.393494 
0.327058 0.234035 0.940343 0.421758 4.222181 12.246590 1.689318 2.868327 0.300195 3.857204 3.260424 0.478814 0.273331 1.875250 1.348107 1.973972 0.242613 29.851071 3.946146 6.687088 3.085388 0.356661 0.483158 1.483104 0.985468 1.590872 
0.347376 0.261641 1.923756 3.328404 5.024733 11.708331 2.468538 2.541636 2.842774 2.653821 4.738854 1.471675 0.327408 2.552209 1.831326 1.085617 0.115146 25.846315 1.900828 5.131207 3.286412 2.930591 0.314046 0.451539 0.533159 1.246607 0.142593 
0.240113 0.315136 4.531200 2.223101 2.080237 4.462205 2.865496 1.614672 0.446967 1.462869 3.570217 1.179184 0.274549 0.663715 0.732876 2.360944 1.973157 33.234414 2.452345 5.700149 3.008121 2.830654 0.737689 7.396838 
0.230848 0.401765 4.977563 1.815535 1.362859 3.428962 4.971383 4.052313 4.581485 3.024781 1.976165 1.663665 0.348644 0.749641 0.483428 0.166179 1.633296 20.690767 12.297590 4.981826 3.140153 4.221202 1.034980 0.664686 0.234835 0.533888 
0.242687 0.326574 6.514042 1.095769 2.202628 3.832233 5.366926 6.427870 6.894844 0.865599 2.327724 0.800716 0.248748 0.699354 1.524312 0.725225 0.465309 0.861595 1.019846 5.034334 3.460846 2.047817 1.581464 1.049086 0.100690 0.478370 0.820608 2.065470 0.305873 
0.072545 0.271501 4.886335 4.259583 0.263076 3.536539 7.125123 3.308577 7.782898 1.125037 13.930163 1.794358 0.881382 0.719029 1.625642 0.694680 2.247429 0.238202 0.210346 7.696400 3.466590 1.539611 0.675450 1.318504 1.367018 2.584875 1.061528 1.738331 0.361567 0.410045 0.125740 0.568546 
0.780135 0.321310 7.849483 0.634212 1.873401 6.572063 3.689948 8.211298 8.489875 4.013602 1.589575 1.814774 0.771972 0.704753 4.307595 0.799126 1.365137 0.171644 0.166767 6.954229 3.684550 1.889095 2.904399 3.857034 0.532916 2.500335 0.032500 0.686355 0.403135 0.347734 0.200564 
3.005874 0.410225 6.293490 0.783714 0.101084 7.037460 1.982334 8.361164 7.421259 0.437291 3.772345 2.290775 1.372354 0.646982 1.281816 0.793138 0.700044 0.101028 0.248631 6.816486 0.138474 1.152513 2.919025 4.810849 7.908339 3.165028 0.659700 0.344837 0.275091 0.605707 0.106585 2.194752 0.575210 1.795808 
2.592838 0.307143 6.544888 1.284847 0.787097 7.444541 2.292031 5.229869 8.586490 0.279109 3.423333 3.504405 1.139852 0.393688 1.942990 1.489400 0.573429 0.130368 0.535717 8.910106 0.894754 1.352141 1.854927 4.773216 0.736307 0.781848 3.587196 1.314419 0.219391 4.260188 0.188333 1.628107 0.745412 0.538209 2.892467 
1.666277 0.329841 10.270371 0.184958 0.335079 9.700748 0.741799 8.611654 6.358078 0.558207 3.320526 2.173100 2.714178 1.234974 1.610018 11.162069 4.026358 0.196383 0.180810 17.430742 0.232467 0.093644 0.031480 2.559844 2.084919 1.158028 2.476209 2.573890 0.091963 6.785485 0.306396 1.800767 0.379185 
7.672572 0.282250 3.117070 2.209957 0.258733 6.532324 0.356132 7.157545 10.198601 1.703368 2.916719 1.680233 0.122997 0.102046 0.238331 0.037914 5.091295 0.246050 0.210254 9.310415 0.938218 1.599282 1.647933 1.201137 2.599998 0.710475 2.469144 3.282847 0.636451 3.444727 1.007128 
1.814705 0.247394 2.348033 1.595777 0.204931 4.209200 1.007741 5.658397 11.629813 7.866523 3.127312 0.557239 3.542446 1.202328 0.405315 0.467454 2.977435 0.223022 1.254901 10.019865 0.320590 1.646433 3.425687 0.813486 1.597560 0.729181 2.464438 7.696313 3.237695 0.349156 1.166010 2.456728 1.783591 
1.737346 0.347163 2.167815 0.293216 0.295007 7.101408 0.224968 9.970548 10.374976 4.597268 3.427561 0.412214 2.443975 0.561896 0.419502 0.959957 5.231811 0.245105 0.282020 10.428920 3.019603 0.826131 1.218050 1.011110 1.459271 1.541611 1.816946 8.210760 4.387193 8.287324 0.341558 0.436379 0.657158 3.659647 
1.430539 0.331043 0.365150 0.238388 0.319950 16.200154 0.897045 6.706830 10.265260 8.567758 3.049740 0.950304 1.335754 0.696610 0.316136 1.212157 3.790325 0.231087 1.710332 9.691778 0.842690 0.812860 2.444130 1.873035 1.928040 0.353954 1.336226 2.034753 4.051630 4.661413 6.433813 3.683857 3.331185 1.831519 
1.759507 0.415673 2.446127 0.374360 0.350955 17.633705 0.366852 6.671346 9.982105 5.100034 3.009903 1.398731 0.308875 0.189441 0.468927 0.945222 4.198141 0.121876 1.627866 10.143647 0.498906 2.583622 2.109496 0.335856 3.361634 0.810225 2.028981 0.406858 2.827777 1.147652 2.236867 1.225904 
1.894402 0.368083 1.580694 0.438787 0.091115 17.998383 0.325226 8.102105 16.158425 7.190150 3.034559 1.877952 1.823637 0.228834 0.518621 1.242177 2.938329 0.263909 3.732761 7.006404 0.293361 0.188974 1.115449 2.365294 4.037130 2.269354 1.251994 0.493024 3.879762 1.128957 1.101470 0.401551 0.434145 1.692376 1.747437 1.932574 
1.689452 0.393371 2.316055 0.278372 0.285252 0.254978 0.078900 8.964224 10.763409 7.628701 3.021052 9.600374 2.624433 0.459892 0.587315 0.186146 2.288255 0.161383 2.925133 9.692603 1.086476 1.686370 1.107347 3.061585 8.523102 0.451497 1.152734 1.340387 6.397185 0.676278 36.578627 0.355356 1.350996 1.490794 0.590932 
1.747968 0.361075 0.141678 0.447912 3.812268 2.782311 0.284362 7.348098 24.070934 3.755632 2.624359 9.930537 1.209605 2.650809 0.360833 1.063944 1.909646 0.921428 1.757211 9.721139 1.605969 4.938879 1.316748 1.882729 7.644460 2.862836 0.820716 0.554445 5.507288 0.189179 0.408222 0.269757 0.189159 0.531481 3.311859 1.935199 2.320280 0.767731 
1.928434 0.321833 5.946567 2.709027 0.888073 1.944675 1.314535 3.519210 11.258216 8.683434 3.000690 17.629084 0.238580 3.339326 13.364354 1.093598 1.087756 0.678482 2.204125 8.003236 0.789240 2.364027 2.455299 0.452753 1.896333 3.231106 1.677326 0.110961 2.014662 0.317360 0.242758 1.132589 0.218623 0.588251 0.309598 0.415634 
1.719282 0.333714 0.327964 1.231696 1.002125 1.431797 1.425589 1.956760 8.779884 3.061987 4.750780 12.524320 0.220530 2.361588 6.452907 0.655870 0.186708 2.167688 0.517285 6.273570 6.346633 0.967081 2.448029 0.819854 8.650592 2.205355 1.894551 2.151136 0.414843 1.511880 0.266897 1.160813 0.204942 0.885479 1.787892 2.975678 
1.895295 0.299603 0.139862 1.200665 1.426627 0.369229 2.111080 0.048064 10.243860 3.799046 3.451804 9.906181 0.340360 2.610903 3.250302 0.320733 1.618896 1.061721 2.075505 7.467988 2.154707 1.484648 5.447875 0.366850 9.420127 0.363121 1.780774 1.081125 5.196258 0.790246 0.216615 1.005842 0.896237 0.801586 0.537354 
1.460948 0.535727 0.644231 0.834243 1.957727 1.048731 1.949164 1.701516 9.629640 1.632501 3.708466 10.685644 0.173475 2.264956 0.259445 0.584679 2.015025 0.979473 0.424738 8.667730 0.672605 1.884591 4.943167 0.262301 4.931433 1.058234 1.769055 0.614234 1.165945 2.985744 0.279531 3.333496 
0.744921 2.095795 0.277162 1.121747 0.374887 0.665196 1.930531 2.664524 8.361126 0.565423 3.097761 9.429132 1.070444 2.184586 0.150494 0.573205 3.092092 1.914299 0.141143 7.065682 1.073732 1.948325 0.633532 0.358784 1.141107 6.342536 1.357705 0.452635 1.909619 2.429946 0.180540 4.274047 0.341750 9.051956 0.240494 0.427378 
3.580829 5.786986 0.468154 1.035882 1.037250 1.660192 2.002250 2.595947 10.208935 2.442038 0.465538 11.671033 3.757193 1.657279 0.084525 1.090874 0.208314 4.263215 0.121180 1.762037 0.804134 1.806609 4.121997 0.507149 1.169029 4.921163 1.920046 0.303283 0.051951 0.628488 0.281858 1.612378 0.034867 12.198886 5.077802 7.626381 0.673674 0.315341 0.571125 0.529195 
