    11.044301 187353.145848
    12.634272 187368.799034
     9.353078 187367.746547
     8.930300 187361.989003
     7.861879 187367.394195
     1.146325 187368.623813
    14.597835 187369.900519
     9.815756 187371.150346
    15.506743 187367.435141
    13.850959 187369.748504
    10.999307 187363.600434
    10.354488 187362.717289
    10.655335 187367.588876
    -4.162743 187367.294859
     3.379609 187355.282908
     2.839611 187364.858581
    10.562655 187369.171397
     6.207557 187364.217925
     2.735311 187370.671923
     2.486106 187370.415139
     6.133995 187369.603571
     2.481497 187361.852439
    -3.235810 187362.939753
    14.946492 187367.988052
    10.776118 187369.129984
     9.443224 187373.253283
     6.521883 187361.785981
    10.148293 187361.085976
    12.531629 187373.094955
     9.287698 187365.756278
     9.409469 187352.688217
     3.175100 187364.363781
     4.939784 187380.790211
     5.762475 187375.209690
    12.099353 187355.655181
     5.924940 187371.256132
     9.015638 187367.463654
     3.834276 187375.280856
     1.728995 187356.977241
     3.983517 187367.780974
     4.128781 187371.566283
     5.134863 187381.504846
    -0.001852 187359.480491
     7.206316 187372.295498
     2.276100 187376.212201
     4.104706 187373.739170
     6.287651 187380.453460
     6.831621 187381.165949
     4.777342 187393.524883
     4.737164 187374.428845
     4.889026 187369.042661
     9.518465 187387.835830
     7.801027 187379.994060
     5.918541 187386.513985
     5.863554 187391.389998
    -1.816460 187385.492891
   -10.437429 187402.175024
   -16.411794 187377.007228
    -1.382661 187385.526621
    -5.994160 187391.144416
    -1.448286 187394.826164
    -5.196086 187398.665478
    -4.537860 187388.837292
     1.421428 187403.876650
    -5.322259 187370.828041
     4.435072 187373.458998
     4.517869 187392.412695
     6.478803 187382.481666
    13.779389 187379.795271
    14.930896 187385.487840
     6.013535 187376.843490
     2.160979 187387.165723
     6.853699 187381.169345
     4.436195 187373.494969
     7.991836 187379.623437
    10.325026 187390.003411
     1.283054 187383.030547
     0.133975 187379.101265
    11.044134 187384.118151
    15.622777 187377.542444
    16.833869 187380.842838
    19.815433 187372.720147
    13.977709 187372.338738
    21.326020 187380.557920
    19.355620 187371.322210
    17.101134 187380.976855
    17.145738 187371.957650
    15.965986 187374.024214
    14.282365 187374.899082
     8.415546 187375.753878
     8.203435 187386.378625
     6.904247 187381.397692
    12.541870 187385.376779
    16.441850 187377.775278
    11.088194 187392.623974
    13.176356 187377.279778
    15.490534 187366.182410
     4.845441 187397.877005
    10.360440 187396.518780
     8.722903 187379.741070
