       0        0        3
0.741935        0        3
 2.22581        0        4
 2.96774        0        4
 6.67742        0        2
 8.90323        0        5
 9.64516        0        4
  11.129        0        4
0.370968   0.7625        9
 1.85484   0.7625        3
 2.59677   0.7625        7
 7.79032   0.7625        1
 8.53226   0.7625        4
 9.27419   0.7625        5
 10.7581   0.7625       10
    11.5   0.7625        5
       0    1.525        6
0.741935    1.525        3
 2.22581    1.525        5
 2.96774    1.525        7
 5.19355    1.525        1
 6.67742    1.525        1
 8.16129    1.525        1
 8.90323    1.525        5
 9.64516    1.525        7
  11.129    1.525        5
0.370968   2.2875        7
 1.48387     3.05        7
 2.59677   2.2875        4
 3.33871   2.2875        1
 6.30645   2.2875        1
 8.53226   2.2875        4
 9.27419   2.2875        4
 10.7581   2.2875        3
    11.5   2.2875        2
       0     3.05        2
  1.1129   3.8125        5
 1.85484   3.8125        6
 2.96774     3.05        4
 5.93548     3.05        1
 7.04839   3.8125        2
 8.90323     3.05        8
 10.0161   3.8125        4
 10.7581   3.8125        3
0.741935    4.575        5
 1.48387    4.575        3
 2.22581    4.575        5
 3.70968    4.575        1
 4.45161    4.575        1
 8.16129    4.575        5
 9.64516    4.575        5
 10.3871    4.575        7
  11.129    4.575        4
0.370968   5.3375        6
  1.1129   5.3375       10
 1.85484   5.3375        8
 3.33871   5.3375        5
 7.04839   5.3375        1
 7.79032   5.3375        1
 9.27419   5.3375        2
 10.0161   5.3375        6
 10.7581   5.3375        7
0.741935      6.1       11
 1.48387      6.1        3
 2.22581      6.1        6
 3.70968      6.1        1
 4.45161      6.1        1
 8.16129      6.1        2
 9.64516      6.1        4
 10.3871      6.1        4
  11.129      6.1        4
