0.363452 2.177850 2.638532
0.365921 2.267600 2.713252
0.355370 2.241589 2.534853
0.360191 2.226774 2.603343
0.366428 2.390619 2.683528
0.366282 2.413262 2.730328
0.362175 2.304087 2.709278
0.365066 2.355909 2.639898
0.367351 2.094916 2.791004
0.373003 2.173982 2.664740
0.364256 2.132299 2.612408
0.363280 2.022578 2.744065
0.344325 2.135161 2.538780
0.346067 2.219063 2.476082
0.359882 2.297727 2.582176
0.360677 2.196599 2.608242
0.356065 2.217072 2.576387
0.371883 2.373034 2.613374
0.361504 2.094225 2.451243
0.353207 2.288979 2.606484
0.373624 2.445370 2.661242
0.355811 2.335550 2.629847
0.378308 2.246528 2.828999
0.380959 2.426480 2.769352
0.381789 2.406003 2.798000
0.378372 2.320139 2.701477
0.375630 2.342138 2.801896
0.370495 2.378386 2.574356
0.366458 2.561104 2.645604
0.359868 2.462930 2.638517
0.357375 2.284084 2.559801
0.354495 2.148853 2.499669
0.358223 2.154000 2.560492
0.361702 2.150782 2.561180
0.359688 2.401021 2.584010
0.356554 2.167789 2.632823
0.345336 2.160206 2.532200
0.349666 2.560607 2.699492
0.362077 2.300424 2.641386
0.349732 2.432959 2.535218
0.361584 2.078503 2.598132
0.372285 2.518806 2.636001
0.362160 2.499900 2.667657
0.368918 2.323151 2.722620
0.355993 2.341401 2.720590
0.370317 2.296017 2.908393
0.365386 2.234731 2.659076
0.366962 2.077322 2.626598
0.353621 2.219780 2.533327
0.346170 2.158480 2.490530
0.343196 2.331918 2.453185
0.358060 2.185246 2.674073
0.347989 2.151899 2.446248
0.348137 2.219345 2.542144
0.349516 2.157004 2.354031 2.986517
0.373216 2.270477 2.578156 3.072629
0.361204 2.318709 2.384884 3.075446
0.362345 2.440751 2.494928 3.490071
0.353627 2.169796 2.436970 3.046329
