1.032130 1.018246 1.176617 1.095863 0.984957 0.890019 1.132931 0.909349 1.004923 0.798659 1.127113 1.168213 0.990052 1.098810 1.110322 1.080483 1.139710 1.144418 0.946716
0.992738 1.027884 1.176198 1.111730 0.888087 0.796176 1.151675 1.100308 1.129829 0.990296 1.077154 0.862311 1.135227 1.075172 1.062250 1.075120 1.024478 1.010325 1.142107
1.188213 0.881433 1.179721 1.129199 1.247423 1.112989 1.011891 1.070185 1.044867 1.125041 1.068565 1.139381 0.819963 1.061181 1.157699 1.024414 1.105819 1.148469 1.062842 1.172353 1.112350 1.048262
0.891743 1.149099 1.183326 1.100237 0.999285 1.080071 0.822658 0.999997 1.066712 0.997272 0.873321 1.149461 1.109485 1.166807 1.033202 1.102049 1.048412 1.047317 1.051470
0.883056 1.151840 1.106994 1.101434 0.800286 0.985802 1.003551 1.118279 1.013330 1.106601 1.098080 1.032734 1.040256 1.159086 1.120408 0.869085 1.087986 1.112915 1.020824 1.213480 1.225644 1.127148
0.873570 1.145403 1.095818 0.805786 0.990908 1.013351 1.106540 1.004099 1.094306 1.021232 1.016117 1.161143 1.042795 1.094203 1.193847 0.888348 1.087552 1.090168 1.132345 1.168216 1.128964 1.022261 1.115727 1.157317 0.833031
0.865827 1.163565 1.094260 0.801729 0.978451 0.998670 1.066123 1.003884 1.090174 1.101312 1.142099 1.159651 0.899898 1.093939 1.190576 1.016582 1.112350 1.171452 1.120686 1.086268 1.093965 1.050188 0.837175 1.154566
0.882890 1.076673 0.811656 0.989535 1.086901 1.084802 1.162937 1.079641 1.170010 1.133174 1.043825 1.180220 1.032962 1.106787 1.126444 0.895030 1.131804 1.019456 0.976762 1.037911
0.841861 1.108675 0.795618 0.983583 1.089742 1.149651 1.140528 0.918669 0.958609 1.105299 0.979992 1.124386 0.997183 1.082220 1.103550 1.041490 1.036560 1.143527 1.089927 1.148902 1.169667 1.019355
0.865053 1.112781 0.796392 0.970391 1.073133 1.129407 1.147454 1.188965 1.090463 1.013335 1.004026 1.090759 1.111845 1.008964 1.101811 0.959862 1.015836 0.885027 1.024961 0.983502 1.098883 0.819803 1.009362 1.029350
0.908777 1.136939 0.820111 1.021809 1.250553 1.062460 1.181006 1.094218 0.905539 1.131319 1.114371 1.142951 1.183724 1.054076 1.130229 1.199050 1.128217 1.050633 1.038832 1.100739 1.028934 1.157052
0.915800 0.798560 1.029448 1.114128 0.914773 1.130821 1.160254 1.134628 1.245366 1.080476 1.010699 1.167521 1.058702 1.005353 1.194872 1.158398 1.011944 1.040402 1.095108 1.147690 1.137911 1.155510 1.123879 1.009846 0.811549
0.926564 1.127984 0.972336 1.157797 1.020849 1.078175 1.218878 1.157731 0.838491 1.092510 1.208970 1.085002 1.193118 1.150351 1.027433 1.114140 1.195568 1.096848 1.226340 1.238274
0.919078 0.960555 1.176771 1.156512 1.219192 1.132328 1.226639 1.197049 0.992179 1.063617 1.119428 1.068273 1.049705 1.179377 1.199431 1.081179 1.067027 0.831763 1.079259 1.192693 1.051284 0.951252 1.226939 1.113400
0.892543 0.931751 1.141924 1.213076 1.147008 1.127696 1.036937 1.022328 1.103704 1.030161 1.216077 1.218594 1.182067 1.067979 1.077785 1.118335 1.046074 1.171663 1.174070 0.820087 1.024820 1.158265 1.059203 1.206287 1.066887 1.093548 0.947693
0.888397 1.117539 1.005127 1.025876 1.026904 1.042851 1.098988 1.171096 0.809449 1.219367 1.105320 1.066105 1.192025 1.152262 1.085260 1.044117 1.106487 1.171759 0.904295 1.172912 1.149824
0.886078 1.141609 0.992553 1.048252 0.806159 1.237331 1.112656 1.084235 0.910261 1.213111 1.100834 1.049715 1.008082 1.183834 1.143527 1.109714 1.203388 1.200353 1.026161 1.078182 1.080561 1.184538 1.118237 1.083837 1.062891
0.890781 1.132386 1.101895 1.180377 1.036862 1.085505 1.156898 1.180547 1.026152 1.079925 1.025056 0.798927 0.895666 1.060813 1.183077 1.015679 1.147802 1.074374 1.146759 1.191362 1.151895 1.049677
0.871489 1.180966 1.018308 1.129415 1.150429 1.143253 1.139158 1.046331 1.203121 1.062991 1.030154 1.112610 1.121743 0.983808 1.108027 1.022478 0.896601 1.198758 0.817441 0.974597 1.135265 1.012813 1.019173 1.012172 1.131776 0.869874
0.908176 1.171124 1.024429 1.195806 1.109905 1.119979 1.112199 0.942149 1.177207 0.794498 1.185000 1.004350 0.998037 1.159352 1.043558 1.003711 1.114155 1.153892 1.101160 1.086823 1.086043 1.112260 0.860104
0.886974 1.032560 1.154036 1.106450 1.110343 1.122133 0.876014 1.221090 0.796653 1.006389 1.047590 1.012248 0.998761 1.156121 1.119169 1.127094 1.003880 1.163382 1.069157 1.071406 1.126913 1.097770
0.884895 1.031636 1.172987 1.131376 0.924084 0.803861 0.957472 1.007702 1.050275 1.157148 0.988854 1.104859 1.228566 1.098431 1.063583 1.145555 1.126998 1.140726 0.862743 1.028008
0.874658 0.866906 1.149692 1.097926 0.796118 1.131188 0.975994 1.076158 1.071014 1.064031 1.025035 1.081947 0.957072 1.154018 1.107577 0.995017 0.968197 1.099856 1.073828 1.117310 1.029418 1.130127 1.233125 1.113868
0.847485 1.064455 0.794491 1.113142 1.059736 1.046315 0.972503 0.972510 0.810646 1.057319 1.015317 1.109866 0.978680 1.137505 0.952673 1.044733 0.815048 1.135899 0.923681 1.097172 1.021550 1.021344 1.024435 1.116580
1.068174 1.065476 1.126155 0.928148 0.865339 0.998943 1.081744 0.847311 1.126742 0.979749 0.998670 1.100381 0.804012 1.043026 1.120125 1.005332 1.056377 1.064559 1.041220 1.113816 1.083174
1.052425 1.072581 1.134593 0.855797 0.960535 1.004304 0.810840 0.995536 1.079181 1.002822 1.040730 0.977030 0.859135 1.121978 1.006421 1.089926 1.092952 1.092961 1.241656 1.010302 1.100875 1.007305 1.188142 1.180577
1.077602 1.154090 0.897657 0.961299 1.023315 0.799850 1.020170 0.995919 0.873030 1.150860 1.100668 1.040655 1.083314 1.071454 1.038710 1.111331 1.184066 1.041978 1.152278
0.999899 0.802442 0.993538 0.895799 1.183537 1.119011 1.113990 1.072819 1.064705 1.090191 1.004701 1.176337 1.133171 1.044466 1.021206 1.140894 0.930957 1.125942 1.135192 1.004689 0.866507 0.966564
0.901222 1.060025 0.991917 1.013443 1.165667 1.169832 0.820848 1.107454 1.135059 1.145818 1.118441 1.041535 1.024691 0.853311 1.148654 0.967627 1.061107 1.034944 1.050214
1.069004 1.195384 1.182037 0.810005 1.110403 1.100127 0.998132 1.064839 1.061541 1.051548 1.149675 0.873687 1.127852 1.135937 1.017611 0.943687 1.048186
1.192491 1.186622 1.126231 1.023860 0.894104 1.144898 1.026070 1.096649 1.111824 0.811147 1.034654 1.065605 1.003939 1.120085 1.133414 1.153621 1.072071
1.180836 1.159880 1.059089 0.923729 1.033080 1.103311 0.819943 1.007220 1.169808 1.146061 1.205644 0.949790 1.068686 1.173872 1.188340 1.059155 1.101527 1.132788 1.027951 1.071525 1.171166
1.198717 1.042652 0.892315 0.833722 1.015942 1.131563 1.201698 1.082744 1.152611 1.035574 1.053484 1.239065 1.129315 1.154182 1.149672 1.086105 1.168585 1.035009 1.081272 1.062417
1.189908 0.897130 0.999532 1.110815 1.171939 1.087299 1.026849 1.113161 1.027270 0.924018 1.113890 1.025945 1.166407 1.103927 0.830358 1.149881 1.125740 0.940035 1.119505
1.185508 0.909863 1.006504 1.129570 1.110746 1.030645 1.032627 0.946827 1.132421 0.802811 1.076467 1.142488 1.071933 1.186060 1.168175 1.245036 1.103796 1.165044 1.186394 1.040494
0.886864 1.032214 1.146409 1.115914 1.030399 0.937563 1.164375 0.800687 1.140254 1.041845 1.209835 1.230389 1.078487 1.172132 1.089996 1.002297 1.190935 1.090399
0.896421 1.032576 1.152911 1.002268 0.953572 1.220696 0.801951 1.116977 1.053813 1.203841 1.149206 1.155872 1.122286 1.062620 1.101894 1.133485 1.055164 1.076253 1.199840
0.904351 1.013864 1.130371 0.986045 0.896676 1.155523 1.133268 1.208081 1.093816 1.150996 1.093992 1.049891 1.108233 1.067283 1.029678 1.183245 1.184242 0.805081 1.172064 0.947187 1.109363 1.121606 0.994389 1.249669
0.902155 1.008285 1.022727 1.205460 1.142531 1.093156 1.173856 1.189470 0.808924 1.137311 1.045421 1.108376 1.133054 1.068339 1.144270 1.137697 1.027736 1.036877 1.132259
0.892283 1.023099 1.171083 1.153393 1.192037 0.816665 1.109399 1.115152 1.145208 1.033143 1.011894 1.108625 1.226118 1.125739 1.044983 1.118257 0.973992 0.998430 1.107853 0.904496
0.858527 1.177617 1.152208 0.798409 1.074246 1.116672 1.031426 1.171704 0.947700 1.013545 1.009054 1.001695 1.112701 1.202920 1.099626 1.090004 1.127032 1.102243 1.061270 1.145306 1.086116
0.920774 1.160195 0.812704 1.031938 0.976357 0.997029 1.010804 1.105022 1.080064 1.219696 1.099688 1.128267 1.164579 1.051551 1.139847 1.080959 1.133097
0.875060 1.175300 1.052651 0.904418 1.106564 1.111660 1.116447 1.168659 1.010942 1.063892 0.984353 1.229968 1.150443 0.799135 1.084544 1.134609 0.996998 1.016901 0.843439
0.881512 1.163382 1.068525 1.108127 1.120552 1.161629 0.987052 1.083931 1.004803 1.087320 1.031193 0.883621 1.209127 1.101802 0.794598 1.021005 1.138761 0.983597 0.993294 1.044616 1.001062
0.873325 1.173775 1.011553 1.118210 0.921530 1.124181 1.042747 1.091390 1.159994 1.038730 1.202347 1.087359 1.071211 1.006099 1.178987 1.149177 0.822437 1.160913 1.075721 1.141754 1.031108 0.941856
0.888588 1.171089 0.993592 1.101948 0.892751 1.106717 1.029820 1.023361 1.176965 1.130874 0.810167 1.143671 1.074027 1.111749 0.983548 1.074505 1.004131 1.177668 1.105536
0.910222 1.196259 1.056750 1.165856 1.077516 1.191422 1.148507 1.046382 1.031944 1.086670 1.044460 0.924937 1.146821 1.160320 1.155871 0.804346 1.153624 1.113047 1.164454 1.101278 0.824235
0.900493 1.216850 1.072740 1.213184 1.075129 1.145948 1.162121 1.137727 0.978526 1.156216 1.101969 0.982207 1.061084 1.181884 0.838047 1.099859 1.172138 1.042312 0.815205 1.158368 1.075732 1.048327 1.018882
0.929859 1.061500 1.158325 1.118351 0.935401 1.145694 1.215788 1.048664 0.819637 1.201990 1.041810 1.204020 1.086856 1.178391 1.020920 1.146294 1.175379
0.941712 1.079029 1.111580 1.142657 1.246363 1.033164 0.833716 1.252250 1.071066 1.051991 1.164415 1.140679 1.197285 0.945296 1.173813 1.146962 1.164119 1.207213 1.102103
0.916805 1.075154 1.092043 1.125095 1.217064 1.016852 1.178378 1.190394 0.940010 1.150702 1.221717 1.224317 1.037116 0.811242 1.160007 1.086914 1.131584 1.146644 1.142349 0.937037 1.070467 1.215136 1.142951
0.926815 1.061151 1.034772 1.168591 0.854870 1.146198 1.228084 1.050212 1.122675 1.201714 1.175934 1.256033 1.149363 1.146306 1.162440 1.116443 1.074191 0.867466 1.177703 1.172609 1.063579 1.139513 1.117757 1.189409
0.947671 1.084661 1.187054 1.159045 1.252681 1.224435 1.183277 1.244388 1.135632 1.151196 1.052952 0.957027 1.171287 1.090644 1.177656 1.065127 1.088251 1.089920 1.138076 0.819683 1.236847 0.941492 1.082952
0.905295 1.037721 1.153463 1.141133 1.208292 1.206337 1.153350 1.039186 1.198108 1.176797 1.118777 0.817302 1.220549 1.101835 1.062995 1.088626 1.236953 1.022934 1.012370 1.077690 1.060367
0.906762 1.155149 1.137340 1.191778 1.034155 1.166722 1.158127 1.158953 0.958358 1.069082 1.008360 1.062229 1.218253 1.178163 0.832742 1.122797 1.178308 1.076398 1.253679 1.108537 1.094842 1.020916 0.875231 0.970183 0.978051
0.911023 1.103586 0.920142 1.177900 1.017327 0.976215 1.177212 1.145555 1.133087 1.116171 1.026853 1.115745 1.080902 1.070167 0.828989 1.064836 1.096236 1.053497 1.195424 0.809666 1.015571
0.890291 1.103199 1.185042 1.018711 1.186238 1.123295 1.096685 0.808975 1.009569 1.080744 1.124980 0.996924 1.038372 1.042648 1.138314 1.085098 1.200621 1.128557
0.904044 1.112853 1.169335 1.002246 1.177999 1.118944 0.814771 1.007645 1.026982 1.082313 1.037729 0.915429 1.072432 1.021068 1.144026 1.083289 1.174211 1.171560 1.143328 1.236781 1.125755 1.114866
0.922736 1.127692 0.998949 1.200414 1.107117 0.801910 1.007501 1.035071 1.034376 1.243405 0.924029 1.058961 1.011579 0.859896 1.151465 1.121808 1.101553 1.187216 1.098425 1.102487 1.079700 1.173859 1.170332 1.135142 1.084832 1.169611 1.161118
