5.475429 6.591374 10.273824 7.476991 4.357516 5.137940 3.107885 5.945893 7.121035 5.315252 6.327503 7.722644 5.294051 4.519844 11.218730 3.464575 11.107056 1.539667 5.987289
5.682938 6.592257 10.259450 7.544063 5.148416 4.691435 8.099923 11.036809 10.746177 3.939426 6.443877 6.083735 2.626463 3.899283 3.176099 1.624363 6.575631 5.319358 2.878636
9.846663 5.237880 8.129735 11.368472 2.781357 7.314518 6.754596 6.853740 5.804774 3.146024 2.090132 1.857879 5.732817 4.666093 11.122289 5.620792 6.519522 1.724023 6.139295 10.763148 0.018185 6.117600
5.224282 8.240118 2.443536 7.279235 6.926566 4.124492 5.903027 5.621126 6.470897 5.777285 6.318349 11.274996 1.938089 9.924806 6.522178 10.890506 2.230300 0.224788 1.268357
5.224282 8.024245 3.102910 7.821101 5.483588 5.740464 5.858713 11.070836 7.106219 10.760931 2.265566 2.657719 7.170772 9.764946 1.302193 6.203581 4.337814 7.575012 1.092490 2.757968 2.712941 10.021503
5.330546 8.149547 7.356282 5.494052 5.386612 5.523709 11.112968 6.183195 10.809899 2.699074 7.533986 9.505066 4.791245 7.716414 2.216802 5.761707 1.477155 6.237415 2.548255 10.657234 1.723183 0.797618 0.747339 5.599569 7.693580
5.330546 7.852652 7.441301 5.564953 5.512082 5.978521 2.983256 7.506189 4.489639 11.157847 10.146699 2.500069 5.783568 7.996855 2.131941 6.668066 7.413231 8.686805 1.351462 0.897263 3.901439 5.014276 7.332102 7.511369
4.927293 6.737921 5.554066 6.254686 3.665594 11.091106 3.148800 6.948290 8.049660 9.908481 4.420186 10.838436 2.338442 0.583859 1.800969 6.021311 11.223771 7.090764 5.545015 4.496039
5.264164 6.924260 5.461180 6.530584 11.394390 8.648896 10.775819 5.935801 5.387686 10.696489 6.600224 2.462519 6.905585 3.959734 6.753766 1.727833 4.612712 0.026296 1.220683 2.358010 6.099886 6.776362
5.718677 8.241376 4.099443 6.251016 11.114295 8.074227 9.814991 3.595117 3.145683 3.497359 7.132714 6.393482 3.045748 6.895010 10.738144 4.229031 4.582916 5.482679 4.455334 5.988060 1.077037 6.882819 6.411155 5.741091
5.932397 7.685334 4.407853 5.871463 2.793618 7.396541 8.301829 3.739969 5.807250 2.294339 11.101578 9.934533 9.249909 2.955541 6.930830 2.476317 2.831481 5.984313 6.981817 2.072992 4.796777 7.995266
5.930368 4.776044 7.553140 3.920545 5.820817 11.042986 10.461468 7.806491 2.817320 3.744605 5.139496 8.664872 2.109719 6.760595 8.750516 10.452378 4.150770 5.805362 0.289462 1.438607 1.877865 1.954323 5.702800 3.952038 0.188507
5.944654 4.227372 5.813543 7.447560 6.544363 6.541936 9.528994 11.298994 5.261497 6.358766 8.579875 5.640446 10.553571 2.090681 5.292567 1.294849 9.100919 0.046128 2.602023 5.880612
6.066994 5.742463 8.044971 6.437830 9.866497 11.463336 9.003719 2.023226 4.286982 5.569533 4.503168 5.839714 6.531845 10.670255 2.574557 1.160142 6.539867 3.947218 3.286676 0.087646 5.705689 5.972327 0.094941 4.993938
6.317982 5.839455 7.537102 10.127395 10.442440 11.395973 6.396741 5.505491 2.952395 6.581187 2.240208 8.114784 8.583761 1.660994 7.308645 5.016073 5.104424 7.461386 2.430908 4.483272 3.953524 11.136034 5.339263 8.270490 5.711685 0.033933 7.898101
6.355440 10.087567 6.694953 4.594105 6.773769 7.270290 7.244931 3.190196 4.790442 2.184277 7.599531 4.241481 9.906338 0.274503 1.990340 5.563620 3.627774 9.568273 6.450491 7.920517 1.174045
6.229189 11.440771 6.824915 6.490864 5.869457 2.793446 7.599480 3.233437 6.456466 8.218729 2.580314 7.108266 4.381295 8.960385 1.254598 3.991618 3.178415 9.381230 5.336800 6.005053 6.400841 10.812651 8.064503 2.032872 6.530529
6.184326 10.940156 7.116144 8.028118 7.108266 3.958683 2.706825 9.483145 6.437124 7.122301 6.581906 4.468515 6.438986 3.272606 2.397493 4.881567 9.766522 0.397156 9.320575 9.549287 10.690986 5.602172
6.200984 7.632518 6.589765 6.964182 9.650178 10.880247 1.942299 6.959399 9.657043 3.778847 6.128503 4.217563 10.565523 5.183936 7.438922 5.077940 6.616191 2.829029 4.712196 4.060126 4.324163 6.364081 6.264600 7.041000 0.794728 6.178497
5.818054 8.597147 7.033768 9.370687 4.233711 10.160656 7.664474 6.436746 2.179532 5.535152 3.353839 6.888977 4.150500 11.337652 5.787462 5.036048 6.249368 2.372455 3.082289 0.657951 3.529500 0.812033 6.177570
5.811290 7.502758 9.450646 3.581614 10.679948 8.103783 6.711243 2.910005 4.605522 4.365879 1.253773 5.824820 5.582676 2.118732 5.948471 2.043671 6.290532 8.347354 4.753548 3.695730 11.324371 1.889977
5.898391 7.502758 9.559359 7.653104 6.765416 4.985843 4.636295 5.686957 6.225271 8.462423 7.094484 10.842524 2.885497 3.607459 3.101544 2.300914 2.146773 11.366711 6.070402 5.418355
5.758460 6.288215 8.933508 7.732730 5.982064 8.880192 7.149680 9.799122 3.676973 2.292601 7.405141 8.021675 5.728054 3.299985 11.241303 5.648538 7.837097 1.645843 0.929576 9.137967 5.213784 2.372906 1.304469 9.326091
5.945923 7.782307 5.478964 9.484586 10.980660 4.078268 7.329801 4.852618 4.987373 6.226256 2.582261 8.993449 6.251296 3.343211 5.507424 1.853360 6.707411 3.370200 7.055777 11.421666 0.138338 4.004390 0.874141 7.535295
7.372197 10.619412 8.628226 5.387901 7.129535 7.271767 3.321671 5.779997 9.468362 7.420276 5.807549 10.693922 5.483292 2.494205 3.117707 5.106515 5.627759 1.736364 1.814306 3.329411 0.194492
7.868542 9.863644 8.979516 6.957580 7.514010 7.075290 4.171346 5.450517 6.257108 2.927583 4.088227 4.804338 5.844925 9.212002 1.196465 8.825441 11.073412 3.420884 2.249551 2.202692 2.314551 7.324839 3.249509 1.857652
7.924605 8.794726 6.935416 6.749171 7.684246 5.525894 5.727379 4.941468 6.387648 9.303966 2.627342 6.193152 10.414453 2.913851 0.392162 10.587536 3.059936 4.895712 0.433263
7.839651 5.864744 6.768104 6.187401 9.961329 2.820005 10.630629 5.147027 6.601752 7.493653 5.002805 7.718211 8.708862 2.962943 6.231938 8.419709 7.350457 0.612281 1.571594 6.623269 5.800546 5.155363
6.132738 5.310516 4.615794 7.312718 9.127668 8.310893 4.290961 7.746336 1.600376 9.692538 9.389069 3.479559 0.031796 6.549203 2.015364 6.479847 1.565838 6.680455 5.953931
5.007999 9.014771 8.374274 5.844682 9.454210 4.015512 6.841392 8.350925 6.775515 5.592133 9.169206 6.225856 7.584172 2.676426 4.814914 6.296785 6.030193
9.239397 9.313389 9.383804 7.410791 6.390580 2.214673 4.735840 5.779947 7.862440 5.712146 5.801643 2.753530 7.440732 3.700060 2.615463 10.484644 5.167108
8.480199 8.035276 7.592901 6.572896 4.846546 6.408504 5.515401 6.837632 2.960291 10.626848 9.112013 7.167088 5.667516 9.141049 2.605199 3.346284 4.572183 0.372940 6.204054 5.158689 9.872323
8.583072 7.505913 6.407654 5.861739 7.249087 10.378418 9.112013 3.351017 4.271725 4.802499 7.780336 3.680511 5.672997 2.027702 7.858990 5.605736 10.576373 7.072389 0.045153 5.423502
9.042983 6.539936 7.293876 11.472664 9.719270 3.775901 5.055300 5.916709 5.797205 6.893313 7.801230 7.135854 3.111536 0.776566 5.019105 10.854660 0.894885 5.653949 10.890367
9.034611 6.167697 6.773596 11.306396 3.775901 4.996683 6.756218 7.148664 2.416847 5.865482 6.928348 7.950472 7.270836 9.174355 10.976335 3.411152 4.315942 11.291107 10.886797 6.006685
6.167697 6.564498 10.161274 4.412298 5.899090 6.688537 2.498266 6.011010 7.182973 7.506972 9.231150 2.609072 0.545386 9.202935 1.622923 6.825972 8.876645 6.875990
6.068952 6.611489 10.154952 5.917839 6.521321 2.800926 6.004270 7.515552 6.833303 9.814393 6.101839 11.024448 3.872341 5.545462 0.135876 2.001507 5.547110 6.332150 8.969024
5.896965 6.952218 10.773943 5.725513 6.265442 1.910435 7.452372 10.129022 5.859084 10.651505 3.789168 6.872182 1.409815 6.010069 5.642668 8.823725 3.313230 5.919445 11.499921 6.195395 0.696506 0.471805 6.219560 10.448250
6.366217 6.610969 6.012215 9.714766 10.739623 2.405690 8.504164 3.151778 5.873116 8.488158 6.761254 10.908732 1.947502 4.218650 7.828482 3.003440 6.846450 5.616793 6.237228
6.352522 6.591748 9.074229 9.766330 8.026095 6.563244 9.823822 3.682023 7.056968 7.386870 5.229689 0.390647 2.995299 2.692169 6.322523 5.776402 7.130597 6.607646 1.186697 0.410699
6.384806 8.956506 7.999800 6.395674 3.634355 7.786863 7.426389 3.153993 7.130597 7.147976 4.870488 6.424090 10.327360 2.837752 6.203371 2.454282 11.270550 2.049210 2.243933 11.292099 1.021879
6.463189 8.950016 6.055483 7.519302 6.630175 5.691161 6.460486 10.219276 3.512051 3.212199 2.247038 7.939047 8.785096 6.865118 2.167791 2.399652 10.852250
6.291248 9.676400 6.474173 7.166749 10.240218 3.804539 7.712501 8.461667 5.382344 4.139655 6.836082 2.442895 11.283416 5.616461 0.384777 2.027778 7.762089 6.138254 6.002131
6.149430 9.491336 7.269312 2.291683 7.392263 9.233541 6.754138 2.171110 7.977969 3.763937 3.140831 7.714131 2.902290 10.091913 5.005283 5.499266 10.434555 4.352238 5.653802 0.915109 0.604685
5.927908 9.223264 6.556923 7.712288 6.635044 10.375313 5.918957 4.694353 2.518951 7.122067 3.057321 6.164265 2.920080 5.212983 8.261636 9.835173 5.339873 0.268743 0.471184 1.917859 5.359111 5.165957
6.007453 9.942998 6.552154 7.276301 6.732880 11.227205 6.456455 6.992320 8.843030 10.748001 4.935662 2.731083 4.354986 6.924024 4.713151 1.848046 5.600819 10.028782 0.068729
5.930497 9.509015 7.003484 11.243645 7.235505 7.802137 1.246795 5.680221 4.888475 2.962026 6.247677 6.863479 7.415316 1.443048 2.954222 5.066856 2.096805 11.077732 10.864332 4.377962 5.713119
5.763273 9.572678 7.326115 8.079185 5.359559 11.007449 2.821550 4.179243 7.033717 7.622882 7.034338 3.921177 6.719387 10.850594 6.274925 3.121327 8.261490 5.039463 4.993381 0.722057 5.536614 5.917854 7.203733
6.066740 7.205339 10.666793 5.687650 7.166965 7.053202 8.850580 4.746836 4.797761 9.510767 6.101580 2.687093 3.531311 10.984234 6.800098 7.649055 1.727170
6.084752 7.143614 5.660964 7.165136 7.764959 4.638738 4.382227 9.438543 5.893445 6.482590 7.404673 3.691283 11.484894 6.895340 9.763717 3.730651 0.585762 3.226685 0.077385
6.005004 7.001073 5.730087 7.006989 9.100638 6.800141 7.647389 11.121512 6.895340 10.492222 3.340207 10.438682 4.622537 4.410509 1.336713 5.378069 4.189346 2.876672 1.779806 6.738553 4.017986 0.135909 1.403804
5.619906 7.001073 6.687116 7.732710 5.934974 11.079272 10.244356 5.554981 3.788670 8.180280 10.744631 2.729220 4.983993 6.386682 2.026566 2.038493 6.532340 5.529681 2.554665 0.942961 1.251557 4.263095 6.265451 0.541071
5.619906 6.828609 8.551009 10.647667 10.519992 8.654131 11.323773 2.247035 4.119223 6.846618 5.493167 6.579988 2.129374 4.389130 1.983567 6.240872 2.796761 6.723456 0.053103 6.193492 0.556028 0.231894 6.365546
5.496619 6.803582 7.567957 11.154875 10.128130 8.610094 7.161916 5.740035 2.251733 11.216967 1.906511 5.977861 2.030300 4.465309 6.227181 1.308106 1.426015 0.036175 0.014380 0.496818 6.644486
5.496619 7.514574 10.078122 9.145646 6.665092 2.946072 6.475422 1.087410 6.841441 4.326166 4.782239 7.294820 8.186740 8.981197 5.616969 1.213297 3.912447 7.426879 2.624035 3.384621 4.787505 4.844272 0.525104 0.242712 7.156164
5.118785 10.038814 6.380681 8.702310 7.235204 4.546320 9.629584 11.447113 2.206014 7.347244 5.590190 7.175336 4.420005 3.862050 4.224244 3.186303 0.355260 4.969136 3.267806 4.397169 6.983266
5.361821 10.098812 8.666587 6.948646 9.711460 7.489760 6.877843 5.866342 6.856345 2.218567 11.015991 5.159074 5.053214 5.855561 2.707077 4.107579 0.222161 1.830422
5.298376 9.952779 7.986543 6.948646 9.552721 7.196225 5.152584 5.333648 7.297556 3.776917 5.428085 6.248975 2.956718 6.342302 11.395846 0.999814 2.685836 10.280873 7.807907 3.009602 2.008965 6.641941
5.719672 9.632764 7.128558 9.304401 7.290631 5.641861 5.659625 7.614598 6.319972 2.969316 6.671011 4.408317 4.687888 4.457159 11.178824 7.210944 2.246296 8.641612 3.339219 5.965167 1.202788 3.559046 8.741939 1.544693 1.057448 10.941795 5.784761
