5.076718 1.545315 1.979591 3.446783 1.250194 5.849242 2.668195 0.131326 3.337778 0.089946 1.648217 3.355851 1.839838 5.387337 0.701788 1.037543 2.820422 3.436635 0.977712
4.610034 1.271972 2.247252 3.638779 5.827621 0.665317 3.318945 1.082043 2.926749 0.478229 1.584191 0.083834 2.083358 4.601379 0.795961 6.051828 2.649548 1.091819 4.496588
2.541172 5.817998 3.321888 1.336038 4.432481 3.413039 1.147982 2.638384 4.808679 4.610921 0.515079 3.644611 0.008032 5.054252 2.638029 0.804804 2.195733 1.296084 1.429553 4.637114 0.993370 2.341239
6.056236 3.469144 4.338281 3.594533 1.115514 5.111081 0.824872 1.293300 1.003242 4.724324 0.575040 2.398036 1.944651 1.971083 3.518888 0.044876 1.037994 4.984144 0.060098
6.056236 3.482172 5.462559 3.558545 0.031823 1.257753 4.646555 4.071962 2.695653 0.312474 1.592345 0.312244 1.692701 1.612945 3.937012 0.542402 4.848773 2.567440 5.187968 4.559390 5.328748 4.841392
5.820293 3.250364 3.639233 0.096643 1.551978 5.218362 3.023476 3.213946 0.967075 1.025201 1.974412 2.077764 4.832867 2.274980 4.325309 0.287124 5.139421 2.534732 1.290984 1.483610 1.966085 5.473902 1.772018 0.536248 2.377847
5.820293 3.390284 3.626859 0.090873 1.218486 4.848824 0.195240 1.998556 4.976689 0.274324 4.795606 1.693370 0.167473 2.159088 4.885281 3.305619 2.318945 2.165281 2.706408 4.915238 5.497168 5.367182 3.010324 3.385722
5.748281 3.778277 0.075635 4.365417 4.591662 1.656665 4.482938 2.443851 2.594857 5.468801 5.160994 1.992963 0.239237 4.172551 1.279332 0.044064 3.919636 1.750329 0.994544 4.495562
6.058726 4.129168 0.133840 4.349230 1.268775 2.834561 2.320881 0.046447 1.024474 2.844260 3.098378 3.073967 1.436431 5.277122 1.571277 1.329917 4.445095 3.686359 4.018848 4.514569 0.987217 1.585279
5.702197 4.147978 0.279081 4.919265 0.355668 2.976602 2.144739 2.304750 2.006790 0.089463 2.196783 2.328188 3.906143 2.551110 4.118397 0.489838 4.817283 0.120491 3.030328 1.748727 5.839024 2.482212 3.069038 5.650479
5.932082 4.094145 0.069731 5.272216 3.867739 1.836471 3.846705 4.384949 0.496869 3.730860 0.107992 4.115016 2.205240 0.437581 2.226480 4.609899 1.545639 3.043634 3.325595 6.003923 0.601891 2.227807
5.936542 0.095622 1.852781 4.682836 0.724537 0.884858 1.811754 4.836495 4.078111 1.323985 1.464320 4.326082 0.106256 5.395543 2.319250 4.898545 1.208700 2.888818 4.872971 1.214252 3.579670 2.508157 2.757921 0.999976 5.414650
5.934351 3.939950 0.374939 4.769387 5.327415 1.511901 2.228005 0.745879 0.206737 2.049082 3.466818 4.572662 2.842215 3.003161 0.615162 0.876707 5.227583 4.876591 3.263077 0.773148
6.051034 0.085852 4.938420 1.618046 1.888098 0.503150 3.672156 4.346111 0.820118 2.761662 4.079803 5.025573 1.534065 3.263223 1.637643 4.854475 5.632927 0.542166 0.450759 3.255635 0.955633 0.639464 4.967708 4.332715
5.727532 0.273865 4.517657 1.810674 0.490554 3.162184 5.634734 0.924274 0.730819 3.511139 4.336329 3.774679 4.474577 5.896381 1.766331 3.809028 1.546493 2.288814 2.025476 0.230743 0.526589 4.905993 3.631722 3.642200 1.272060 3.745071 4.202773
5.919359 0.529704 5.370862 1.292297 2.818578 1.318723 1.833531 2.614743 0.170028 4.785947 4.595966 0.310921 1.153551 4.188271 5.515527 3.699751 3.666344 4.520260 0.453645 3.676334 5.929081
5.879017 0.148513 5.617882 3.612664 0.042530 4.998595 3.979020 1.295743 0.343425 3.525273 5.604285 1.145708 1.383980 5.358490 3.278134 4.406154 1.508825 2.246818 1.652762 4.194826 2.242351 4.911279 5.637756 0.445439 4.491986
5.787994 0.202065 4.414744 3.674596 1.145708 4.537423 1.696391 2.011459 5.522891 1.695914 4.237023 0.217965 0.422321 0.346813 5.005112 0.581529 5.483691 5.191358 5.018619 5.085886 4.249087 3.975945
5.746326 3.826409 5.185219 2.103527 5.829656 2.886810 2.993926 0.960552 1.984568 0.618926 2.995571 4.307959 0.181641 1.510807 3.954470 1.871055 0.596176 3.505861 0.342732 0.766918 1.470112 4.253124 4.949636 1.217773 5.242896 3.415681
5.846314 4.135670 0.915052 1.625156 4.079079 0.500858 4.978474 0.126896 4.124911 0.198801 2.047285 5.174051 1.364267 4.289227 4.456748 1.308628 1.091756 2.334586 0.251930 5.232179 1.201527 3.453006 0.130639
5.251052 0.846267 1.731512 4.479577 0.234559 4.385038 0.283223 4.115037 0.039723 0.394287 5.545074 5.148870 2.428709 2.114684 1.808497 3.264608 1.311918 4.044717 3.059522 4.897707 5.007529 1.048173
5.858137 0.846267 1.789590 5.049288 0.376549 0.314843 0.796112 5.266906 2.354254 4.311481 5.357334 0.062407 4.084984 4.430203 0.024343 2.052044 3.520876 4.937294 0.584483 1.313228
5.916937 0.023225 1.273395 5.265125 0.059655 3.639373 5.433045 0.009619 4.310202 0.629111 1.743632 1.316942 1.240284 4.300681 5.023449 2.765242 1.099398 2.958504 4.870798 5.471542 4.965579 4.887176 5.991896 4.869427
5.853819 5.334195 0.172307 1.871270 0.434947 3.500124 1.043679 5.464604 5.559926 0.851883 0.807686 4.787745 4.974824 2.745240 1.215800 2.135451 0.561498 5.066489 5.885032 4.758565 5.940761 5.495907 0.515195 5.537545
5.645533 0.384754 5.123733 0.910153 0.224103 5.664899 5.043282 5.699142 1.529325 0.731595 5.270461 4.437207 0.437211 0.244674 2.302099 2.324230 1.097607 1.067266 6.019379 3.279939 1.956780
5.108567 0.228477 4.424011 0.165244 5.700676 0.612962 0.188388 4.425537 0.592150 0.176091 4.274528 0.792785 5.889902 1.230698 5.209669 5.926328 4.505012 4.148904 5.380938 5.633677 1.882132 0.806442 3.913671 5.761861
5.132438 5.031023 0.019072 5.752005 0.521024 0.449747 4.163059 1.457801 5.882571 1.855309 2.786560 0.970027 0.331503 4.378755 0.551132 4.675822 3.447883 3.318939 1.395927
0.587227 0.073329 5.599545 6.060344 1.643997 2.036001 1.324619 4.126290 2.907567 4.182418 1.726357 4.080083 4.703587 0.373205 3.629392 1.145626 0.059053 2.189899 4.585922 5.779410 0.410186 1.373825
5.992591 4.519856 0.657292 0.536773 0.721058 3.494438 0.346130 4.727494 2.364404 4.716325 0.104567 0.745769 0.339485 0.075374 4.448197 5.501545 4.701180 3.051001 2.316241
3.896066 0.974278 3.462942 0.778177 0.151931 1.904239 5.236413 0.983683 1.429575 3.323410 4.461914 5.446639 5.051360 3.184058 1.601078 0.715078 4.782605
1.529813 4.791961 0.144175 0.427640 5.929944 3.661718 1.579332 1.158342 5.550466 0.622610 4.520950 0.441764 5.687855 1.934789 1.716960 4.810557 4.285098
1.306720 4.875396 0.579770 6.009668 1.462074 1.309046 0.100357 5.861892 2.266693 0.073458 2.070637 0.322565 4.396659 5.160771 2.992728 0.020167 3.266395 3.189370 3.193379 3.898368 5.862149
4.671905 1.041393 5.893205 0.034991 5.909043 0.054844 2.070637 0.834405 3.404316 1.340573 0.148686 2.082115 0.796102 2.391670 5.148407 4.315699 4.327163 0.270217 2.978132 3.632446
3.790254 5.747886 5.616275 0.656785 1.635947 3.581098 1.239422 1.019584 4.496806 0.194389 5.382532 0.515616 3.618752 0.839825 0.560564 4.010310 3.898784 0.214108 0.451853
4.106449 5.955761 5.743389 0.120472 3.581098 1.409578 5.162643 0.493063 3.006045 0.450464 1.395192 5.021635 0.585150 1.729280 3.648459 3.417229 4.393126 5.817388 4.443680 3.500587
5.955761 5.310588 0.190427 3.949543 1.016889 0.273674 2.899360 0.793778 5.376569 1.275710 1.234412 3.119196 3.999751 3.638415 1.530108 5.878230 2.815092 1.991945
5.568020 5.358516 0.391674 1.606988 0.602596 4.003446 0.238339 5.030079 1.036470 1.324055 1.545605 4.588927 3.907608 2.475573 1.054537 3.680939 4.432139 5.340869 4.277178
5.850644 5.267381 1.333330 1.298779 0.142412 2.810224 5.078317 1.917778 1.497043 2.883636 4.274610 1.279024 1.192432 5.329686 1.775332 3.501406 4.119461 0.544543 1.854740 5.369686 4.901356 2.031664 0.178451 2.428475
5.810299 5.404141 1.143882 1.706254 4.109174 0.267595 3.365923 3.072548 0.024977 2.413948 2.511471 0.008521 3.095047 3.917251 4.946779 3.641233 1.253112 2.558443 2.347048
6.032208 4.737765 1.440735 5.226201 3.484849 0.069077 0.099246 3.958469 4.511331 0.799820 2.064813 5.935350 3.712416 2.230749 3.058584 2.753339 0.509243 5.521060 0.415291 0.206402
5.819043 1.868656 4.743968 0.669212 3.846522 4.874749 0.859204 2.800013 0.509243 5.207575 2.138778 4.722085 0.016528 4.934660 1.339905 5.892702 4.265228 3.659954 0.966755 5.526654 1.908162
5.778011 1.440723 0.167265 1.165318 0.417455 1.536474 5.478527 0.075284 4.112024 3.992594 3.206426 4.814219 3.681495 1.898172 1.546293 0.982047 3.401213
6.036401 1.230880 0.966016 0.351591 0.227025 3.863528 4.577423 3.598000 1.188980 2.284066 5.263521 3.608413 2.799892 0.428362 3.984751 2.770319 0.392356 4.015054 0.841857
5.918171 1.306831 1.390864 1.836213 4.971906 3.441002 5.460224 3.588711 0.483731 4.353049 0.909411 0.410890 3.980395 0.096900 0.148470 3.580490 3.382386 0.525902 3.932525 4.740504 4.806365
5.832845 1.797294 5.434144 4.456594 0.144497 0.057619 3.780803 4.186354 4.233897 0.921669 2.277934 0.847528 0.092444 1.439840 4.177240 4.384902 0.002278 2.661099 3.987867 2.622408 4.764609 4.488505
5.708268 2.254433 4.991871 4.409822 0.308011 0.123442 3.533008 0.608672 3.858818 3.911639 0.679031 2.951056 4.199847 1.604683 0.990481 0.577357 1.335896 2.740038 2.570103
5.782752 1.622171 3.785081 2.167465 0.541590 3.747615 3.525401 5.202612 0.879822 0.498784 5.189220 0.199692 4.470344 5.269201 3.188090 0.699189 1.923629 1.317170 1.537134 3.389412 0.180389
5.806393 2.162877 0.816644 3.518297 4.874914 0.493729 2.930492 3.876688 0.444927 2.336013 4.040437 0.169078 3.817823 4.355832 0.166705 0.557851 4.979008 0.476552 0.255267 1.171122 4.803790 0.117685 5.119593
5.860273 0.779955 0.248017 4.876532 0.727659 1.443031 3.514510 0.652643 0.386757 0.868739 4.180398 1.934230 0.210708 3.327508 5.055362 4.808612 2.935496
5.651798 0.770104 4.820984 1.472672 4.343602 0.909361 0.232863 1.472437 3.276905 5.142783 4.524673 2.939303 5.587264 0.650303 0.309027 0.340556 5.876329 3.193353 5.956025
5.404524 0.791680 4.898831 1.310274 3.715894 4.898914 4.789541 3.936658 0.650303 1.274352 3.169441 1.368725 1.039338 0.416947 4.504124 3.706490 3.286583 2.543115 1.458689 0.762698 0.105317 3.344746 5.914080
5.977377 0.791680 5.142424 4.492756 0.471145 0.191653 1.579961 1.367442 3.350512 3.765214 1.593866 3.287625 4.715468 2.149412 2.969573 1.325239 2.259633 5.652760 2.391753 1.337477 0.151136 4.945364 0.912182 0.870812
5.977377 0.614923 4.360767 1.083840 1.428032 3.458894 3.578257 3.530983 4.405130 1.778657 1.486173 0.075999 3.479349 4.540073 1.624585 5.245192 0.067255 2.703710 4.254669 0.672651 2.225303 2.464896 0.330336
5.848761 0.713663 4.341747 0.513259 2.067255 3.727018 2.129995 1.283761 2.828766 3.782331 0.626105 0.044385 5.293739 4.474132 3.010027 5.031241 4.423186 5.556544 3.634170 3.594723 4.551309
5.848761 4.428597 0.020534 1.492131 4.755252 2.865605 1.298013 2.538259 0.431702 5.064593 1.254393 1.071131 3.213856 5.517450 0.059260 4.336571 4.626797 3.169915 4.032001 0.242464 5.013467 1.053175 3.231034 4.217290 4.523337
6.042464 0.323859 0.027812 3.702113 4.647293 1.013337 1.432341 4.558139 2.627110 4.578926 2.917126 1.722313 4.214895 5.672688 5.729562 1.211096 4.521656 5.442100 4.819064 0.331962 1.159223
5.862854 0.560974 3.775892 4.752195 1.010529 4.613605 1.757350 0.413542 0.781909 0.433686 3.791895 1.300019 5.410930 3.189618 2.872822 4.152901 5.665416 5.190393
5.789875 0.514037 3.011363 4.752195 1.548246 4.594585 0.030815 1.537331 1.340798 4.716071 5.117424 0.680099 0.350909 3.206547 4.725492 4.781068 4.755877 4.766877 2.731538 4.463587 2.095900 1.763725
5.825087 0.247330 4.750506 1.429533 4.690872 0.369820 1.508431 0.966990 3.344067 4.195147 0.189381 5.831490 5.471853 5.849447 4.580751 1.854079 1.477865 3.778083 4.270537 5.269861 5.736834 4.989427 5.292692 3.064004 1.896457 5.403294 5.352570
