0.000000 0.085698
0.000000 0.049407
0.000000 0.045661
0.000000 0.097180
0.000000 0.049957
0.000000 0.033894
0.000000 0.040217
0.000000 0.061895
0.000000 0.056203
0.000000 0.042773
0.000000 0.046780
0.000000 0.025002
0.000000 0.053375
0.000000 0.064852
0.000000 0.044223
0.000000 0.061580
0.000000 0.062088
0.000000 0.052273
0.000000 0.037992
0.000000 0.121766
0.000000 0.030686
0.000000 0.061275
0.000000 0.075935
0.000000 0.052719
0.000000 0.040472
0.000000 0.031771
0.000000 0.031408
0.000000 0.028414
0.000000 0.050817
0.000000 0.073736
0.000000 0.063025
0.000000 0.064174
0.000000 0.042565
0.000000 0.051649
0.000000 0.032973
0.000000 0.052421
0.000000 0.052859
0.000000 0.048815
0.000000 0.069290
0.000000 0.028450
0.000000 0.043467
0.000000 0.068345
0.000000 0.049889
0.000000 0.037889
0.000000 0.051859
0.000000 0.084658
0.000000 0.047098
0.000000 0.028380
0.000000 0.096606
0.000000 0.044297
0.000000 0.049373
0.000000 0.047542
0.000000 0.113850
0.000000 0.065039
0.000000 0.034684
0.000000 0.063890
0.000000 0.044274
0.000000 0.041094
0.000000 0.026688
