5.393099 5.695115 6.023169
5.021453 5.611083 5.718896
5.208643 5.791026 5.745185
5.124464 5.334573 5.369879
5.153727 5.802245 5.666298
5.199351 5.450369 5.243985
5.334330 5.722126 5.700794
5.325527 5.932939 5.660990
5.366693 6.049229 5.769516
5.620446 6.019979 5.905818
5.712118 5.928829 5.913836
5.551706 6.048172 5.936165
5.304204 6.043052 5.654388
5.384593 5.831046 5.652691
5.368181 6.036052 5.690668
5.217314 5.945151 5.600127
5.127602 5.580008 5.352882
5.112499 5.862690 5.637326
5.361722 5.929003 5.739279
5.416065 6.016084 5.813059
5.593628 6.039824 5.929006
5.463571 5.789610 5.909864
5.393325 5.940076 5.477192
5.392541 5.820026 5.795062
5.406735 6.001697 5.729786
5.143846 5.728587 5.517897
5.410620 5.986016 5.935120
5.299627 6.061048 5.451203
5.368555 5.603694 5.813459
5.509484 5.881219 5.710688
5.241858 6.024530 5.442177
5.285073 5.981004 5.606649
5.367064 5.780916 5.862784
5.323775 5.664275 5.771184
5.144036 5.508454 5.589303
5.402704 5.983892 5.700974
5.571401 6.044394 5.901748
5.556269 6.032133 5.850298
5.523947 6.037338 5.793665
5.443106 6.029584 5.864098
5.394293 6.010651 5.565778
5.656860 6.013109 5.954335
5.637881 6.025619 5.851460
5.776991 5.967340 6.043640
5.742335 6.055105 6.047905
5.678395 5.903998 5.952766
5.781218 5.917798 5.962664
5.692635 6.022884 6.009754
5.371819 5.925307 5.532461
5.515194 5.742410 5.864003
5.449034 5.863684 5.706412
5.555969 5.970940 5.866919
5.496673 5.967438 5.810954
5.353343 6.017389 5.606775
5.231357 5.841485 4.951588 5.786781
5.409634 6.055127 4.799357 5.564344
5.378933 5.937099 4.967075 5.696324
5.398017 6.041363 4.934935 5.708150
5.420988 5.894083 5.016856 5.825455
