5.460158 1.392446 10.227353
5.748919 1.367528 10.002331
5.966527 1.072911 9.721499
6.106740 0.499308 10.151668
6.365466 0.795035 9.520114
6.490620 0.236957 9.993974
6.391104 0.373536 9.331228
6.326381 0.830350 9.824457
6.789986 0.309313 8.869208
6.846560 0.029060 8.961522
6.620436 0.084795 9.557452
6.678898 0.198820 9.256929
6.699024 0.375031 9.433179
6.770842 0.202733 8.997899
6.971459 0.166799 8.899310
6.764114 0.302827 8.903202
6.518507 0.579244 9.671288
6.464363 0.639238 9.498608
6.856516 0.362167 8.856951
6.670361 0.423500 8.806474
6.573384 0.562311 8.926226
6.429288 0.443131 9.525385
6.620446 0.533266 9.783357
6.564952 0.357360 9.488600
6.634929 0.593726 9.295333
6.335677 0.866528 9.780147
6.312984 0.731495 9.243617
6.448203 0.790215 9.944647
6.553901 0.186102 9.479512
6.421379 0.584479 9.902533
6.347843 0.878624 9.872286
6.237774 0.948911 9.841325
6.406385 0.600578 9.184061
6.432876 0.290695 9.648727
6.361327 0.376066 9.775366
6.932972 0.088647 9.156314
6.914179 0.120363 8.779747
6.742651 0.211776 9.007699
6.755850 0.424629 9.382878
6.729453 0.238963 8.805383
6.710497 0.319727 9.659776
6.562540 0.429806 9.307639
6.518865 0.506787 9.516487
6.603623 0.032041 9.466167
6.652468 0.243471 9.106282
6.607390 0.027709 9.619503
6.470026 0.128873 9.705152
6.483173 0.391019 9.540695
6.385306 0.826596 9.969809
6.423461 0.304439 9.512312
6.595000 0.437586 9.377563
6.932443 0.071661 8.458281
7.015446 0.018695 8.778287
6.911882 0.159991 9.115588
6.720162 0.266312 11.226489 8.671876
7.091859 0.108683 11.386059 8.931155
6.939631 0.059512 11.002525 8.755942
7.051982 0.161147 10.939971 8.601635
6.737413 0.233585 11.142302 8.683057
