0.118765 1461.641186
0.119856 1470.300057
0.117158 1468.735076
0.120393 1483.407447
0.120805 1456.134103
0.120823 1466.361033
0.120134 1460.412914
0.120195 1470.167386
0.121952 1473.884547
0.122143 1473.281036
0.118104 1482.149248
0.117531 1458.930848
0.114843 1470.380781
0.114709 1477.926800
0.116489 1456.654971
0.118129 1473.435277
0.116020 1481.400140
0.118504 1474.879768
0.118024 1478.805086
0.117331 1470.140071
0.120707 1469.198199
0.118694 1471.037562
0.122305 1472.857707
0.125324 1454.955358
0.123917 1469.886230
0.123328 1471.589590
0.121412 1476.578050
0.119946 1496.612438
0.119698 1467.616715
0.118187 1480.132011
0.117292 1490.942570
0.115463 1475.460344
0.116015 1466.607332
0.117877 1465.934758
0.117266 1476.930380
0.116351 1507.555230
0.116219 1480.747680
0.117726 1479.880954
0.117883 1466.933985
0.117577 1473.383076
0.119402 1476.240979
0.119542 1468.762642
0.119002 1452.799968
0.120705 1481.267702
0.118604 1470.910483
0.119452 1490.645538
0.117213 1472.752239
0.115322 1486.323248
0.114944 1466.036320
0.113154 1477.779242
0.114948 1474.392839
0.114781 1487.722013
0.113783 1471.984983
0.114943 1476.943375
0.115717 1465.326113
0.119489 1472.675062
0.118717 1473.169355
0.118814 1481.839131
0.117671 1474.978291
