22.353799 187213.978022
20.033936 187228.458070
30.169436 187217.866982
23.731262 187212.898140
28.895780 187225.186114
35.504444 187228.140778
33.703721 187222.017876
28.974274 187210.650855
29.878741 187211.159783
34.022254 187218.754819
29.915294 187221.065340
36.699414 187218.484813
25.094905 187216.022365
30.308423 187215.994943
34.877262 187221.480864
25.188370 187221.787263
30.735896 187217.005728
30.285555 187227.760108
35.540017 187218.544924
22.474531 187224.935969
34.307726 187211.342242
29.594782 187224.689938
28.224808 187222.243056
32.322497 187215.537971
31.182550 187207.133606
35.662445 187227.136135
30.780509 187216.964421
34.526495 187207.230094
29.774961 187200.712029
25.419020 187211.432858
26.629019 187214.132294
29.520452 187210.246953
31.041866 187223.307938
30.099522 187217.771629
29.109045 187214.944619
29.326509 187211.621168
29.652550 187223.951249
32.963245 187227.560377
28.276541 187216.416634
30.973282 187217.270356
30.911118 187219.340450
27.775733 187213.039795
29.404160 187211.330510
32.738149 187221.907642
30.592687 187227.315392
27.117082 187213.835680
31.100900 187211.929307
34.551693 187214.885705
24.415694 187209.506706
30.253928 187220.757787
32.139900 187219.294467
32.643051 187218.815730
23.881990 187223.768947
29.540620 187216.054656
33.601522 187223.016606
29.064201 187232.160181
29.543368 187222.316384
32.729978 187232.750806
35.458819 187232.561738
