1.256575 16.319846
1.281164 175.677398
1.272533 5.238893
1.265681 5.890370
1.285803 7.931954
1.274871 1.892719
1.283477 2.126342
1.279220 2.307434
1.281929 3.418217
1.280630 0.821863
1.275911 5.514393
1.268928 1.126040
1.268848 19.586997
1.271040 1.322334
1.283290 1.311726
1.288987 17.039709
1.283398 1.989940
1.288665 3.221934
1.266880 1.527735
1.264604 4.833984
1.244473 1.327371
1.248962 1.292668
1.255716 3.243380
1.256327 1.880962
1.257272 4.156212
1.249957 0.658294
1.272635 3.586816
1.262061 1.326715
1.259056 2.215735
1.253851 4.674168
1.272062 3.745578
1.265129 0.915059
1.272814 1.930998
1.259723 1.310896
1.257299 8.993777
1.243088 1.346894
1.226176 1.680722
1.244134 0.933920
1.265918 0.728432
1.246856 4.611616
1.246536 3.304671
1.274852 0.825672
1.263830 2.723936
1.268803 1.568237
1.270542 2.893034
1.272609 0.916813
1.230452 2.002313
1.195913 1.946558
1.197971 3.006120
1.194917 1.770222
1.178146 1.389317
1.198830 1.621391
1.199838 2.985844
1.202053 0.813899
1.195000 3.079939
1.212761 1.654086
1.209403 1.696525
1.201836 1.148032
1.203238 4.249826
