0.346233 2.632377 2.915320 
0.350275 2.718915 3.063223 
0.359087 2.662938 2.847712 
0.366614 2.654806 2.860586 
0.338037 2.665917 2.899471 
0.371057 2.953984 2.953954 
0.332272 2.804119 2.915702 
0.358067 2.792052 2.814246 
0.339147 2.666873 2.775289 
0.356048 2.698361 2.844960 
0.359599 2.762976 2.876619 
0.353326 2.965974 2.725792 
0.345118 2.850453 2.779620 
0.347476 3.048002 3.016849 
0.363787 2.750783 3.072321 
0.412660 2.904791 2.893436 
0.349248 2.754885 2.830396 
0.314817 2.692981 2.643078 
0.334655 2.568610 2.791499 
0.319801 2.657695 3.018987 
0.355382 2.645926 2.935097 3.096249 
0.348268 2.892102 2.780983 2.061863 
0.332935 2.755891 2.997165 
0.326999 2.797529 2.797105 
0.328858 2.663502 2.934953 
0.319965 2.651860 3.417936 2.551324 
0.296411 2.724124 1.108592 2.696052 
0.319889 2.534865 0.971154 2.774622 
0.317765 2.591574 1.361696 2.995598 
0.323925 2.612081 0.995240 2.955096 
0.320754 2.490148 0.539026 2.940027 
0.299877 2.622824 0.771619 3.012880 
0.336107 2.676575 0.922066 2.965505 
0.333744 2.607526 3.136619 2.861201 
0.341329 2.528872 2.662209 
0.320079 2.516463 2.821162 
0.331783 2.699675 2.774111 
0.346522 2.600292 2.798250 
0.342307 2.793639 2.759357 
0.334355 2.707234 2.713342 
0.339001 2.655038 2.639197 
0.301539 2.680094 2.747362 
0.333648 2.556177 2.646856 
0.364115 2.533322 2.844817 
0.373162 2.651983 2.740862 
0.338018 2.556012 2.791779 
0.341758 2.749921 2.839071 
0.370387 2.622640 2.641760 
0.334877 2.572179 2.781950 
0.341742 2.630118 2.725737 
0.372588 2.650250 2.781893 
0.337436 2.731178 2.702126 
0.328610 2.751035 2.723417 
0.356814 2.764114 2.677318 
0.347492 2.718585 2.759413 
0.324367 2.540177 2.771811 
0.330258 2.631575 2.745605 
0.347627 2.788776 2.882096 
0.368403 2.597448 2.648101 
0.355960 2.724669 2.733684 
0.325110 2.699385 2.648112 
0.358883 2.645705 2.620072 
0.316414 2.602557 2.659313 
0.302047 2.747215 2.598598 
0.349243 2.601979 2.586401 
0.331285 2.743067 2.812562 
0.343343 2.932118 2.842366 2.649879 
0.341695 2.621031 2.930205 
0.385753 2.790186 2.843806 
0.372444 2.602179 2.703395 
0.335089 2.539264 2.529305 
0.320067 2.631759 2.648353 
0.351405 2.635553 2.558506 
0.327879 2.752694 2.597595 
0.354143 2.750322 2.769041 
0.371053 2.744276 2.871329 
0.372404 2.744003 2.791371 
0.358322 2.797045 2.767778 
0.321931 2.597110 2.662857 
0.334040 2.469666 2.947634 
0.353960 2.698232 2.761707 
0.335723 2.535990 2.647357 
0.353891 2.845389 2.739965 
0.356506 2.782976 2.858770 
0.345577 2.781163 2.820406 
0.336543 2.668180 2.960871 
0.336406 2.709300 2.927092 
0.340685 2.557459 2.701607 
0.323380 2.694846 2.835017 
0.365948 2.716737 2.863855 
0.326234 2.743694 2.859631 
0.333394 2.564192 2.579626 
0.332263 2.565046 2.818949 
0.343998 2.665427 2.619667 
0.345378 2.623688 2.768464 
0.346106 2.736573 2.779328 
0.337616 2.635696 2.803413 
0.344459 2.605284 2.759212 
0.347754 2.641677 2.722216 
0.342168 2.576667 2.829278 
