0.000000 0.050761
0.000000 0.137593
0.000000 0.123564
0.000000 0.046772
0.000000 0.101880
0.000000 0.520817
0.000000 0.123006
0.000000 0.100119
0.000000 0.045864
0.000000 0.148747
0.000000 0.075927
0.000000 0.057043
0.000000 0.108686
0.000000 0.072364
0.000000 0.078499
0.000000 0.090838
0.000000 0.164813
0.000000 0.081813
0.000000 0.089729
0.000000 0.137421
0.000000 0.096792
0.000000 0.049375
0.000000 0.053294
0.000000 0.047431
0.000000 0.122289
0.000000 0.078351
0.000000 0.073320
0.000000 0.058453
0.000000 0.099750
0.000000 0.064622
0.000000 0.068220
0.000000 0.177758
0.000000 0.057647
0.000000 0.098853
0.000000 0.061151
0.000000 0.083384
0.000000 0.072292
0.000000 0.073514
0.000000 0.117739
0.000000 0.060172
0.000000 0.031706
0.000000 0.081475
0.000000 0.133682
0.000000 0.072704
0.000000 0.101943
0.000000 0.061178
0.000000 0.057284
0.000000 0.098771
0.000000 0.134551
0.000000 0.151074
0.000000 0.113631
0.000000 0.104261
0.000000 0.067020
0.000000 0.128387
0.000000 0.098545
0.000000 0.116012
0.000000 0.073446
0.000000 0.110687
0.000000 0.157763
0.000000 0.057557
0.000000 0.073410
0.000000 0.029715
0.000000 0.055497
0.000000 0.083438
0.000000 0.110747
0.000000 0.351210
0.000000 0.163421
0.000000 0.055575
0.000000 0.063436
0.000000 0.067628
0.000000 0.069135
0.000000 0.041106
0.000000 0.096583
0.000000 0.070918
0.000000 0.077631
0.000000 0.082211
0.000000 0.069880
0.000000 0.053868
0.000000 0.094991
0.000000 0.045958
0.000000 0.048440
0.000000 0.042823
0.000000 0.046632
0.000000 0.058476
0.000000 0.074290
0.000000 0.101066
0.000000 0.030166
0.000000 0.059796
0.000000 0.048943
0.000000 0.056585
0.000000 0.067757
0.000000 0.059245
0.000000 0.048660
0.000000 0.057111
0.000000 0.069456
0.000000 0.087793
0.000000 0.093370
0.000000 0.056394
0.000000 0.060415
0.000000 0.053400
