0.746688 0.341067 1.053440 1.991537 2.398252 5.168770 0.071238 4.402375 0.688455 5.643193 4.451397 5.947262 2.638951 
0.746688 0.341067 1.053440 1.991537 2.236646 2.286131 0.066742 4.163227 2.457478 4.537778 4.299893 5.780828 0.019738 
0.681887 0.051121 1.285425 1.991537 2.249455 0.198155 0.169014 4.013777 5.029223 5.227791 3.959766 0.146308 
0.819827 0.051121 0.586470 1.991537 1.236279 1.028728 0.377142 4.093368 3.493904 4.344332 4.022152 
0.773214 0.111925 0.364353 1.680180 0.014939 0.383970 0.271499 4.382558 2.031140 4.024179 
0.818949 0.144558 0.756226 1.205302 4.217961 0.044178 0.460038 6.002747 0.426642 1.983557 
0.778314 0.002534 0.878519 1.205302 4.465871 0.065186 0.644897 6.002747 1.777110 1.873675 0.045776 0.604303 0.819188 
0.778314 2.417566 0.983641 1.603519 4.586650 0.904439 0.541482 5.592757 3.817461 2.087058 0.916832 0.462410 0.761911 0.082246 0.504155 
0.785813 2.345071 0.050906 1.603519 4.525917 1.396197 0.149190 4.841543 1.350589 1.757428 1.235813 0.024531 0.761911 2.584833 
0.785813 2.172893 0.448131 1.603519 4.724306 0.107881 0.733417 5.518416 1.666789 1.710677 1.592978 0.586208 
0.785813 2.385722 1.746715 1.603519 4.880757 0.283422 0.733417 5.421667 1.392585 1.743821 0.136912 0.266461 1.815442 1.258544 
0.785813 2.775342 2.078970 1.523509 4.726107 1.150694 0.733417 5.214753 1.392585 1.807336 0.136912 1.956394 
0.785813 2.866295 0.750113 1.767260 4.560767 0.826091 0.733417 6.020946 1.191603 2.287742 0.199608 1.982534 0.355393 
0.785813 2.834814 0.898396 1.767260 4.159507 0.527069 0.733417 5.890645 1.191603 4.829516 0.442809 1.242106 1.920259 0.689462 
0.785813 0.293752 0.463083 1.767260 2.131699 0.428676 0.733417 4.936564 0.233694 4.827534 0.095432 2.395320 0.405707 0.567633 2.808269 
0.785813 0.436167 0.804816 1.767260 1.591568 2.024382 0.733417 5.497080 1.466041 4.788109 0.156569 
0.785813 0.381873 0.190747 1.791321 1.467652 2.347197 0.745720 4.930678 1.318913 4.562307 0.027858 
0.785813 0.578553 0.315454 1.791321 1.487109 2.332496 0.737842 4.930678 1.508949 4.562307 0.614244 0.396664 
0.785813 0.454828 0.708739 2.072204 1.747786 2.290104 0.737842 4.930678 1.921618 4.513877 0.815736 
0.785813 0.293474 0.411235 2.072204 1.455190 2.313045 0.737842 4.930678 0.479355 4.513877 2.096252 
0.785813 2.514168 0.288669 1.980635 1.639507 0.895887 0.737842 4.930678 0.345749 4.513877 2.211305 0.035961 
0.785813 2.725303 0.995607 1.980635 1.932766 2.233488 0.737842 5.142050 0.388408 4.352582 2.353518 0.465052 0.212261 0.265699 
0.785813 2.789295 0.174184 1.980635 1.758066 0.144179 0.782666 5.603511 4.458749 2.170185 4.395242 1.019012 
0.785813 2.316799 0.271601 2.022643 2.044335 0.026097 0.782666 5.261949 4.841456 2.038968 0.730450 
0.785813 2.292432 0.967624 2.022643 2.044335 0.411604 0.782666 5.102900 4.841456 2.220691 0.103938 0.462620 
0.785813 2.367496 0.116160 2.145778 2.249765 0.633063 0.182131 5.102900 4.841456 2.234352 1.333358 0.767877 
0.785813 2.415128 0.433520 2.145778 2.036032 0.271408 0.954485 4.727028 4.381460 2.031903 0.239076 0.767877 
0.785813 2.364566 0.974432 2.108431 2.291515 0.675543 0.748918 4.854690 4.671847 2.245932 1.294688 
0.785813 2.364566 0.146542 1.989657 2.411613 0.209237 0.748918 5.285779 4.633448 2.058827 1.301022 2.976548 0.327800 
0.785813 2.327205 0.440449 1.989657 0.874761 0.373690 0.748918 5.510825 4.967912 2.058827 0.374842 2.340667 4.864885 2.335611 
0.791017 2.327205 0.191202 1.989657 2.279597 0.304061 0.767931 5.510825 4.967912 2.332547 3.870714 0.099379 
0.791017 2.370231 0.191202 1.989657 1.727095 0.309051 0.767931 5.673254 4.967912 2.135698 
0.791017 2.370231 0.191202 1.989657 2.279856 0.291625 0.767931 5.673254 5.195035 2.197169 0.310523 0.315541 1.082928 
0.791017 2.701027 0.792185 2.085774 2.452900 0.542765 0.767931 5.667187 4.835061 2.390929 0.698995 1.881303 
0.791017 2.111216 0.644344 2.085774 2.237110 5.809287 0.767931 0.232881 4.825354 2.180585 0.224933 
0.791017 2.115793 0.152197 2.085774 2.375176 6.058459 0.767931 0.082803 4.544365 0.513889 0.476555 2.401919 
0.791017 0.499230 2.747943 2.031707 2.127266 6.058459 0.767931 1.020111 5.028303 1.340974 
0.791017 0.415831 3.248643 2.025283 1.993758 5.652977 0.767931 1.949330 4.317660 1.017654 0.915622 0.417657 
0.791017 0.571849 3.148388 2.025283 2.876590 6.069942 0.771510 2.009189 4.831871 1.430761 0.127131 0.929057 1.983608 1.322536 
0.791017 0.292922 2.847985 2.061822 1.596941 5.770988 0.771510 2.437536 5.055234 0.054328 0.414611 
0.791017 0.223253 2.149830 2.061822 1.935482 6.022634 0.771510 2.916912 5.181226 1.679522 0.678274 0.394047 3.447121 0.343558 0.743830 0.897557 
0.791017 0.006405 2.306856 2.061822 0.157457 5.953674 0.771510 3.078308 5.555613 3.418027 0.076340 
0.791017 0.013115 2.306856 2.066416 0.184118 5.927633 0.771510 2.955922 5.185217 3.418896 0.002989 0.054083 
0.791017 1.209734 2.473503 2.066416 0.225603 5.314925 0.771510 3.088883 4.479484 3.445530 0.056576 0.826217 3.222607 
0.791017 4.393517 0.358556 2.066416 0.793696 6.008004 0.771510 3.088883 4.747793 3.445530 1.816990 0.523157 4.439751 4.353953 
0.791017 2.733906 0.531659 2.066416 4.003240 6.008004 0.771510 3.184525 4.747793 2.827553 1.514207 0.716842 2.463152 5.496839 
0.784355 6.007525 0.479269 2.066416 5.244913 6.008004 0.771510 3.265139 4.835449 3.538174 1.573854 0.854240 2.362353 1.295741 
0.784355 5.905547 2.795467 2.050423 0.352731 6.008004 0.765551 3.057828 4.835449 3.474208 1.315543 0.041442 4.025721 3.881484 
0.784355 5.483274 2.422714 2.050423 2.680977 5.644193 0.765551 3.051291 4.623195 3.502172 0.883539 1.207612 0.353160 1.624828 3.174104 0.955187 
0.784355 5.015992 2.172826 2.050423 1.212301 6.077664 0.765551 3.077448 4.438366 2.717660 0.086285 0.306492 
0.772049 4.073385 2.432508 2.050423 0.604506 5.983871 0.765551 3.347166 5.314562 3.706595 0.190727 1.180781 
0.772049 5.634781 1.457975 2.050423 2.769556 6.065878 0.765551 3.329345 5.075325 3.863096 0.047598 1.073335 1.018997 
0.772049 5.884764 4.406317 2.050423 2.530782 6.004596 0.765551 3.329345 4.837824 3.873188 0.484712 0.031805 0.060576 
0.772049 5.752454 0.614170 2.050423 2.119462 6.004596 0.765551 3.329345 5.246788 3.763265 0.898559 0.201592 
0.776284 5.544304 0.019818 2.106891 2.171116 5.115079 0.765551 3.124009 4.101895 3.301039 4.423157 0.199086 
0.776284 4.147293 0.660760 2.069371 1.581818 5.793594 0.765551 2.977736 5.157592 3.951976 4.521011 0.643712 5.466269 3.871581 
0.776284 1.591723 1.486989 2.069371 2.301281 5.577811 0.765551 2.782061 5.360684 3.951976 2.909390 0.304171 5.324913 2.477132 2.926138 
0.776284 3.252839 0.287937 2.235635 1.890968 5.706240 0.765551 3.155620 5.374292 3.753714 2.699386 0.394297 
0.776284 1.632122 0.058734 2.235635 1.571238 5.866795 0.765551 3.013105 5.515862 4.009705 2.366082 0.990854 4.002847 2.087547 
0.776284 2.403009 0.338706 2.235635 1.730260 5.880417 0.765551 3.147652 5.129779 3.938732 3.652960 0.853125 0.434682 
0.776284 0.057475 0.277905 2.235635 1.753719 5.648240 0.774188 3.011860 5.368506 4.135672 3.028778 4.126217 
0.798568 0.024006 0.275662 2.235635 2.053340 5.665552 0.774188 2.857994 5.541666 4.136622 3.627541 3.803880 2.089232 3.175600 0.534555 
0.798568 0.514419 0.983133 2.235635 3.959452 4.250089 0.774188 2.263180 2.258823 4.077752 3.970561 4.153734 
0.809472 2.081406 1.157947 2.184636 3.881125 4.279308 0.774188 2.454681 1.664034 4.183881 3.046838 4.098660 
0.809472 2.300600 0.750381 2.184636 4.869786 4.253306 0.774188 2.769647 1.550039 5.342151 4.103512 3.596861 4.953053 
0.809472 3.646024 0.592819 2.184636 4.771394 4.253306 0.774188 5.505382 1.846774 5.958916 3.065969 1.368280 
0.809472 2.005547 0.614119 2.184636 3.921037 4.253306 0.774188 1.981757 0.810939 5.620768 3.289918 3.381967 4.809875 2.746665 
0.809472 2.173648 1.068964 2.376289 4.057686 4.253306 0.774188 3.133507 1.217733 5.957164 2.606595 1.603195 5.592207 5.606576 2.683739 
0.809472 4.702746 0.641688 2.548898 3.816808 4.253306 0.774188 3.101958 0.899049 3.149084 5.205567 0.882764 3.311388 5.041358 
0.809472 3.439379 1.276993 2.548898 4.072118 4.281657 0.776462 2.761856 1.343588 3.049479 5.044614 2.615332 0.769850 3.424158 2.456380 1.424507 
0.809472 4.227707 0.153203 2.548898 4.007774 4.247755 0.776462 3.395920 2.661901 2.869452 5.348797 4.759307 1.024635 3.368527 2.147510 1.260693 1.836823 2.955679 
0.809472 4.877823 0.310600 2.548898 3.616678 5.833317 0.776462 3.249432 2.070364 2.662798 5.348797 0.369122 0.182361 3.078720 2.303632 1.283179 1.609565 2.187392 3.364077 2.154141 
0.809472 1.873109 0.892261 2.548898 5.463451 5.960381 0.776462 3.767379 2.949076 4.166297 5.905408 0.511149 0.360344 3.742512 0.298646 
0.809472 3.038518 0.064698 2.548898 5.463451 6.093770 0.776462 3.682207 4.611537 3.811300 6.053452 1.162473 0.434518 3.447991 
0.809472 3.792791 1.272295 2.548898 5.909586 5.384850 0.759044 3.682207 0.005394 3.719453 5.893972 0.905532 2.585079 3.901314 
0.809472 3.834660 1.127353 2.548898 5.053911 5.578882 0.759044 3.779974 0.075250 4.016164 5.214751 1.615140 4.143170 2.762078 
0.809472 4.418307 0.053818 2.497349 4.652115 6.030392 0.779165 3.638777 0.036121 3.486404 5.446086 0.667585 3.107827 
0.809472 4.279789 0.046541 2.497349 5.340190 5.670256 0.742950 3.638777 0.122700 3.630922 4.781635 0.212574 1.179010 3.133929 1.198769 
0.809472 4.429721 0.327147 2.497349 5.088354 5.670256 0.782274 3.434938 0.318327 3.282733 3.938909 0.814125 1.794505 2.665330 1.208476 
0.833314 4.522076 0.013998 2.443194 4.527350 5.799937 0.497194 3.638737 0.200931 2.979319 4.098469 0.516378 1.849500 2.382370 3.618928 1.626653 
0.833314 4.341977 0.321118 2.371198 5.293021 5.805957 0.483388 3.384421 0.346492 3.120602 5.504244 0.978484 1.855697 4.643150 2.653316 
0.833314 5.481998 0.859712 2.371198 5.612611 6.045823 0.778967 3.637964 1.018269 3.355181 3.590465 1.261177 2.126509 5.870898 2.837541 
0.833314 4.612990 1.045472 2.371198 5.090821 5.986547 0.778967 3.636686 0.703772 3.997562 2.070495 1.229722 3.543980 5.825455 
0.833314 5.527489 1.201324 2.371198 4.761240 6.031201 0.475258 3.636686 0.100336 3.474353 3.211669 1.374310 3.698830 4.715001 
0.833314 5.041516 1.652348 2.371198 5.941160 5.772754 0.375354 3.698974 0.269394 4.040513 3.803323 0.973456 2.996067 5.575642 2.174092 
0.833314 2.879015 0.646644 2.343684 5.860644 5.974013 0.065214 3.883375 0.204328 3.669663 4.495956 0.522253 2.714921 5.533101 
0.833314 3.004946 3.730258 2.343684 5.860644 5.974013 0.357752 3.803055 1.187676 3.690578 5.657999 0.405476 1.784039 2.244329 0.315097 
0.833314 2.471663 0.864131 2.343684 5.918922 5.066409 0.283791 0.120013 2.493241 2.425852 4.729530 0.230987 4.958066 
0.810859 0.904866 2.456335 2.275556 4.996234 5.902367 0.734548 0.043536 0.859129 1.867747 5.380494 0.256725 3.721744 5.987717 
0.802337 0.645694 1.480473 2.275556 5.304709 4.714286 0.405154 2.384678 2.378163 1.406015 4.245786 0.282763 2.065776 5.940344 1.373847 
0.782350 1.049499 1.444135 2.275556 5.989729 5.518123 0.238457 5.940344 1.194492 1.046871 2.401680 0.229535 4.438427 3.790441 3.704811 
0.860350 0.736703 0.567256 2.275556 5.608969 3.837417 0.754995 5.077847 2.310392 1.731582 1.988004 0.055690 4.827757 1.157428 3.424934 
0.860350 1.049467 0.287629 2.275556 4.949664 4.035057 0.018888 4.189753 2.459782 3.563027 5.625206 0.101216 4.416854 
0.854878 1.260988 0.259428 2.275556 6.031968 4.657038 0.248393 4.277383 2.835795 3.302761 4.062102 0.939407 4.739215 0.497156 1.648955 0.789379 
0.826440 1.417103 0.051712 2.275556 6.090524 4.726645 0.249545 4.685810 0.722672 2.624255 4.688534 0.296168 5.268291 4.335255 2.576936 4.204710 
0.826440 1.409468 0.456805 2.258764 6.029966 4.347732 0.262744 4.293111 2.174463 5.648749 4.469302 0.450652 1.032872 0.193458 
0.826440 0.981781 0.026626 2.258764 5.772967 4.812370 0.088127 2.491990 1.744884 5.424834 5.598297 0.477278 2.217761 4.918818 0.641452 3.299545 1.047014 
0.793838 0.945872 0.115061 2.258764 5.772967 4.880092 0.153251 2.677838 0.593740 4.476746 4.145878 0.831996 1.654070 1.381276 2.097601 0.978804 5.420131 0.909721 
0.793838 1.077982 0.049676 2.258764 5.629252 2.614319 0.021979 2.349050 0.567549 4.024855 4.874610 0.569353 1.726849 3.919226 5.608961 1.088920 0.361945 4.289326 
0.793838 1.358795 5.030386 2.258764 5.891180 4.199037 0.406184 1.787603 0.954604 0.187745 5.390405 0.071150 1.363261 3.384783 5.887578 5.082991 3.507380 
