5.082480 5.742957 4.804300 
5.082480 5.749148 4.970718 
5.103552 5.864395 5.102629 
5.207290 6.027860 4.877714 
5.362548 5.990337 5.109483 
5.350706 5.823053 5.067778 
5.375415 5.971034 5.223639 
5.465032 5.955232 5.478712 
5.327700 5.828138 4.970510 
5.399383 5.900604 5.256136 
5.672100 6.037479 5.548432 
5.533143 5.956489 5.455769 
5.487774 5.843599 4.934339 
5.424423 5.773729 4.935464 
5.479718 5.913372 5.331318 
5.377814 5.915359 5.439665 
5.494025 5.935923 5.073163 
5.494025 5.739875 5.127135 
5.517611 5.841504 5.638654 
5.530695 5.646341 5.274897 
5.565733 5.815520 4.707981 5.619399 
5.587229 5.923249 5.132539 6.075647 
5.605861 5.799296 5.284943 
5.677255 5.892721 5.238825 
5.653055 5.892198 5.177178 
5.555829 5.746516 6.058673 5.062419 
5.568020 5.819502 5.522958 5.345351 
5.660889 6.008014 5.442381 5.410891 
5.619176 5.731740 5.452797 5.410891 
5.596725 5.937092 5.391607 5.331204 
5.636348 6.052330 5.410729 5.326560 
5.640687 5.945578 5.411298 5.326560 
5.237979 5.632268 5.382052 5.292204 
5.261041 5.547173 5.879199 5.110595 
5.036907 5.447790 4.704919 
5.086517 5.316266 4.814966 
4.986931 5.453137 5.042014 
4.829888 5.375691 4.711680 
4.745118 5.405628 4.506172 
4.885334 5.293079 4.795357 
4.798355 5.287521 5.025621 
5.059632 5.287669 4.860834 
4.801602 5.315950 4.460175 
4.849961 5.196663 5.232541 
4.686760 5.062835 5.187640 
4.446849 4.774606 4.616368 
4.785486 5.088669 5.127237 
4.789631 5.294127 5.140261 
4.999815 5.356275 4.530644 
4.962606 5.407581 5.293558 
5.095929 5.485598 5.651693 
5.089550 5.572018 4.798077 
5.148544 5.482081 4.837403 
5.180959 5.702793 4.929905 
4.624634 5.307761 4.680787 
4.581403 5.099226 4.312125 
4.481149 5.013208 4.125207 
3.976886 4.694026 3.857539 
3.982757 4.553913 4.487731 
3.946575 4.689089 4.548982 
4.311504 4.762597 4.311742 
4.193490 5.020186 4.425786 
4.333068 4.848321 4.200713 
4.352354 5.060149 3.983800 
4.128448 4.888739 3.895438 
4.106111 4.701265 3.756355 
4.021150 5.076306 3.948804 6.080169 
4.147832 4.963729 3.985824 
4.130505 5.002466 4.428580 
5.029408 5.838652 5.111397 
4.891178 5.709869 4.773337 
4.861759 5.391804 4.595602 
5.009994 5.738032 5.227456 
4.902851 5.889767 4.858639 
5.177536 5.994804 5.178981 
5.041736 5.871464 5.327514 
4.689730 6.077841 4.900668 
4.885432 5.998618 4.771634 
5.021286 5.756766 4.896884 
5.021286 5.782096 4.929857 
4.874567 5.625987 4.815371 
4.723452 5.452575 4.800875 
5.005262 5.955226 5.036037 
4.931019 5.934686 4.937767 
4.856684 5.887900 4.740870 
4.897486 5.685903 4.766098 
4.897324 5.418089 4.837009 
4.897570 5.659017 4.875554 
4.917159 5.721534 4.647147 
4.648134 5.533122 4.816798 
4.917703 5.739737 4.737666 
4.840078 5.555325 4.833788 
4.671151 5.660516 4.635273 
4.640295 5.317735 4.451411 
4.488189 5.647315 4.394048 
4.524181 5.126427 4.184758 
4.468812 5.205976 4.401081 
4.583463 5.249950 4.359503 
4.630687 5.413587 4.431799 
4.542295 5.360446 4.496579 
