1.105797 1.153576 1.222645 1.184105 1.058994 1.079864 1.132457 1.157347 0.935993 1.181674 1.196596 1.139447 1.103952 
1.102364 1.149302 1.213793 1.167783 1.012803 1.091579 1.123991 1.141544 1.051310 1.167354 1.206346 1.106420 0.829713 
1.098223 1.116370 1.188222 1.161773 1.062139 0.866769 1.124321 1.152607 1.064885 1.183290 1.216235 1.126967 
1.082930 1.120884 1.191495 1.146954 1.007892 0.866212 1.110260 1.145822 1.041107 1.174872 1.192565 
1.079037 1.119430 1.180935 1.137522 1.086788 0.887100 1.100948 1.107422 1.016952 1.155163 
1.053577 1.102772 1.165808 1.103522 1.131404 0.851268 1.084971 1.067728 1.010244 1.014623 
1.055776 1.082080 1.159250 1.112276 1.144223 0.830749 1.089935 1.090468 1.129185 1.000468 1.060530 0.922098 1.110587 
1.044943 1.026998 1.169112 1.112805 1.148581 0.894336 1.094833 1.109900 1.150894 0.918752 1.120214 1.104976 1.084480 1.221980 0.821589 
1.026655 1.024294 0.846872 1.123998 1.154641 0.878741 1.073926 1.085833 1.182543 1.130226 1.113810 1.100016 1.092132 1.009257 
1.058728 1.012710 0.893283 1.126245 1.146754 1.069416 1.078449 1.099445 1.171657 1.069131 1.123863 1.087750 
1.007352 1.027762 1.090525 1.119084 1.147813 1.099783 1.082984 1.084429 1.182743 1.105796 1.090872 1.111137 1.127646 0.872513 
1.022522 1.045958 1.010741 1.119818 1.140409 0.832396 1.078166 1.084217 1.168358 0.954412 1.074022 1.122231 
1.009151 0.989148 1.008143 1.114493 1.133184 0.884391 1.076371 1.065395 1.154478 1.129198 1.098767 0.980218 1.084108 
0.998997 0.996526 1.071408 1.095812 1.137443 0.838504 1.065662 1.044495 1.138137 1.112346 1.092985 0.954754 1.007871 0.931542 
1.006742 0.881182 1.253726 1.113291 1.140441 0.822716 1.075401 1.070559 1.125690 1.125847 1.091178 0.973427 1.071319 1.001915 1.003823 
1.003979 0.897322 1.086905 1.121852 1.157740 1.072468 1.083107 1.074964 1.135138 1.141062 1.095235 
1.037114 0.851856 1.088668 1.136355 1.174326 1.019927 1.080171 1.105886 1.148876 1.160825 1.081019 
1.056582 0.854836 1.105196 1.145848 1.190748 1.037919 1.100549 1.095463 1.135211 1.172502 1.123805 1.081569 
1.053811 0.857225 1.124753 1.144468 1.184443 1.026028 1.112299 1.106855 1.141290 1.161093 1.123548 
1.035574 1.099274 1.124444 1.135176 1.186013 0.980215 1.091838 1.081025 0.873276 1.147760 1.140565 
1.032862 1.016578 1.110727 1.134966 1.166223 0.981259 1.089668 1.106116 0.866362 1.144126 1.134702 1.080084 
1.030302 1.023620 1.119915 1.147266 1.196933 0.997747 1.103263 1.123793 0.820288 1.161488 1.160306 1.078541 1.107956 1.127334 
1.055102 1.041831 1.109431 1.147555 1.204224 0.861779 1.116128 1.115985 1.176585 1.154625 0.924439 0.998270 
1.066299 1.029727 1.140161 1.157079 1.196352 0.880615 1.107664 1.127944 1.175996 1.151160 1.127459 
1.034898 1.042967 1.154571 1.161332 1.208947 0.846768 1.110603 1.114270 1.182416 1.166931 1.113368 1.134485 
1.077707 1.012227 1.157964 1.165256 1.207077 0.924496 1.139262 1.147575 1.201724 1.158965 1.100705 1.136728 
1.090949 1.047108 1.179752 1.184802 1.247705 0.882964 1.199951 1.147295 1.213893 1.198886 1.139374 1.148171 
1.091655 1.078090 1.192527 1.201578 1.244237 0.936891 1.164808 1.179318 1.219776 1.229106 1.166354 
1.096199 1.061386 1.181934 1.205247 1.189035 0.870068 1.173058 1.167199 1.210072 1.252525 1.003517 1.144197 1.161892 
1.088096 1.040874 1.193667 1.206796 1.165567 0.931983 1.149300 1.142094 1.189037 1.244073 1.106907 1.212588 1.231935 0.803971 
1.073869 1.061869 1.179526 1.196170 1.210232 0.986501 1.160177 1.161102 1.212660 1.254577 1.243867 0.817456 
1.101511 1.082055 1.191352 1.204208 1.192696 0.938456 1.172563 1.149718 1.223474 1.255938 
1.100077 1.064918 1.205214 1.214248 1.210352 0.909706 1.177912 1.157733 1.247672 1.256739 0.996242 1.176534 1.180286 
1.109758 1.106654 1.198605 1.211124 1.200729 1.137500 1.177058 1.163110 1.229796 1.257603 0.911886 1.091452 
1.088214 1.086277 1.183003 1.198661 1.251337 1.168525 1.169687 1.199702 1.231820 1.201465 0.958165 
1.079094 1.049084 1.141305 1.186401 1.244825 1.146304 1.143839 1.163578 1.206287 1.202742 0.909146 1.054424 
1.053664 0.882264 1.092434 1.183611 1.232570 1.130542 1.138059 1.157199 1.193448 1.184363 
1.080333 0.933415 1.108474 1.174701 1.236473 1.140779 1.145988 1.071401 1.199808 1.182024 1.171337 1.117154 
1.051850 0.863203 1.103445 1.187656 1.218057 1.128498 1.139672 1.100555 1.206870 1.180428 1.128956 1.162334 1.140041 0.950399 
1.088321 0.858946 1.069112 1.178444 1.052088 1.156058 1.140140 1.229635 1.203673 1.195216 1.156803 
1.072023 1.166413 1.047953 1.196536 1.041258 1.167231 1.150145 1.238183 1.202079 1.206730 1.123394 0.887619 1.109840 1.172521 1.111459 1.038422 
1.082644 1.153960 1.010560 1.199296 0.919542 1.132321 1.151452 1.243426 1.204421 1.189306 1.178529 
1.097524 1.183288 1.119693 1.198213 0.961093 1.178541 1.147341 1.254216 1.234637 1.192011 1.162829 1.168036 
1.095012 1.143756 1.040377 1.195003 0.959957 1.177683 1.173326 1.239957 1.225290 1.179841 1.161295 1.123090 1.127579 
1.081719 1.249359 0.949083 1.186302 1.141604 1.175558 1.140699 1.241431 1.198730 1.172244 1.081640 0.900625 1.093186 1.118346 
1.079778 1.064033 0.874102 1.182627 1.072355 1.127486 1.140756 1.225232 1.203768 1.193444 1.098895 1.119484 1.234490 1.126830 
1.078808 1.146950 0.900935 1.201160 1.088318 1.151387 1.150863 1.234060 1.208213 1.193068 1.116180 1.137838 1.075554 1.156114 
1.080135 1.144769 1.102455 1.209912 0.942674 1.172403 1.158104 1.241271 1.227946 1.203455 1.157303 1.133623 1.136116 0.928690 
1.078507 1.157606 1.072165 1.195706 1.069998 1.158806 1.154733 1.240976 1.228412 1.183748 1.153317 1.142406 1.182068 1.069662 0.832295 0.964391 
1.094356 1.154203 1.107664 1.219688 0.946510 1.171419 1.176256 1.256282 1.229242 1.218510 1.154867 1.172670 
1.086449 1.118673 1.062033 1.197628 0.880919 1.150014 1.143472 1.244335 1.210301 1.192484 1.120392 1.139869 
1.123892 1.164295 1.253929 1.211238 1.051815 1.183940 1.162391 1.246010 1.234254 1.210806 1.145484 1.152041 0.977854 
1.096290 1.143475 1.199381 1.205811 1.097333 1.172245 1.158342 1.250116 1.223164 1.206345 1.160321 1.193276 0.860190 
1.089798 1.134983 0.943935 1.202556 1.063932 1.145660 1.156075 1.247711 1.215240 1.190444 1.139357 1.131877 
1.108664 1.143183 0.879225 1.201867 1.088329 1.174622 1.164890 1.257551 1.192505 1.207809 1.223741 1.139643 
1.086087 1.152560 0.976165 1.202279 1.043383 1.161833 1.171233 1.254554 1.223789 1.181096 1.224317 1.190550 1.175584 1.091299 
1.073810 1.007791 0.911597 1.176090 1.074580 1.144195 1.142833 1.239305 1.182660 1.184911 1.087193 1.143798 1.207944 0.825063 1.190796 
1.066547 1.131445 0.858994 1.177842 1.046328 1.156832 1.144203 1.240857 1.198552 1.182443 1.128385 1.164606 
1.081105 1.061894 0.903826 1.200643 1.102408 1.171709 1.161804 1.243363 1.231705 1.205654 1.140504 1.205560 1.137972 0.966977 
1.117693 0.969197 0.892305 1.203974 1.109904 1.155036 1.158798 1.247618 1.234119 1.191292 1.093793 1.146519 0.911886 
1.093569 1.168561 0.939957 1.207317 1.141375 1.184310 1.166790 1.256095 1.233588 1.202239 1.091042 1.248406 
1.119327 1.159369 0.969260 1.206174 1.115113 1.183891 1.151544 1.251621 1.224608 1.213371 1.101687 1.249136 1.020428 0.802391 1.184331 
1.091014 1.162487 0.943571 1.200215 1.203843 1.186498 1.152462 1.246666 1.051944 1.201683 1.097588 1.245013 
1.101687 1.141262 0.907536 1.197420 1.218672 1.187056 1.168382 1.247787 1.048645 1.077023 1.232993 1.241557 
1.080395 1.083169 0.919216 1.193750 1.196613 1.174871 1.146728 1.233582 1.132274 1.139448 1.219760 0.893480 1.052752 
1.077357 1.062124 0.869188 1.177121 1.199720 1.168483 1.130949 1.020191 1.139263 1.117442 1.221152 1.088214 
1.086026 1.173547 0.874946 1.224275 1.242202 1.170683 1.146045 1.013739 1.128428 1.116340 1.226306 1.040013 1.198276 0.830416 
1.064641 1.090302 0.835907 1.176949 1.223943 1.153191 1.142480 1.127544 1.134503 1.080402 1.203218 0.989035 1.153668 1.125300 1.081092 
1.070094 1.186320 0.900614 1.186495 1.209042 1.153452 1.152866 1.071361 1.120382 1.212570 1.118039 1.069653 1.017774 1.182081 
1.084746 1.193748 0.916940 1.210497 1.241463 1.186634 1.162122 1.106519 1.121994 1.248895 1.148150 0.800702 1.157688 1.113698 1.084649 0.901558 
1.084054 1.214199 1.158713 1.205293 1.254799 1.190482 1.160370 1.058656 1.025372 1.258221 1.148232 1.020420 0.891318 0.806209 1.218060 1.118000 1.187550 0.943212 
1.065291 1.219364 1.173781 1.202158 1.243058 1.176942 1.150184 1.234859 1.099777 1.048448 1.128756 1.141565 0.923210 1.180946 1.131742 1.012322 0.858703 1.016638 1.183329 0.959810 
1.082129 1.090796 1.147920 1.220613 1.214313 1.163427 1.136522 1.243475 1.181481 1.190410 1.141244 1.124954 0.867005 1.053586 1.169600 
1.111358 1.064659 1.148864 1.201250 1.222780 1.172333 1.158413 1.244766 1.005530 1.208759 1.128751 1.119954 0.859849 0.843166 
1.079797 1.167875 1.107651 1.170460 1.179426 1.133327 1.130340 1.220365 0.876882 1.163838 1.126657 1.095440 1.081640 1.089490 
1.081478 1.191056 1.124518 1.181244 1.204972 1.113257 1.135937 1.226909 0.929365 1.183449 1.117417 1.098943 1.102687 1.098425 
1.051585 1.178658 1.113931 1.182518 1.195179 1.150008 1.124615 1.226161 0.890889 1.175018 1.122569 1.120422 1.058164 
1.088956 1.205322 1.115682 1.187821 1.178614 1.136919 1.137067 1.242044 0.849141 1.185024 1.098365 1.154994 0.993015 1.108479 1.068149 
1.113361 1.204758 1.166367 1.174911 1.208893 1.151786 1.166256 1.242608 0.879065 1.188191 1.020807 1.145718 1.213031 1.067243 1.045044 
1.121248 1.192300 1.171430 1.188873 1.214816 1.153844 1.166345 1.242778 0.904345 1.196583 1.028632 1.114591 1.220732 0.968424 1.111526 1.077526 
1.135683 1.220765 1.137519 1.187329 1.215762 1.175154 1.165068 1.242854 0.912346 1.195520 1.162015 1.118764 1.203211 1.032834 1.093657 
1.118997 1.227069 1.171884 1.188350 1.213966 1.157032 1.163905 1.246223 0.932349 1.196790 1.033299 1.141538 1.203230 1.152843 1.058537 
1.103381 1.203073 1.124446 1.182569 1.185635 1.106108 1.148937 1.214872 0.886121 1.170178 1.015294 1.098177 1.045302 1.142397 
1.098686 1.168010 1.123488 1.173831 1.180079 1.126461 1.122427 1.220398 0.873149 1.153833 1.093223 1.095045 1.027435 1.098342 
1.103835 1.192513 1.074238 1.168480 1.179216 1.114129 1.127382 1.208753 0.878063 1.166162 1.042250 1.103871 1.045805 1.123021 1.011534 
1.097971 1.181522 1.064081 1.162799 1.161897 1.105210 1.113305 1.198528 0.846452 1.139036 0.975615 1.097993 1.002575 1.119106 
1.069540 1.189399 1.008837 1.153443 1.171242 1.112271 1.096273 1.191911 0.989353 1.152022 1.104678 1.109661 0.965552 1.021056 0.871961 
1.087287 1.204286 1.025226 1.159165 1.148857 1.107791 1.117196 0.898323 1.018698 1.150725 1.092781 1.142570 1.184220 
1.076753 1.206596 0.996989 1.167860 1.172386 1.177465 1.124376 0.816386 1.037049 1.147837 1.114223 1.129897 1.201445 1.109905 
1.086629 1.214581 0.887204 1.159432 1.173965 1.194711 1.131620 1.100733 1.013548 1.168088 1.054640 1.130124 1.227209 1.105372 1.139723 
1.115141 1.226606 0.997906 1.183876 1.120449 1.171342 1.134430 1.146699 0.900991 1.170843 1.052002 1.140607 1.214099 1.182550 1.024037 
1.112038 1.250747 0.890701 1.188035 1.117791 1.220978 1.148666 1.169104 1.029770 1.166037 1.238536 1.186167 1.217263 0.938966 1.154986 
1.115670 1.233872 1.153692 1.196223 1.138507 1.226500 1.139985 1.192258 1.011565 1.184684 1.184982 0.861877 1.141187 
1.108590 1.220611 1.142334 1.169476 1.129011 1.197188 1.134141 1.050567 1.037938 1.191023 1.177289 0.898230 1.136002 1.020426 1.049986 0.821647 
1.120415 1.215862 1.110789 1.192762 1.094695 1.188679 1.142205 1.024602 1.167300 1.206317 1.179531 0.873078 1.139008 0.827709 1.053898 0.880031 
1.112648 1.237015 1.145085 1.182679 1.098533 1.200939 1.137164 1.062188 1.079487 1.120919 1.179948 0.882017 1.036036 1.161207 
1.125304 1.249131 1.134880 1.202115 1.117585 1.210540 1.164831 1.064997 1.061693 1.160929 1.176551 0.903731 1.195455 1.213339 1.036707 0.839970 1.047350 
1.117632 1.241896 1.186422 1.202261 1.127119 1.210120 1.161003 1.062864 1.138905 1.223157 1.039864 0.956412 1.189186 1.070713 1.200177 1.084722 1.154220 0.874881 
1.119964 1.255179 1.130661 1.201047 1.154795 1.161638 1.135330 1.032072 1.161906 1.038418 1.199847 0.867659 1.186415 1.235957 1.158197 1.079026 1.098589 1.177058 
1.096695 1.225617 0.985577 1.182813 1.141962 1.030262 1.151680 1.078264 0.931913 1.105186 1.187298 1.184972 1.186633 1.241463 1.164884 1.184952 1.186671 
