   0.121066 1599.964642
   0.122786 1607.428420
   0.121751 1588.632041
   0.123696 1602.471723
   0.124838 1606.813362
   0.127453 1612.050850
   0.127491 1604.863411
   0.126180 1590.139040
   0.125924 1595.887420
   0.125530 1606.015744
   0.126402 1592.727141
   0.126470 1607.924566
   0.127648 1604.933839
   0.129221 1597.825298
   0.128112 1594.073016
   0.126945 1601.681216
   0.125253 1588.291233
   0.123682 1606.226403
   0.123837 1589.982958
   0.125254 1596.746158
   0.126057 1611.695644
   0.124010 1594.588952
   0.123421 1607.376759
   0.123219 1604.571408
   0.122910 1585.881912
   0.120971 1590.568813
   0.118706 1595.142895
   0.117835 1597.640944
   0.118477 1605.029390
   0.118431 1593.275333
   0.117611 1601.100563
   0.117322 1588.202060
   0.116524 1601.301527
   0.117872 1592.751799
   0.117658 1588.936157
   0.119682 1591.059762
   0.119697 1582.646254
   0.120527 1605.980157
   0.120285 1596.117474
   0.119853 1585.827657
   0.118745 1594.242624
   0.119124 1599.720564
   0.117401 1594.579540
   0.118268 1588.968738
   0.119565 1595.059493
   0.120135 1586.723777
   0.119274 1623.708449
   0.118222 1613.589121
   0.118122 1608.219283
   0.116863 1599.383627
   0.118984 1596.466765
   0.117746 1578.280398
   0.117989 1603.611942
   0.118939 1608.501966
   0.117881 1585.886183
   0.117784 1597.389118
   0.119616 1606.706103
   0.119971 1595.069445
   0.117615 1604.638647
   0.117674 1583.993507
   0.117183 1582.144610
   0.116983 1588.574897
   0.118189 1596.447367
   0.117734 1609.175138
   0.119054 1608.411643
   0.120709 1616.936087
   0.120377 1584.877928
   0.120681 1602.607671
   0.120666 1585.824677
   0.117897 1561.878361
   0.117944 1599.207815
   0.119152 1583.411557
   0.118238 1591.262065
   0.118350 1601.477358
   0.122029 1613.485792
   0.121273 1605.565547
   0.121417 1583.444476
   0.120193 1582.022149
   0.118753 1602.202453
   0.119054 1583.257727
   0.118784 1599.437848
   0.117975 1597.752169
   0.120438 1596.596036
   0.121633 1592.166725
   0.121681 1606.575650
   0.123790 1597.214350
   0.123864 1600.720990
   0.122878 1590.134612
   0.122313 1596.123442
   0.121674 1599.069253
   0.120850 1584.083238
   0.119424 1588.881466
   0.120484 1595.576873
   0.121225 1593.215303
   0.120578 1592.197798
   0.120744 1607.818451
   0.119891 1580.025127
   0.119190 1583.674755
   0.119153 1582.119664
   0.120633 1608.239403
