 1.822523  3.229803
 1.834040 12.145473
 1.802783  1.566460
 1.810766  1.562271
 1.786488  5.152070
 1.845673 18.951349
 1.823061  2.293370
 1.813812  4.574486
 1.802909 25.162987
 1.826292  4.253104
 1.805466  2.748760
 1.797823  1.801238
 1.797911  5.625872
 1.814406  7.630102
 1.792123  3.856849
 1.795955  2.494596
 1.834781  3.228477
 1.836507  3.434337
 1.827937  4.337907
 1.831586  6.223125
 1.822521  5.323664
 1.834350  3.444024
 1.824084  1.396569
 1.805422 19.807338
 1.792316  1.346184
 1.774980  8.896879
 1.756337  2.614712
 1.785249  1.403486
 1.782841  8.906778
 1.788815  1.813936
 1.772715  5.177941
 1.755477  9.269259
 1.732273  3.133085
 1.732319  2.143432
 1.743135  4.238440
 1.748086  1.555121
 1.769582  2.336975
 1.767245 14.283509
 1.745229  1.002876
 1.774445  5.475319
 1.759307  1.275968
 1.776576 28.525169
 1.743854  2.998007
 1.768719  5.929761
 1.795389  3.287682
 1.783558  3.113661
 1.806065  2.901149
 1.838002  7.870334
 1.844249  4.204034
 1.841071  6.353462
 1.821558 24.595024
 1.834621 17.494814
 1.838940 18.192561
 1.806644  2.841436
 1.797921  5.222177
 1.763723  1.409625
 1.695553  1.044437
 1.678006  2.492169
 1.635055  2.271924
 1.606919  5.333850
 1.587264  8.537739
 1.625289  6.340448
 1.650429  2.184292
 1.646417  1.005519
 1.658863  1.838289
 1.649698  3.109355
 1.618051  3.129411
 1.581491  3.837455
 1.601764  3.778012
 1.535803  0.915169
 1.508695  4.539731
 1.498944  1.917543
 1.494921  3.805086
 1.506878 25.164624
 1.514832  9.807352
 1.493062  0.542735
 1.465234 14.536349
 1.465484  3.344131
 1.443427 11.283463
 1.486526  7.656283
 1.490086  0.837145
 1.439983  1.087823
 1.441739  4.168589
 1.463855 43.905390
 1.506785  1.399853
 1.526703  2.149661
 1.569891 10.486871
 1.591199  3.547968
 1.612600  1.727220
 1.625249 28.146431
 1.621318  6.081340
 1.588790  1.793226
 1.605954  0.929454
 1.622682 25.386731
 1.558828  1.960345
 1.586574 54.369959
 1.594534  4.376203
 1.584919  0.901944
 1.567692  2.276816
 1.561385  3.892032
