11.020138 2.317486 2.609030 7.514115 6.477901 4.938460 9.230556 0.204873 5.964036 3.392936 1.795790 5.724473 5.383395 
11.020138 2.317486 2.609030 7.514115 6.618832 4.694937 9.101609 0.520607 5.477734 2.116307 1.726054 5.466976 4.747455 
10.935265 2.783435 2.736051 7.514115 6.052048 5.555844 9.956572 0.606239 4.952664 2.872365 0.956858 5.506606 
11.392928 2.783435 2.977181 7.514115 6.278078 6.511685 9.999410 0.266436 5.229590 2.227463 1.526458 
11.441329 2.800015 2.930921 7.810168 3.851787 6.937528 9.175785 0.127096 6.099502 1.313015 
11.302788 2.807364 2.946829 8.512002 1.242236 6.627779 8.471728 0.056185 5.684140 5.783526 
11.081640 3.190529 2.555912 8.512002 1.567985 4.826160 9.949772 0.056185 0.361291 5.233626 1.433725 3.895388 4.601407 
11.081640 5.834087 2.364584 7.964235 0.704859 4.961197 8.664124 0.001883 1.106923 5.204381 0.759151 2.890354 10.988644 4.045411 3.265795 
11.492394 5.747184 6.437265 7.964235 0.678148 4.015890 8.757613 0.301825 2.648246 3.934996 0.098442 3.384521 10.988644 5.363498 
11.492394 5.609257 5.178143 7.964235 0.479394 9.021973 10.939273 0.065215 2.286961 3.791246 0.667836 3.636396 
11.492394 5.916212 4.892317 7.964235 0.513363 9.692376 10.939273 0.091721 1.858641 4.247389 1.602154 4.113531 0.125278 5.457619 
11.492394 5.140007 6.068809 8.109822 0.383855 5.432876 10.939273 0.090766 1.858641 5.106404 1.602154 0.153603 
11.492394 5.582461 5.618731 7.836334 1.174693 7.277732 10.939273 0.032842 1.768780 1.176476 1.565124 6.279253 7.816723 
11.492394 5.759449 7.870112 7.836334 1.153155 7.189908 10.939273 0.034060 1.768780 0.598826 1.067690 5.290074 6.301489 5.215458 
11.492394 7.074983 6.210667 7.836334 3.297220 6.585391 10.939273 0.397949 1.011385 0.491169 1.011224 5.061305 7.764714 6.773244 5.698471 
11.492394 6.956061 7.567880 7.836334 1.318171 6.882434 10.939273 0.051781 0.901417 0.633090 1.009255 
11.492394 6.230109 8.095582 7.740791 1.312851 6.421080 10.998427 0.085787 0.024223 0.385178 0.874587 
11.492394 6.884339 9.684279 7.740791 1.416199 6.438262 10.955052 0.085787 0.036961 0.385178 0.969176 7.191241 
11.492394 6.144380 0.612560 7.506056 1.888058 6.392117 10.955052 0.085787 0.379639 0.455300 3.940133 
11.492394 7.127803 0.897621 7.506056 1.117819 6.240992 10.955052 0.085787 6.785134 0.455300 0.054426 
11.492394 6.381470 0.638692 7.596045 0.948025 5.393716 10.955052 0.085787 5.923783 0.455300 0.005324 9.008778 
11.492394 5.987007 0.160742 7.596045 0.988699 6.471350 10.955052 0.100548 5.911534 1.018380 0.061844 4.981487 9.533479 5.674265 
11.492394 6.100155 0.251492 7.596045 0.807146 6.325923 10.783405 0.170371 0.994482 0.100979 0.061034 6.147740 
11.492394 6.138541 0.186905 7.622686 0.782343 6.391967 10.783405 0.156962 0.415336 0.516864 7.345523 
11.492394 6.189131 0.186908 7.622686 0.782343 6.641133 10.783405 0.230281 0.415336 0.046073 7.381945 9.848340 
11.492394 6.192975 0.010335 7.555853 0.593594 6.603390 9.889922 0.230281 0.415336 0.212220 6.750398 11.083421 
11.492394 6.305494 0.044735 7.555853 0.642945 6.296634 7.474825 0.219084 1.177555 0.217713 7.691846 11.083421 
11.492394 6.160819 0.010645 7.479438 1.344732 6.642979 11.124852 0.371852 0.531594 0.626448 7.162347 
11.492394 6.160819 0.332504 7.559573 0.606272 6.801130 11.124852 0.134902 0.530620 1.212027 6.714985 0.347254 7.370903 
11.492394 6.186729 0.371084 7.559573 7.188631 5.899278 11.124852 0.006853 0.320119 1.212027 5.631569 0.419690 0.388041 0.524569 
11.494020 6.186729 0.367005 7.559573 0.122633 6.480886 10.907239 0.006853 0.320119 1.690561 0.690181 6.084051 
11.494020 6.190307 0.367005 7.559573 0.588934 6.223957 10.907239 0.018049 0.320119 1.431600 
11.494020 6.190307 0.367005 7.559573 0.185725 5.748218 10.907239 0.018049 0.187925 1.447239 5.310561 9.803231 4.626214 
11.494020 6.101287 0.332783 7.539825 0.048448 7.543968 10.907239 0.344323 0.854534 1.329085 6.460424 7.282556 
11.494020 7.292488 0.108623 7.539825 1.061240 0.135049 10.907239 4.799672 0.291254 0.306988 4.950126 
11.494020 7.062456 0.174783 7.539825 2.810861 0.053140 10.907239 4.834368 0.760193 0.185959 6.161468 5.351587 
11.494020 6.833618 6.129823 7.512114 2.112180 0.053140 10.907239 7.251932 0.405103 1.241426 
11.494020 6.381785 5.542360 7.533058 2.103678 0.097828 10.907239 6.414158 1.036717 1.057160 8.177729 4.578727 
11.494020 5.430443 5.670657 7.533058 2.481153 0.162156 11.105226 4.718042 0.797179 0.336562 9.873829 5.134640 4.860393 5.147608 
11.494020 6.489412 6.096227 7.509968 4.661271 0.444828 11.105226 3.013127 0.815868 0.743869 11.222331 
11.494020 9.765929 6.978036 7.509968 5.217248 0.745525 11.105226 2.468627 1.573780 0.010092 7.563933 6.238489 5.684685 5.155458 11.339282 5.550067 
11.494020 9.629379 6.163437 7.509968 6.323307 1.035567 11.105226 1.725536 1.196792 0.627915 5.062149 
11.494020 9.394170 6.163437 7.475847 6.967171 0.834093 11.105226 2.018599 1.539538 0.365647 4.938919 7.847331 
11.494020 7.192694 6.168048 7.475847 6.644061 0.201240 11.105226 1.933544 0.822991 0.175234 4.971661 5.154139 5.449121 
11.494020 2.146860 5.548731 7.475847 5.109685 0.050909 11.105226 1.933544 2.213065 0.175234 7.228016 6.312906 4.937508 5.344283 
11.494020 6.026460 6.623706 7.475847 5.335841 0.050909 11.105226 1.440987 2.213065 0.523267 7.091296 5.284135 4.280751 5.491766 
11.347184 5.688137 5.989796 7.475847 5.465787 0.050909 11.105226 1.851098 2.233917 0.683224 7.113731 5.300543 6.673591 6.377564 
11.347184 5.446701 5.603749 7.459070 6.500746 0.050909 11.053306 1.849657 2.233917 0.388614 7.125104 5.079225 4.518420 5.121601 
11.347184 5.600285 5.118855 7.459070 6.024279 0.398371 11.053306 2.091048 1.304060 0.111909 7.400023 5.024330 10.143078 6.831045 5.362328 6.983120 
11.347184 5.511751 6.816897 7.459070 6.007294 0.358993 11.053306 2.505834 1.593824 0.346083 8.067991 5.121559 
11.339549 5.081355 6.576674 7.459070 6.288259 0.389685 11.053306 2.273818 1.706803 0.784386 7.521531 5.232999 
11.339549 5.503151 6.028730 7.459070 6.027155 0.591358 11.053306 2.218481 1.619907 0.358529 8.110223 5.329942 6.375929 
11.339549 5.552523 2.564989 7.459070 6.142383 0.523475 11.053306 2.218481 1.637588 0.295150 7.244836 5.286226 7.012790 
11.339549 5.665215 6.865367 7.459070 7.134162 0.523475 11.053306 2.218481 1.946556 0.393762 7.471494 5.442835 
11.281007 5.664350 6.242959 7.471980 6.526536 0.161187 11.053306 2.345049 3.769533 0.647170 1.102476 5.017610 
11.281007 5.477756 6.084927 7.506683 5.842024 0.831334 11.053306 2.734444 1.510220 0.043240 1.258245 4.874949 0.579766 5.506032 
11.281007 5.030055 5.846642 7.506683 6.528276 1.091428 11.053306 2.930199 0.757681 0.043240 4.913189 4.671410 1.309188 4.116809 3.102897 
11.281007 3.876943 6.256031 7.335116 6.194988 1.001725 11.053306 2.928080 1.466905 0.066556 6.472825 5.073680 
11.281007 5.162253 5.917309 7.335116 6.865634 0.947737 11.053306 2.738998 1.184165 0.104725 4.660738 4.929857 5.485301 5.325172 
11.281007 5.201746 6.507881 7.335116 7.111337 0.948974 11.053306 3.050343 1.480175 0.084436 5.473323 5.102800 5.769686 
11.281007 5.311982 6.283122 7.335116 7.085221 0.713401 11.165095 2.922733 0.953376 0.086658 5.737057 1.111621 
11.436678 4.790434 5.206461 7.335116 7.168738 0.333281 11.165095 3.395340 0.385063 0.350946 5.575047 1.819858 4.609914 4.930380 11.120223 
11.436678 4.916556 5.905782 7.335116 3.378146 0.368215 11.165095 4.289816 7.045516 0.663205 5.216535 1.569660 
11.471696 4.480624 5.928146 7.345053 2.556916 0.702504 11.165095 4.120880 5.927728 5.470792 4.453154 1.506800 
11.471696 6.657376 6.190737 7.345053 2.839283 0.000125 11.165095 3.427195 4.776155 5.544469 1.791539 2.784696 5.057764 
11.471696 5.687774 5.524105 7.345053 2.909970 0.000125 11.165095 5.357591 4.696659 5.657205 3.086292 6.369809 
11.471696 7.596587 6.336035 7.345053 2.036318 0.000125 11.165095 6.466909 5.467044 5.707633 2.820362 5.831288 2.689568 5.549703 
11.471696 6.181548 5.647236 7.244217 1.949243 0.000125 11.165095 6.124143 5.348576 4.302428 4.661549 5.808041 3.419128 5.574879 5.639227 
11.471696 2.486379 6.088559 7.096179 1.894330 0.000125 11.165095 6.140896 5.490437 3.775365 5.676452 6.385527 5.006629 3.013593 
11.471696 3.374948 6.313820 7.096179 1.668609 0.684767 11.104338 6.634300 6.694802 3.676049 5.792808 6.932243 5.440857 5.255283 4.923965 6.402832 
11.471696 2.497194 5.393525 7.096179 1.766086 0.722922 11.104338 5.084690 6.524089 4.302520 5.656681 5.552559 6.537232 4.428939 5.246578 6.689782 5.086803 5.131467 
11.471696 2.560472 5.327121 7.096179 1.557981 2.624587 11.104338 3.641575 6.768503 6.758522 5.656681 6.329379 6.378413 5.059903 4.989306 5.282356 5.617299 6.431965 0.471674 5.758658 
11.471696 6.272005 5.729521 7.096179 2.473580 2.498587 11.104338 2.156229 5.260197 0.218399 5.567618 6.889616 6.321222 5.787525 10.596174 
11.471696 6.242680 5.732442 7.096179 2.473580 2.549408 11.104338 2.337092 5.361833 0.130126 5.681241 6.521768 6.368164 5.889584 
11.471696 2.527605 5.558292 7.096179 1.880903 0.123605 11.353059 2.337092 6.007665 0.288541 5.553424 6.871484 7.000488 4.656176 
11.471696 2.285082 5.656359 7.096179 0.285509 0.012150 11.353059 2.208418 5.986000 0.334486 5.694847 6.734946 5.305545 6.373508 
11.471696 3.849587 5.982915 7.147671 0.662696 0.456450 11.197235 1.231272 6.312757 0.600907 5.628906 6.763618 6.084010 
11.471696 3.120100 5.832551 7.147671 0.059841 0.108262 11.060520 1.231272 6.315899 0.935405 5.160042 8.838129 5.878831 6.245721 6.030723 
11.471696 2.969103 5.775698 7.147671 0.097684 0.108262 10.554681 0.968672 6.713534 0.364569 4.870365 7.495067 7.734899 6.507823 5.811325 
11.388665 2.945933 5.716527 7.223643 1.015618 0.246605 10.712813 1.305661 5.858472 0.084441 5.262203 7.801132 7.677475 7.112242 5.718553 5.769615 
11.388665 3.264435 5.707081 7.229591 0.222323 0.184343 10.010097 1.224314 5.838767 0.461948 4.526762 7.150244 7.602397 4.586297 6.398891 
11.388665 2.427538 5.603740 7.229591 0.522652 0.231478 11.061385 2.069404 6.650504 0.024929 5.547017 6.857170 7.395958 5.631088 6.066317 
11.388665 1.466592 5.547757 7.229591 0.159065 0.132750 11.061385 1.889573 6.344269 0.271754 6.327902 6.549154 5.628582 5.693094 
11.388665 2.600836 5.616957 7.229591 0.256467 0.174787 10.641941 1.889573 6.252092 0.190798 4.918343 6.658509 5.881691 5.704124 
11.388665 3.181886 6.888668 7.229591 1.880656 0.173817 11.062195 1.997602 6.557939 0.232088 4.724691 5.796585 6.090443 5.583693 5.434877 
11.388665 3.815249 6.783883 7.235498 1.744860 1.637550 10.330226 1.886723 6.236660 0.356220 5.560191 5.472548 6.112496 5.844421 
11.388665 2.301575 5.599264 7.235498 1.744860 1.637550 10.393052 2.231584 6.151476 0.114651 5.626871 4.890473 6.189410 4.628848 5.844169 
11.388665 2.467048 4.756692 7.235498 2.476712 0.025370 10.514247 4.827132 6.683451 0.514419 5.693143 4.589969 2.071466 
11.496126 2.744234 6.737515 7.324446 3.069408 0.203069 11.041625 6.079828 4.894624 0.320639 5.761322 3.294517 1.203220 0.219928 
11.472196 2.443914 5.813677 7.324446 3.929524 0.137382 10.393460 6.674445 4.762405 1.262500 4.789526 2.440854 2.499527 0.019197 4.718343 
11.380046 2.954286 5.089874 7.324446 5.499670 0.084595 10.386935 0.019197 5.230907 0.195268 6.653939 3.423412 1.714937 3.406266 4.899596 
11.454968 2.955957 3.434846 7.324446 5.587628 1.809787 10.752861 0.242942 6.625636 1.046059 5.840834 3.222130 0.412422 5.576200 4.621708 
11.454968 3.323843 3.278785 7.324446 5.739031 1.983139 10.294175 0.857231 6.466750 0.385759 2.485068 5.969582 0.244491 
11.497516 3.162122 3.224254 7.324446 5.844652 0.812116 10.161287 5.646896 6.330343 1.274079 3.233081 5.121511 0.406428 3.619845 5.744314 4.089528 
11.366041 3.208336 3.341143 7.324446 5.605357 0.572420 10.354389 4.733070 6.421471 2.492588 3.792161 6.095264 0.071893 3.780921 6.548302 5.598147 
11.366041 2.981162 3.345413 7.288345 5.628143 1.148185 10.374919 5.647357 6.637006 0.066993 3.024927 5.382886 5.587932 0.671107 
11.366041 2.309930 1.976166 7.288345 5.635471 3.920234 10.188851 6.231896 6.308303 0.098669 4.741044 5.836364 0.367378 0.278238 4.265866 5.313882 5.972343 
11.315165 2.139536 2.531841 7.288345 5.635471 3.107818 10.211575 6.117855 11.166249 0.703144 4.737319 5.473249 0.488169 5.786822 4.813853 5.370800 0.085140 5.447554 
11.315165 2.793123 2.851906 7.288345 5.544055 5.028692 9.942467 6.880113 10.953540 5.278552 0.614666 5.898549 0.615406 1.454299 0.159095 4.199423 4.630999 3.396129 
11.315165 1.895216 4.406930 7.288345 5.757262 5.657361 10.423190 5.888971 5.670325 1.020411 0.272751 3.780439 0.159898 1.702940 0.149191 3.365347 2.592954 
