6.264313 1.093761 9.773287 
6.264313 1.108187 9.599297 
5.963692 1.647030 9.884037 
5.863529 1.983516 10.224984 
5.903859 1.843516 10.139940 
5.884521 1.481989 10.218415 
6.080620 1.441289 9.853160 
5.790448 1.676323 10.213942 
5.523015 2.044092 10.407472 
5.504855 2.096524 10.333657 
5.208210 2.253413 10.910815 
5.373564 2.109371 10.332825 
5.294503 2.360180 11.018378 
5.202034 2.112644 10.943456 
5.352662 2.165766 10.453076 
5.453396 2.161929 10.190180 
4.938802 2.815802 11.129973 
4.938802 2.578282 11.052210 
4.937935 2.593335 10.809206 
5.131709 2.314279 10.842642 
5.070459 2.501875 11.349827 10.555667 
4.702547 3.109898 11.309215 3.369889 
4.627485 2.712916 11.166885 
4.630145 3.017206 11.451381 
4.779546 2.861138 11.275254 
4.889219 2.560332 11.109682 10.948569 
5.142366 2.400996 11.108101 10.740522 
5.104190 2.503193 11.394951 10.851606 
5.158785 2.348187 11.435952 10.851606 
5.443668 2.138950 11.499864 10.598520 
5.512750 1.901906 11.462200 10.607554 
5.364276 2.170964 11.438051 10.607554 
5.528308 1.809775 11.433647 10.521513 
5.393578 2.087122 10.408707 11.195305 
5.401056 1.955683 10.743767 
5.491599 1.823981 10.394864 
5.543445 1.719554 10.643369 
5.591215 1.914682 10.151319 
5.761212 1.510276 10.213509 
5.234431 2.137512 10.638343 
5.340413 2.136727 10.321532 
5.382535 1.943660 10.415131 
5.190476 2.513140 10.722057 
5.061370 2.157247 11.089500 
5.308966 1.936676 10.838039 
4.839394 2.346370 10.864952 
5.020220 2.205736 10.946211 
4.871131 2.710489 10.800080 
5.042574 2.277433 11.056488 
4.976156 2.249390 10.660140 
4.809113 2.516616 11.272331 
4.979279 2.664978 10.880024 
5.046753 2.276103 10.885504 
5.111201 2.556897 10.955839 
5.404409 1.885998 10.706382 
5.410550 2.009079 10.476012 
5.451548 1.925366 10.597102 
5.478933 1.647189 10.406854 
5.479753 1.813662 10.573065 
5.667483 1.215473 10.482352 
5.549432 1.590011 10.355547 
6.039392 1.390431 10.139111 
5.825391 1.385806 9.949204 
5.794421 1.387944 10.142353 
6.005796 1.275879 9.894680 
5.977644 1.170929 9.941070 
6.424196 0.685528 9.249133 9.964024 
6.633919 0.581450 9.221188 
6.298989 0.947066 10.005772 
6.235636 1.438846 9.389608 
6.732728 0.745079 9.371773 
6.513404 0.854948 9.540061 
6.420543 0.990899 9.564923 
6.719993 0.513379 9.018865 
6.804319 0.698068 9.452289 
6.731495 0.779321 9.265009 
6.952019 1.193366 9.061828 
6.917945 0.774969 9.162664 
6.715278 0.670714 9.192536 
6.715278 0.718049 9.105560 
6.844362 0.442865 9.212268 
6.796793 0.393755 9.188393 
6.880948 0.359013 8.945734 
7.228924 0.251526 8.786612 
6.988349 0.285549 9.102364 
7.006530 0.357004 8.957271 
7.066347 0.272412 8.707246 
7.125716 0.140136 8.664835 
6.483171 1.206110 9.585822 
6.659899 0.639146 9.413871 
6.940455 0.442886 9.103645 
6.739065 0.494303 8.859374 
6.662554 1.264097 9.020832 
6.676768 0.586615 9.324693 
6.385412 1.163646 9.396996 
6.396267 0.791822 9.450994 
6.432108 1.361674 9.283545 
6.524375 0.641137 9.494588 
6.564266 0.860565 9.400511 
6.513841 0.873282 9.184085 
