    24.807035 187287.418888
    18.523251 187284.640167
    21.409371 187281.230765
    23.950445 187279.609294
    20.729335 187281.862731
    10.455137 187280.638066
    21.794388 187280.795332
    22.713146 187285.232782
    22.140237 187290.945741
    19.968286 187290.628783
    24.469896 187296.171572
    24.587100 187290.874857
    21.493529 187289.405776
    23.321581 187290.940506
    24.403794 187295.532174
    22.590155 187281.520630
    19.590038 187297.333250
    22.820270 187292.255406
    21.775547 187287.913773
    19.515854 187294.626420
    20.555343 187293.409906
    24.516177 187294.619640
    24.359411 187290.684823
    20.314916 187296.850957
    21.375985 187293.731232
    20.091734 187286.892540
    22.117717 187288.501028
    21.748282 187295.820451
    19.272010 187297.642152
    23.480030 187304.339232
    21.234492 187302.026676
    15.725875 187296.812310
    23.169057 187301.649271
    21.494370 187290.756892
    22.662759 187285.936600
    23.094742 187293.429716
    22.429845 187284.963724
    20.607515 187282.949330
    21.778883 187283.022608
    22.414298 187282.386596
    27.753380 187291.888980
    18.132435 187291.716283
    20.682971 187286.696379
    22.808822 187291.266097
    22.538088 187295.235336
    24.889983 187293.815984
    25.110700 187293.182360
    21.242397 187295.228386
    20.786160 187294.721216
    18.886667 187290.632760
    17.576214 187289.185034
    18.958124 187288.215160
    20.660524 187297.618417
    20.933744 187294.899924
    21.301819 187290.311975
    22.008480 187292.223192
    24.747386 187300.962318
    22.018718 187283.939906
    20.554794 187294.238257
    23.877540 187288.419023
    21.576305 187292.244414
    25.439909 187288.783801
    24.361128 187288.263062
    22.886238 187285.187400
    22.471249 187294.238817
    15.439401 187287.088306
    19.175719 187286.721567
    25.852087 187285.602858
    24.867875 187292.329312
    26.132426 187287.404919
    25.767260 187295.685445
    30.686730 187299.737642
    23.220199 187297.603654
    20.347581 187297.141736
    22.302600 187293.958728
    23.701956 187294.270212
    21.386072 187290.187626
    26.268148 187288.031803
    21.195106 187301.715772
    25.696663 187285.499750
    26.938883 187289.613938
    27.541783 187295.956241
    25.745541 187294.108463
    19.956410 187287.002356
    25.801762 187291.809456
    23.638653 187287.947433
    25.273153 187296.606602
    24.696720 187285.097788
    26.370577 187282.842808
    21.625127 187277.347396
    24.213756 187296.339505
    26.174167 187278.962251
    25.226382 187292.619760
    22.361840 187290.957597
    26.129508 187283.442567
    17.672393 187287.528705
    23.710970 187283.500652
    27.699569 187297.959628
    27.512970 187293.892780
    26.977377 187292.213862
