37.4905 28.7555
40.5866 28.7555
43.6827 28.7555
46.7787 28.7555
49.8748 28.7555
52.9709 28.7555
 56.067 28.7555
39.0385 31.6932
42.1346 31.6932
45.2307 31.6932
48.3268 31.6932
51.4229 31.6932
 54.519 31.6932
 57.615 31.6932
60.7111 31.6932
63.8072 31.6932
66.9033 31.6932
37.4905 34.6309
40.5866 34.6309
43.6827 34.6309
46.7787 34.6309
49.8748 34.6309
52.9709 34.6309
 56.067 34.6309
59.1631 34.6309
62.2592 34.6309
68.4514 34.6309
39.0385 37.5685
42.1346 37.5685
45.2307 37.5685
48.3268 37.5685
51.4229 37.5685
 54.519 37.5685
 57.615 37.5685
60.7111 37.5685
63.8072 37.5685
66.9033 37.5685
37.4905 40.5062
40.5866 40.5062
43.6827 40.5062
46.7787 40.5062
49.8748 40.5062
52.9709 40.5062
 56.067 40.5062
59.1631 40.5062
62.2592 40.5062
65.3553 40.5062
39.0385 43.4439
42.1346 43.4439
45.2307 43.4439
48.3268 43.4439
51.4229 43.4439
 54.519 43.4439
 57.615 43.4439
60.7111 43.4439
63.8072 43.4439
37.4905 46.3815
40.5866 46.3815
43.6827 46.3815
46.7787 46.3815
49.8748 46.3815
52.9709 46.3815
 56.067 46.3815
59.1631 46.3815
62.2592 46.3815
65.3553 46.3815
39.0385 49.3192
42.1346 49.3192
45.2307 49.3192
48.3268 49.3192
51.4229 49.3192
 54.519 49.3192
 57.615 49.3192
60.7111 49.3192
63.8072 49.3192
66.9033 49.3192
37.4905 52.2569
40.5866 52.2569
43.6827 52.2569
46.7787 52.2569
49.8748 52.2569
52.9709 52.2569
 56.067 52.2569
59.1631 52.2569
62.2592 52.2569
65.3553 52.2569
68.4514 52.2569
39.0385 55.1945
42.1346 55.1945
45.2307 55.1945
48.3268 55.1945
51.4229 55.1945
 54.519 55.1945
 57.615 55.1945
60.7111 55.1945
63.8072 55.1945
66.9033 55.1945
37.4905 58.1322
40.5866 58.1322
43.6827 58.1322
46.7787 58.1322
49.8748 58.1322
52.9709 58.1322
 56.067 58.1322
59.1631 58.1322
62.2592 58.1322
65.3553 58.1322
68.4514 58.1322
39.0385 61.0699
42.1346 61.0699
45.2307 61.0699
48.3268 61.0699
51.4229 61.0699
 54.519 61.0699
 57.615 61.0699
60.7111 61.0699
63.8072 61.0699
66.9033 61.0699
40.5866 64.0075
43.6827 64.0075
46.7787 64.0075
49.8748 64.0075
52.9709 64.0075
 56.067 64.0075
59.1631 64.0075
62.2592 64.0075
65.3553 64.0075
68.4514 64.0075
39.0385 66.9452
42.1346 66.9452
45.2307 66.9452
48.3268 66.9452
51.4229 66.9452
 54.519 66.9452
 57.615 66.9452
60.7111 66.9452
63.8072 66.9452
66.9033 66.9452
69.9994 66.9452
40.5866 69.8829
43.6827 69.8829
46.7787 69.8829
49.8748 69.8829
52.9709 69.8829
 56.067 69.8829
59.1631 69.8829
62.2592 69.8829
65.3553 69.8829
68.4514 69.8829
71.5474 69.8829
39.0385 72.8205
42.1346 72.8205
45.2307 72.8205
48.3268 72.8205
51.4229 72.8205
 54.519 72.8205
 57.615 72.8205
60.7111 72.8205
63.8072 72.8205
40.5866 75.7582
43.6827 75.7582
46.7787 75.7582
49.8748 75.7582
52.9709 75.7582
 56.067 75.7582
59.1631 75.7582
62.2592 75.7582
65.3553 75.7582
68.4514 75.7582
39.0385 78.6959
42.1346 78.6959
45.2307 78.6959
48.3268 78.6959
51.4229 78.6959
 54.519 78.6959
 57.615 78.6959
60.7111 78.6959
63.8072 78.6959
66.9033 78.6959
69.9994 78.6959
40.5866 81.6335
43.6827 81.6335
46.7787 81.6335
49.8748 81.6335
52.9709 81.6335
 56.067 81.6335
59.1631 81.6335
62.2592 81.6335
65.3553 81.6335
68.4514 81.6335
71.5474 81.6335
42.1346 84.5712
45.2307 84.5712
48.3268 84.5712
51.4229 84.5712
 54.519 84.5712
 57.615 84.5712
60.7111 84.5712
63.8072 84.5712
66.9033 84.5712
69.9994 84.5712
73.0955 84.5712
40.5866 87.5088
43.6827 87.5088
46.7787 87.5088
49.8748 87.5088
52.9709 87.5088
 56.067 87.5088
59.1631 87.5088
62.2592 87.5088
65.3553 87.5088
68.4514 87.5088
71.5474 87.5088
74.6435 87.5088
42.1346 90.4465
45.2307 90.4465
48.3268 90.4465
51.4229 90.4465
 54.519 90.4465
 57.615 90.4465
60.7111 90.4465
63.8072 90.4465
66.9033 90.4465
69.9994 90.4465
73.0955 90.4465
40.5866 93.3842
43.6827 93.3842
46.7787 93.3842
49.8748 93.3842
52.9709 93.3842
 56.067 93.3842
59.1631 93.3842
62.2592 93.3842
65.3553 93.3842
68.4514 93.3842
71.5474 93.3842
74.6435 93.3842
42.1346 96.3218
45.2307 96.3218
48.3268 96.3218
51.4229 96.3218
 54.519 96.3218
 57.615 96.3218
60.7111 96.3218
63.8072 96.3218
66.9033 96.3218
69.9994 96.3218
73.0955 96.3218
76.1916 96.3218
40.5866 99.2595
43.6827 99.2595
46.7787 99.2595
49.8748 99.2595
52.9709 99.2595
 56.067 99.2595
59.1631 99.2595
62.2592 99.2595
65.3553 99.2595
68.4514 99.2595
71.5474 99.2595
74.6435 99.2595
42.1346 102.197
45.2307 102.197
48.3268 102.197
51.4229 102.197
 54.519 102.197
 57.615 102.197
60.7111 102.197
63.8072 102.197
66.9033 102.197
69.9994 102.197
73.0955 102.197
76.1916 102.197
40.5866 105.135
43.6827 105.135
46.7787 105.135
49.8748 105.135
52.9709 105.135
 56.067 105.135
59.1631 105.135
62.2592 105.135
65.3553 105.135
68.4514 105.135
71.5474 105.135
74.6435 105.135
42.1346 108.073
45.2307 108.073
48.3268 108.073
51.4229 108.073
 54.519 108.073
 57.615 108.073
60.7111 108.073
63.8072 108.073
66.9033 108.073
69.9994 108.073
73.0955 108.073
76.1916 108.073
43.6827  111.01
46.7787  111.01
49.8748  111.01
52.9709  111.01
 56.067  111.01
59.1631  111.01
62.2592  111.01
65.3553  111.01
68.4514  111.01
71.5474  111.01
74.6435  111.01
42.1346 113.948
45.2307 113.948
48.3268 113.948
51.4229 113.948
 54.519 113.948
 57.615 113.948
60.7111 113.948
63.8072 113.948
66.9033 113.948
69.9994 113.948
73.0955 113.948
43.6827 116.886
46.7787 116.886
49.8748 116.886
52.9709 116.886
 56.067 116.886
59.1631 116.886
62.2592 116.886
65.3553 116.886
68.4514 116.886
71.5474 116.886
42.1346 119.823
45.2307 119.823
48.3268 119.823
51.4229 119.823
 54.519 119.823
 57.615 119.823
60.7111 119.823
63.8072 119.823
66.9033 119.823
69.9994 119.823
73.0955 119.823
43.6827 122.761
46.7787 122.761
49.8748 122.761
52.9709 122.761
 56.067 122.761
59.1631 122.761
62.2592 122.761
65.3553 122.761
68.4514 122.761
71.5474 122.761
42.1346 125.699
45.2307 125.699
48.3268 125.699
51.4229 125.699
 54.519 125.699
 57.615 125.699
60.7111 125.699
63.8072 125.699
66.9033 125.699
69.9994 125.699
73.0955 125.699
43.6827 128.636
46.7787 128.636
49.8748 128.636
52.9709 128.636
 56.067 128.636
59.1631 128.636
62.2592 128.636
65.3553 128.636
68.4514 128.636
71.5474 128.636
45.2307 131.574
48.3268 131.574
51.4229 131.574
 54.519 131.574
 57.615 131.574
60.7111 131.574
63.8072 131.574
66.9033 131.574
69.9994 131.574
43.6827 134.512
46.7787 134.512
49.8748 134.512
52.9709 134.512
 56.067 134.512
59.1631 134.512
62.2592 134.512
65.3553 134.512
68.4514 134.512
48.3268 137.449
51.4229 137.449
 57.615 137.449
60.7111 137.449
63.8072 137.449
66.9033 137.449
69.9994 137.449
49.8748 140.387
52.9709 140.387
59.1631 140.387
62.2592 140.387
65.3553 140.387
68.4514 140.387
71.5474 140.387
60.7111 143.324
63.8072 143.324
66.9033 143.324
69.9994 143.324
62.2592 146.262
65.3553 146.262
68.4514 146.262
71.5474 146.262
60.7111   149.2
63.8072   149.2
66.9033   149.2
69.9994   149.2
59.1631 152.137
62.2592 152.137
65.3553 152.137
68.4514 152.137
60.7111 155.075
63.8072 155.075
66.9033 155.075
69.9994 155.075
52.9709 158.013
 56.067 158.013
62.2592 158.013
65.3553 158.013
68.4514 158.013
 57.615  160.95
63.8072  160.95
66.9033  160.95
65.3553 163.888
68.4514 163.888
60.7111 166.826
63.8072 166.826
66.9033 166.826
62.2592 169.763
65.3553 169.763
68.4514 169.763
63.8072 172.701
66.9033 172.701
62.2592 175.639
65.3553 175.639
68.4514 175.639
63.8072 178.576
66.9033 178.576
68.4514 181.514
66.9033 184.452
65.3553 187.389
