  1   8
  1   2
  2   8
  2   9
  2   3
  3   9
  3  10
  3   4
  4  10
  4  11
  4   5
  5  11
  5  12
  5   6
  6  12
  6  13
  6   7
  7  13
  7  14
  8  18
  8  19
  8   9
  9  19
  9  20
  9  10
 10  20
 10  21
 10  11
 11  21
 11  22
 11  12
 12  22
 12  23
 12  13
 13  23
 13  24
 13  14
 14  24
 14  25
 14  15
 15  25
 15  26
 15  16
 16  26
 16  17
 17  27
 18  28
 18  19
 19  28
 19  29
 19  20
 20  29
 20  30
 20  21
 21  30
 21  31
 21  22
 22  31
 22  32
 22  23
 23  32
 23  33
 23  24
 24  33
 24  34
 24  25
 25  34
 25  35
 25  26
 26  35
 26  36
 27  37
 28  38
 28  39
 28  29
 29  39
 29  40
 29  30
 30  40
 30  41
 30  31
 31  41
 31  42
 31  32
 32  42
 32  43
 32  33
 33  43
 33  44
 33  34
 34  44
 34  45
 34  35
 35  45
 35  46
 35  36
 36  46
 36  47
 36  37
 37  47
 38  48
 38  39
 39  48
 39  49
 39  40
 40  49
 40  50
 40  41
 41  50
 41  51
 41  42
 42  51
 42  52
 42  43
 43  52
 43  53
 43  44
 44  53
 44  54
 44  45
 45  54
 45  55
 45  46
 46  55
 46  56
 46  47
 47  56
 48  57
 48  58
 48  49
 49  58
 49  59
 49  50
 50  59
 50  60
 50  51
 51  60
 51  61
 51  52
 52  61
 52  62
 52  53
 53  62
 53  63
 53  54
 54  63
 54  64
 54  55
 55  64
 55  65
 55  56
 56  65
 56  66
 57  67
 57  58
 58  67
 58  68
 58  59
 59  68
 59  69
 59  60
 60  69
 60  70
 60  61
 61  70
 61  71
 61  62
 62  71
 62  72
 62  63
 63  72
 63  73
 63  64
 64  73
 64  74
 64  65
 65  74
 65  75
 65  66
 66  75
 66  76
 67  77
 67  78
 67  68
 68  78
 68  79
 68  69
 69  79
 69  80
 69  70
 70  80
 70  81
 70  71
 71  81
 71  82
 71  72
 72  82
 72  83
 72  73
 73  83
 73  84
 73  74
 74  84
 74  85
 74  75
 75  85
 75  86
 75  76
 76  86
 76  87
 77  88
 77  78
 78  88
 78  89
 78  79
 79  89
 79  90
 79  80
 80  90
 80  91
 80  81
 81  91
 81  92
 81  82
 82  92
 82  93
 82  83
 83  93
 83  94
 83  84
 84  94
 84  95
 84  85
 85  95
 85  96
 85  86
 86  96
 86  97
 86  87
 87  97
 88  98
 88  99
 88  89
 89  99
 89 100
 89  90
 90 100
 90 101
 90  91
 91 101
 91 102
 91  92
 92 102
 92 103
 92  93
 93 103
 93 104
 93  94
 94 104
 94 105
 94  95
 95 105
 95 106
 95  96
 96 106
 96 107
 96  97
 97 107
 97 108
 98 109
 98  99
 99 109
 99 110
 99 100
100 110
100 111
100 101
101 111
101 112
101 102
102 112
102 113
102 103
103 113
103 114
103 104
104 114
104 115
104 105
105 115
105 116
105 106
106 116
106 117
106 107
107 117
107 118
107 108
108 118
109 119
109 110
110 119
110 120
110 111
111 120
111 121
111 112
112 121
112 122
112 113
113 122
113 123
113 114
114 123
114 124
114 115
115 124
115 125
115 116
116 125
116 126
116 117
117 126
117 127
117 118
118 127
118 128
119 129
119 130
119 120
120 130
120 131
120 121
121 131
121 132
121 122
122 132
122 133
122 123
123 133
123 134
123 124
124 134
124 135
124 125
125 135
125 136
125 126
126 136
126 137
126 127
127 137
127 138
127 128
128 138
128 139
129 140
129 130
130 140
130 141
130 131
131 141
131 142
131 132
132 142
132 143
132 133
133 143
133 144
133 134
134 144
134 145
134 135
135 145
135 146
135 136
136 146
136 147
136 137
137 147
137 148
137 138
138 148
138 149
138 139
139 149
139 150
140 151
140 152
140 141
141 152
141 153
141 142
142 153
142 154
142 143
143 154
143 155
143 144
144 155
144 156
144 145
145 156
145 157
145 146
146 157
146 158
146 147
147 158
147 159
147 148
148 159
148 149
149 150
151 160
151 152
152 160
152 161
152 153
153 161
153 162
153 154
154 162
154 163
154 155
155 163
155 164
155 156
156 164
156 165
156 157
157 165
157 166
157 158
158 166
158 167
158 159
159 167
159 168
160 170
160 171
160 161
161 171
161 172
161 162
162 172
162 173
162 163
163 173
163 174
163 164
164 174
164 175
164 165
165 175
165 176
165 166
166 176
166 177
166 167
167 177
167 178
167 168
168 178
168 179
168 169
169 179
169 180
170 181
170 171
171 181
171 182
171 172
172 182
172 183
172 173
173 183
173 184
173 174
174 184
174 185
174 175
175 185
175 186
175 176
176 186
176 187
176 177
177 187
177 188
177 178
178 188
178 189
178 179
179 189
179 190
179 180
180 190
180 191
181 192
181 182
182 192
182 193
182 183
183 193
183 194
183 184
184 194
184 195
184 185
185 195
185 196
185 186
186 196
186 197
186 187
187 197
187 198
187 188
188 198
188 199
188 189
189 199
189 200
189 190
190 200
190 201
190 191
191 201
191 202
192 203
192 204
192 193
193 204
193 205
193 194
194 205
194 206
194 195
195 206
195 207
195 196
196 207
196 208
196 197
197 208
197 209
197 198
198 209
198 210
198 199
199 210
199 211
199 200
200 211
200 212
200 201
201 212
201 213
201 202
202 213
202 214
203 215
203 204
204 215
204 216
204 205
205 216
205 217
205 206
206 217
206 218
206 207
207 218
207 219
207 208
208 219
208 220
208 209
209 220
209 221
209 210
210 221
210 222
210 211
211 222
211 223
211 212
212 223
212 224
212 213
213 224
213 225
213 214
214 225
215 226
215 227
215 216
216 227
216 228
216 217
217 228
217 229
217 218
218 229
218 230
218 219
219 230
219 231
219 220
220 231
220 232
220 221
221 232
221 233
221 222
222 233
222 234
222 223
223 234
223 235
223 224
224 235
224 236
224 225
225 236
225 237
226 238
226 227
227 238
227 239
227 228
228 239
228 240
228 229
229 240
229 241
229 230
230 241
230 242
230 231
231 242
231 243
231 232
232 243
232 244
232 233
233 244
233 245
233 234
234 245
234 246
234 235
235 246
235 247
235 236
236 247
236 248
236 237
237 248
237 249
238 250
238 251
238 239
239 251
239 252
239 240
240 252
240 253
240 241
241 253
241 254
241 242
242 254
242 255
242 243
243 255
243 256
243 244
244 256
244 257
244 245
245 257
245 258
245 246
246 258
246 259
246 247
247 259
247 260
247 248
248 260
248 261
248 249
249 261
250 262
250 251
251 262
251 263
251 252
252 263
252 264
252 253
253 264
253 265
253 254
254 265
254 266
254 255
255 266
255 267
255 256
256 267
256 268
256 257
257 268
257 269
257 258
258 269
258 270
258 259
259 270
259 271
259 260
260 271
260 272
260 261
261 272
261 273
262 274
262 275
262 263
263 275
263 276
263 264
264 276
264 277
264 265
265 277
265 278
265 266
266 278
266 279
266 267
267 279
267 280
267 268
268 280
268 281
268 269
269 281
269 282
269 270
270 282
270 283
270 271
271 283
271 284
271 272
272 284
272 285
272 273
273 285
274 286
274 275
275 286
275 287
275 276
276 287
276 288
276 277
277 288
277 289
277 278
278 289
278 290
278 279
279 290
279 291
279 280
280 291
280 292
280 281
281 292
281 293
281 282
282 293
282 294
282 283
283 294
283 295
283 284
284 295
284 296
284 285
285 296
285 297
286 298
286 287
287 298
287 299
287 288
288 299
288 300
288 289
289 300
289 301
289 290
290 301
290 302
290 291
291 302
291 303
291 292
292 303
292 304
292 293
293 304
293 305
293 294
294 305
294 306
294 295
295 306
295 307
295 296
296 307
296 308
296 297
297 308
298 309
298 310
298 299
299 310
299 311
299 300
300 311
300 312
300 301
301 312
301 313
301 302
302 313
302 314
302 303
303 314
303 315
303 304
304 315
304 316
304 305
305 316
305 317
305 306
306 317
306 318
306 307
307 318
307 319
307 308
308 319
309 320
309 310
310 320
310 321
310 311
311 321
311 322
311 312
312 322
312 323
312 313
313 323
313 324
313 314
314 324
314 325
314 315
315 325
315 326
315 316
316 326
316 327
316 317
317 327
317 328
317 318
318 328
318 329
318 319
319 329
320 330
320 331
320 321
321 331
321 332
321 322
322 332
322 333
322 323
323 333
323 334
323 324
324 334
324 335
324 325
325 335
325 336
325 326
326 336
326 337
326 327
327 337
327 338
327 328
328 338
328 339
328 329
329 339
329 340
330 341
330 331
331 341
331 342
331 332
332 342
332 343
332 333
333 343
333 344
333 334
334 344
334 345
334 335
335 345
335 346
335 336
336 346
336 347
336 337
337 347
337 348
337 338
338 348
338 349
338 339
339 349
339 350
339 340
340 350
341 351
341 352
341 342
342 352
342 353
342 343
343 353
343 354
343 344
344 354
344 355
344 345
345 355
345 356
345 346
346 356
346 357
346 347
347 357
347 358
347 348
348 358
348 359
348 349
349 359
349 360
349 350
350 360
350 361
351 362
351 352
352 362
352 363
352 353
353 363
353 364
353 354
354 364
354 365
354 355
355 365
355 366
355 356
356 366
356 367
356 357
357 367
357 368
357 358
358 368
358 369
358 359
359 369
359 370
359 360
360 370
360 371
360 361
361 371
362 372
362 363
363 372
363 373
363 364
364 373
364 374
364 365
365 374
365 375
365 366
366 375
366 376
366 367
367 376
367 377
367 368
368 377
368 378
368 369
369 378
369 379
369 370
370 379
370 380
370 371
371 380
372 381
372 382
372 373
373 382
373 383
373 374
374 383
374 384
374 375
375 384
375 385
375 376
376 385
376 386
376 377
377 386
377 387
377 378
378 387
378 388
378 379
379 388
379 389
379 380
380 389
381 382
382 390
382 383
383 390
383 391
383 384
384 391
384 385
385 392
385 386
386 392
386 393
386 387
387 393
387 394
387 388
388 394
388 395
388 389
389 395
389 396
390 397
390 391
391 397
391 398
392 399
392 393
393 399
393 400
393 394
394 400
394 401
394 395
395 401
395 402
395 396
396 402
396 403
397 398
399 404
399 400
400 404
400 405
400 401
401 405
401 406
401 402
402 406
402 407
402 403
403 407
404 408
404 405
405 408
405 409
405 406
406 409
406 410
406 407
407 410
407 411
408 412
408 413
408 409
409 413
409 414
409 410
410 414
410 415
410 411
411 415
412 416
412 417
412 413
413 417
413 418
413 414
414 418
414 419
414 415
415 419
416 420
416 417
417 420
417 421
417 418
418 421
418 422
418 419
419 422
419 423
420 426
420 421
421 426
421 427
421 422
422 427
422 428
422 423
423 428
424 425
425 429
426 430
426 427
427 430
427 431
427 428
428 431
430 432
430 431
431 432
431 433
432 435
432 436
432 433
433 436
434 437
434 435
435 437
435 438
435 436
436 438
436 439
437 440
437 438
438 440
438 441
438 439
439 441
440 442
440 443
440 441
441 443
441 444
442 445
442 443
443 445
443 446
443 444
444 446
445 446
446 447
447 448
448 449
