40.714 25.9937
40.5973 26.0815
40.6306 26.7627
40.3465 26.2573
40.0444 26.1694
39.6903 26.1255
39.504 26.0156
39.4192 26.2134
39.2663 25.8838
39.1471 25.8179
38.9423 26.4771
38.9936 26.7407
38.8739 26.8726
38.7198 26.6968
38.5997 25.9058
38.4794 25.8398
38.3589 25.9717
38.2554 25.8398
38.1518 25.9717
38.2554 26.2134
37.9442 27.2021
37.3527 27.1582
37.2828 27.5098
37.1253 27.4658
37.1253 27.2681
36.9499 27.2241
37.0201 28.2349
36.7741 27.4438
36.6684 27.5098
36.5802 28.103
36.7741 28.2788
36.7917 28.5425
36.6684 28.8062
36.7389 28.916
36.6508 29.0479
36.5449 28.96
36.3505 29.1797
36.2088 29.4214
36.1734 29.7729
36.2797 30.0806
36.262 30.4321
36.6155 30.6299
36.7741 30.52
36.8269 30.7617
36.8093 31.2231
36.492 32.0581
36.2443 32.2559
36.0846 32.4976
36.0313 32.8491
36.1379 33.1567
36.2088 33.9697
36.5273 34.2773
36.7741 34.6509
36.7741 34.8047
36.5096 35.2881
36.5626 35.5737
36.7565 35.8154
36.7565 36.123
36.6155 36.167
36.3682 35.7715
36.1379 35.9253
35.9424 35.9253
42.2936 130.671
42.5693 130.847
42.8438 131.353
43.2132 131.748
42.876 131.66
43.1651 132.166
42.9403 132.297
42.8438 132.561
42.6986 132.935
42.7793 133.572
42.9725 134.099
43.1491 134.363
43.405 134.956
43.8187 135.549
44.1822 135.659
44.5278 136.208
44.8091 136.406
45.1045 136.78
45.2285 136.802
45.2903 137.087
45.5679 137.351
45.6448 137.395
45.6601 137.571
46.3014 138.12
46.8902 138.494
47.1598 138.735
47.3388 138.977
47.5765 139.153
47.8132 139.285
48.0193 139.68
48.2393 139.878
48.4729 140.164
48.6329 140.164
48.9369 140.383
49.2678 140.383
49.5109 140.559
49.8522 140.515
49.9512 140.449
50.1206 140.691
50.1628 140.559
50.6111 140.493
50.7782 140.449
51.069 140.691
51.5087 140.911
51.6317 140.911
51.727 141.218
51.8222 141.196
51.9443 141.416
52.12 141.394
52.2143 141.504
52.295 141.24
52.4828 141.174
52.563 141.328
52.9089 141.262
53.1336 141.438
53.3177 141.438
53.3177 141.218
53.6186 140.603
53.8396 140.295
54.0078 140.273
54.2139 139.812
54.3678 139.812
54.2909 139.614
54.1882 139.329
54.3421 138.691
54.1753 138.713
54.0981 138.647
54.0852 138.735
53.8136 138.669
53.6446 138.582
53.5664 138.362
53.7487 138.45
53.8655 138.582
54.0078 138.56
53.9302 138.34
53.7357 138.23
53.5925 137.9
53.5925 137.219
53.969 137.856
54.1367 137.329
53.8655 137.153
53.8914 136.714
54.6738 136.846
54.6103 135.703
54.6992 135.615
54.75 135.242
54.8892 135.176
55.1035 135.527
55.2416 135.945
55.4165 136.252
55.6156 136.472
55.6652 136.802
55.863 137.131
56.1456 137.703
56.4625 138.098
56.6079 138.098
56.849 138.538
56.9809 138.691
57.0646 138.955
57.2909 139.197
57.3028 139.46
57.3858 139.57
57.4568 139.57
57.5158 139.834
57.6924 139.944
57.8331 140.471
58.2748 140.757
58.4707 141.108
58.5167 141.35
58.791 141.877
58.95 141.965
59.322 142.712
59.3556 143.328
59.322 143.525
59.3892 143.855
59.378 144.36
59.3668 144.756
59.3668 145.02
59.4004 145.283
59.378 145.371
59.3892 145.525
59.3892 145.745
59.4451 145.92
59.2996 145.854
59.2322 145.92
59.1759 146.052
59.1984 146.36
59.4004 146.316
59.4674 146.47
59.2771 147.458
59.3108 147.59
59.2546 147.766
59.378 147.854
59.4115 148.052
59.3892 148.381
59.2322 148.425
59.322 149.019
59.4004 148.953
59.4115 148.733
59.4897 148.865
59.5009 149.26
59.6011 149.128
59.701 149.26
59.7785 149.612
59.6344 150.117
59.6344 150.381
59.4786 150.513
59.4115 150.82
59.5789 151.062
59.5232 151.479
59.322 151.721
59.2771 151.985
59.2546 152.249
59.1534 152.051
59.1759 151.479
59.097 151.172
58.8933 151.282
58.8479 151.501
58.8819 152.095
58.984 152.183
59.0066 152.402
58.9613 152.556
58.916 152.71
58.9387 152.908
59.0292 152.93
59.097 153.303
59.2322 153.413
59.1534 153.787
59.097 153.875
59.0519 154.094
59.1083 154.314
59.1872 154.336
59.2209 154.578
59.1421 154.688
59.2097 155.171
59.3332 155.215
59.5009 154.973
59.4897 154.775
59.5677 154.6
59.5343 154.336
59.4339 154.248
59.4786 154.116
59.6677 154.226
59.8227 154.226
59.933 154.49
60.0648 154.402
60.0977 154.6
60.3161 154.885
60.6947 155.808
60.9731 156.028
61.1962 156.489
61.2174 156.665
61.5017 156.687
61.575 156.951
61.6273 156.973
61.8561 157.72
61.7315 157.917
61.7627 158.137
61.825 158.203
61.8043 158.445
61.8147 158.643
61.8147 158.818
61.9183 158.928
61.9079 159.148
61.7835 159.456
61.6586 159.5
61.7211 159.939
61.8976 160.137
61.8769 160.356
61.5436 160.203
61.4598 160.049
61.3967 160.049
61.2491 159.763
61.1644 159.983
61.0902 159.939
60.9198 159.763
61.037 160.312
60.8235 160.181
60.7592 160.225
60.587 160.071
60.587 160.181
60.7162 160.466
60.7484 160.774
60.877 160.928
61.0583 161.257
61.4493 162.07
61.6377 162.444
61.5959 162.598
61.7107 162.751
61.6586 162.861
61.5122 162.971
61.7003 163.323
61.7835 163.015
62.0833 163.125
62.2475 163.125
62.3496 163.389
62.4311 163.213
62.5326 163.301
62.6741 164.465
62.563 164.685
62.4819 165.037
62.4107 164.949
62.4616 164.707
62.4311 164.531
62.2781 164.136
61.6899 163.982
61.6482 163.828
61.4598 163.718
61.3967 164.026
61.3125 163.982
61.0264 163.455
60.9091 163.718
60.7699 162.905
60.6193 162.642
60.533 162.202
60.4247 161.938
60.2507 161.938
60.0429 161.455
59.6455 160.884
59.5789 160.488
59.4115 160.378
59.2097 159.961
59.0066 159.697
58.8706 159.697
58.5854 159.236
58.4017 158.95
58.2633 158.621
58.0546 158.247
57.9848 157.896
58.043 157.676
57.8214 157.5
57.7745 157.214
57.8681 156.995
57.7394 156.731
57.4804 156.995
57.1124 156.599
56.873 156.248
56.7286 155.984
55.9984 155.632
55.3666 155.544
54.9902 155.588
54.2267 155.786
52.9486 156.072
52.2143 156.445
51.4677 156.445
51.2894 156.533
51.2757 156.731
50.903 156.687
51.9443 158.247
52.3085 158.533
52.816 158.577
53.2258 159.521
53.1204 160.027
53.6707 159.917
53.9561 159.917
54.201 160.093
54.5466 160.818
54.5721 161.125
54.4828 161.279
54.5083 161.719
54.7373 162.136
54.8513 162.136
55.1412 161.829
55.4789 161.763
55.7395 161.917
56.0966 162.07
56.2067 162.598
56.0352 162.839
56.0107 163.037
56.1823 163.389
56.7527 163.257
56.7648 163.059
56.7166 162.905
56.8009 162.795
57.0288 162.883
57.1601 162.773
57.3858 162.839
57.4568 163.103
57.7276 163.323
57.8331 163.213
57.8214 163.037
57.9382 162.729
57.9265 162.532
57.8214 162.488
57.8097 162.202
57.9732 162.004
58.2286 162.07
58.4937 162.246
58.734 162.532
58.8365 162.817
58.916 162.927
58.984 163.103
59.1309 162.949
59.1083 163.257
59.2209 163.103
59.2883 163.169
59.2771 163.389
59.4339 163.323
59.5009 163.213
59.5677 163.257
59.6011 163.433
59.7675 163.411
59.8779 163.542
59.8669 163.718
60.01 163.894
59.966 164.333
60.0648 164.333
60.0977 164.443
59.944 164.751
59.7896 164.773
59.8559 165.081
59.988 165.212
60.0868 165.19
60.3487 165.981
60.4247 166.025
60.468 166.289
60.403 166.377
60.3704 166.245
60.1743 166.245
59.8338 166.047
59.8338 166.333
60.1306 166.772
60.3269 167.102
60.6193 168.442
60.5222 169.321
60.403 169.673
60.0868 169.937
60.0429 170.09
59.933 170.156
59.966 170.42
60.2834 170.508
60.4572 170.793
60.6301 171.431
60.7377 171.519
60.8556 171.782
60.8663 172.09
61.0157 172.244
61.0264 172.463
61.1856 172.397
61.1856 172.595
61.2808 172.947
61.4177 172.771
61.4493 172.881
61.3967 173.079
61.4388 173.254
61.5332 173.342
61.5332 173.474
61.7211 173.496
61.7315 173.672
61.6586 173.848
61.7523 174.089
61.825 174.111
61.8043 174.243
61.8043 174.573
61.9079 174.749
61.9493 174.792
61.9803 175.078
62.0112 175.232
62.1039 175.342
62.2372 175.891
62.2884 176.309
62.4209 176.55
62.5123 176.924
62.5427 177.341
62.5326 177.935
62.4412 178.352
62.3496 178.923
62.2884 179.055
62.319 179.187
62.4107 179.187
62.492 178.989
62.5427 179.055
62.4717 179.297
62.5123 179.429
62.5933 179.473
62.6338 179.626
62.815 179.604
62.8652 179.495
62.8952 179.275
62.9852 179.275
63.055 179.319
63.0749 179.473
63.2237 179.297
63.3817 178.945
63.6755 178.835
63.976 178.704
64.0145 178.484
64.0722 178.638
64.4254 178.286
64.4254 178.198
64.3018 178.242
64.2255 178.044
64.2541 177.847
64.4064 177.495
64.5012 177.385
64.6991 177.517
64.6427 178.264
64.6521 178.901
64.7366 179.077
64.7648 179.253
64.7928 179.495
65.1923 180.417
65.4126 180.527
65.5312 180.747
65.6402 180.703
65.7487 180.396
65.8927 180.242
66.0269 180.242
66.1072 180.374
66.125 180.681
66.1871 180.791
66.2845 180.703
66.258 180.879
66.1783 180.989
66.1516 181.099
66.1871 181.274
66.3639 181.494
66.1427 181.45
66.0894 181.318
66.0269 181.296
65.9733 181.143
65.8927 181.099
65.8118 181.252
65.7306 181.384
65.7397 181.56
65.6945 181.56
65.513 181.406
65.4583 181.626
65.4856 182.593
65.6311 182.944
65.44 183.889
65.2843 184.087
65.1369 184.241
65.0165 184.043
64.8583 184.57
64.7835 184.46
64.7835 185.12
64.5484 185.889
64.4159 185.977
64.3304 186.306
64.3494 186.526
64.235 186.702
64.2541 187.075
64.3399 187.185
64.3969 187.251
64.3589 187.449
64.4349 187.625
64.539 187.559
64.7085 187.075
64.8022 187.229
64.8489 187.185
64.9235 187.581
65.0906 187.932
65.2107 187.8
65.2383 187.471
65.2751 187.822
65.4217 187.822
65.5403 187.581
65.5312 187.998
65.513 188.284
65.5039 188.679
65.4856 188.899
65.5312 189.031
65.5948 189.009
65.7216 188.723
65.613 189.185
65.6039 189.382
65.6945 189.492
65.8837 189.492
66.0359 189.998
66.0002 190.151
66.0269 190.305
66.125 190.327
66.1783 190.173
66.1783 189.91
66.2226 189.91
66.3022 189.712
66.2492 189.448
66.3375 189.536
66.3992 189.382
66.5133 189.097
66.6617 188.657
66.7052 188.613
66.7919 188.657
66.8006 188.459
66.8524 188.328
66.9473 188.328
66.9817 187.646
66.9128 187.251
66.9214 186.987
67.0332 186.812
67.0845 186.548
67.1273 186.328
67.076 185.713
66.9301 185.933
66.6791 186.064
66.5832 185.823
66.522 186.108
66.4255 186.262
66.3639 186.218
66.3639 186.021
66.4782 186.021
66.4607 185.823
66.3728 185.581
66.5045 185.581
66.6007 185.273
66.6007 185.12
66.6965 185.12
66.7486 185.295
66.9214 185.251
67.0074 185.12
67.1529 185.12
67.3399 185.229
67.4412 185.032
67.3483 184.856
67.3568 184.702
67.4581 184.812
67.6594 184.724
67.8009 184.241
67.7261 184.087
67.6427 184.065
67.6761 183.625
67.7511 183.867
67.8755 183.955
67.9004 183.691
67.9004 183.494
67.9664 183.208
68.0487 183.318
68.147 183.01
68.1225 182.834
68.2124 182.791
68.2368 182.637
68.2205 182.351
68.3263 182.395
68.2694 182
68.3506 182.021
68.4234 182
68.5524 181.318
68.6965 181.274
68.7762 181.099
68.8159 180.725
68.9347 180.505
68.9031 180.242
69.2639 179.341
69.3726 178.901
69.4498 178.55
69.473 178.088
69.5959 177.539
69.6112 177.166
69.779 176.287
69.8926 175.54
69.8548 175.21
69.8548 174.441
69.8926 173.87
69.8699 173.694
69.9454 173.474
69.9077 173.21
69.8093 173.474
69.8017 173.342
69.9228 172.793
69.9905 172.749
69.9529 172.507
70.088 171.013
70.1404 170.398
70.0656 170.508
69.9303 170.486
69.7638 170.574
69.7257 170.222
69.6035 170.09
69.5729 170.244
69.5959 170.508
69.0686 170.947
68.9031 170.574
68.8159 170.222
68.7762 169.651
68.8397 169.453
68.9663 169.453
69.0607 169.387
69.0921 169.255
69.0999 169.08
69.2172 168.64
69.2172 168.354
69.3571 168.201
69.5499 168.289
69.6342 168.003
69.6724 168.135
69.5576 168.904
69.5576 169.189
69.6647 169.299
69.7333 169.299
69.7638 169.387
69.8245 169.475
69.8699 169.387
70.0131 168.333
69.983 168.069
69.8093 167.761
69.7486 168.003
69.7638 167.717
69.4961 166.97
69.5191 166.047
69.5806 165.784
69.5806 165.498
69.6035 165.212
69.5652 164.861
69.6189 164.443
69.7486 164.18
69.7638 163.938
69.6876 163.828
69.68 163.521
69.7105 163.301
69.6418 162.773
69.68 162.554
69.5729 161.96
69.68 161.938
69.6342 161.477
69.473 161.06
69.6265 161.038
69.779 159.807
69.8926 159.719
70.2223 160.115
70.5469 159.829
70.7217 159.521
70.8735 158.95
71.0241 157.917
71.0812 157.017
71.0883 156.072
70.8879 153.677
70.8375 152.644
70.8663 152.292
71.0027 152.095
71.3078 151.633
71.4342 151.128
71.6775 149.963
71.6567 149.502
71.712 149.238
71.7327 149.041
71.8631 149.436
71.7602 149.656
71.8357 150.139
72.0197 149.985
72.1751 149.458
72.3291 148.381
72.3558 147.041
72.6399 144.514
72.738 141.921
72.842 141.394
72.8938 140.691
72.6923 140.867
72.5149 140.537
72.5149 140.339
72.5743 140.427
72.6399 140.032
72.3225 139.131
72.2154 139.131
72.1144 139.285
72.2221 139.702
72.202 140.142
72.1482 139.834
72.0468 139.746
71.9313 139.636
71.8562 139.768
71.6706 139.746
71.5249 139.988
71.4831 139.834
71.5249 139.482
71.4412 139.241
71.6013 139.153
71.6913 138.911
71.6013 138.098
71.6221 137.747
71.5527 136.956
71.6567 136.56
71.6775 135.835
71.504 134.912
71.3781 134.407
71.4552 133.638
71.6083 133.154
71.7533 132.979
71.9858 132.825
71.8288 132.429
71.6013 132.144
71.2585 131.858
70.8447 131.484
70.7652 131.331
70.7362 131.067
70.974 130.891
70.8735 130.737
70.9454 130.54
70.9166 130.342
71.0883 130.188
71.131 129.836
71.2373 129.792
71.2796 129.529
71.6152 129.221
72.1347 129.551
72.9712 129.507
73.5471 127.683
73.5533 126.255
73.5284 125.859
73.8126 124.343
73.7574 123.684
73.5284 123.311
73.3593 123.333
73.2013 123.486
72.9325 123.157
73.1249 122.783
72.9519 120.959
73.1759 120.146
73.1313 119.136
73.195 118.499
73.5035 119.048
73.5844 118.652
73.5906 117.312
73.6834 116.543
73.6649 116.279
73.7266 115.84
73.7204 115.291
73.634 114.895
73.603 114.17
73.5346 113.621
73.3405 113.73
73.3531 113.555
73.4597 113.181
73.6092 113.489
73.9042 113.181
74.0074 112.808
73.7881 112.917
73.7266 112.104
73.8493 111.401
73.9589 111.335
74.0195 111.687
74.0799 111.511
74.0377 111.072
73.9164 110.984
74.0377 110.391
74.0014 109.929
73.8737 109.841
73.8309 109.446
73.6649 109.731
73.6896 110.281
73.7696 110.654
73.7081 110.808
73.6402 110.347
73.4597 109.644
73.5595 109.182
73.4033 109.204
73.3026 108.215
73.1695 107.688
73.1823 106.589
73.3531 106.919
73.441 106.919
73.6278 107.424
73.6525 108.149
74.0498 109.138
74.0799 109.512
74.218 109.973
74.3311 110.017
74.6774 111.511
74.6484 111.819
74.8851 112.17
74.948 112.83
75.3089 113.73
75.563 113.774
75.8774 113.972
76.0055 113.577
76.1797 113.533
76.2843 113.115
76.1955 112.764
76.4088 112.874
76.6392 112.434
76.6443 111.709
76.7555 111.182
76.7354 110.83
76.7656 110.522
76.7051 109.929
76.7756 109.402
76.7202 108.875
76.7555 107.93
76.5577 107.908
76.5373 106.699
76.9355 107.534
77.0345 107.249
77.118 105.82
77.118 104.568
77.3607 106.282
77.5516 105.886
77.6882 104.678
77.7396 104.041
77.6412 103.162
77.3655 101.975
77.0935 101.206
76.8708 100.876
76.6899 101.206
76.4809 100.283
76.5117 98.9648
76.4449 98.7671
76.2112 99.4263
76.2791 98.7012
76.0055 96.1523
76.2478 97.0752
76.3674 97.1191
76.0797 92.8345
75.8129 92.5269
75.5246 89.2529
75.1633 87.9126
75.1858 87.0117
74.4376 84.2871
74.2 86.7041
73.9164 86.2866
73.572 80.1123
72.3691 80.8374
71.8836 82.5732
71.7395 81.9141
72.409 79.3213
72.6465 77.5195
72.3024 76.7285
72.0468 77.5195
72.0874 78.0469
71.9586 78.1128
71.8357 77.7173
72.1009 76.7725
71.9245 75.9595
71.5597 76.2671
71.2867 77.6074
71.1665 77.6953
71.2937 75.542
72.5215 75.7617
72.9261 75.0366
72.8161 74.6411
72.1616 74.7729
71.8425 73.3667
71.4342 72.9053
70.6491 74.1797
70.1553 73.5645
69.0764 73.7842
69.1704 76.2891
69.0057 76.1572
68.7603 74.3774
68.383 74.2896
67.9416 74.7949
67.4833 74.0259
66.3551 71.7407
66.4255 71.1694
67.9086 73.2568
68.1797 73.125
68.5363 73.6084
68.9584 72.6196
70.9454 72.8174
71.4552 71.8506
72.2891 72.9712
72.6988 72.9053
73.491 71.0596
73.4284 69.7852
71.5527 67.8955
71.2796 66.7969
70.6927 66.3574
70.2372 67.0825
69.7486 66.731
69.3726 66.9287
68.8159 69.0161
68.4477 68.5107
69.6418 63.6548
69.9077 60.7544
70.5102 58.9746
70.2074 58.2275
68.9347 60.8423
68.7523 60.0073
69.0293 58.9746
68.6085 55.3491
68.3587 54.7119
68.4477 53.9648
68.7125 53.8989
69.0214 54.8657
69.0371 54.1187
67.6343 47.7686
66.9817 47.439
66.9042 46.0767
67.187 45.6812
67.4159 45.0439
67.8341 46.8677
68.5282 45.835
68.7045 43.1763
68.31 44.0771
67.17 43.6377
66.9214 44.3408
66.1871 43.9893
66.4343 43.2202
66.4167 42.7808
66.5308 42.2754
66.4957 42.0557
66.1516 41.5503
65.9823 40.6934
65.5494 39.7705
65.3118 39.7046
64.8676 40.21
64.5862 39.5508
65.2107 36.958
64.9235 36.4526
64.3589 37.1997
64.3779 37.793
63.976 37.9028
63.8213 37.3755
64.0049 36.3208
64.3969 35.7935
64.3969 35.2661
64.8863 34.9365
65.3302 34.4751
65.613 34.8267
65.8927 34.9365
66.0715 34.6289
66.3728 33.8379
66.6617 33.2007
66.887 32.5854
67.0332 32.5854
66.7572 33.4424
66.5657 34.4751
66.5919 34.8486
66.3992 35.4858
66.3022 36.4966
66.2934 36.8262
66.0983 37.8589
66.0805 38.6938
66.258 40.0342
66.7832 41.1987
67.2211 41.3306
67.2551 41.1328
67.6343 41.0449
67.7428 40.8472
68.0815 39.8804
68.1143 39.4189
68.3344 38.8477
68.4234 38.3643
68.6965 37.6611
69.1313 36.2109
69.2639 35.1562
69.295 34.4751
69.3958 34.2114
69.3571 33.772
69.4653 33.0029
69.6189 32.0581
69.779 31.0474
69.8017 30.8276
40.714 25.9937
