  -5.70006    55.5158
  -5.13508    55.5158
  -6.12381    55.8054
  -4.42884    55.8054
  -7.25378    57.5429
  -5.55882    56.3845
  -4.85258    56.0949
  -3.29887    57.5429
   -6.4063    55.8054
  -6.97129    58.1221
  -4.42884    55.2262
  -4.57009    55.5158
  -5.13508    54.9366
  -4.71134    57.5429
  -5.84131    55.8054
  -4.71134    55.8054
   -6.4063    58.1221
  -4.85258    55.5158
  -4.57009    56.0949
  -4.14635    57.5429
   -1.8864    57.5429
  -2.31014    57.2533
   -2.1689    57.5429
  -2.59264    57.2533
  -2.02765    57.2533
  -2.02765    57.8325
  -3.01638    57.5429
  -2.73388    57.5429
  -3.01638    56.3845
   -2.1689    56.9637
  -2.31014    57.8325
  -2.59264    57.8325
  -2.02765    53.1991
  -2.87513    53.1991
  -2.31014    53.1991
  -2.59264    53.1991
  -2.45139    53.4886
   -1.8864    53.4886
  -2.73388    53.4886
   -2.1689    53.4886
   -2.1689    52.9095
  -4.42884    50.5928
  -5.13508    50.3032
  -4.85258    50.3032
  -5.55882    50.0136
  -5.27632    50.0136
  -4.71134    50.5928
  -5.41757    50.3032
   -4.0051    50.3032
  -4.57009    50.3032
  -4.99383    50.0136
  -4.14635    50.5928
   -4.2876    50.3032
  -3.44012    54.3574
  -3.58136     54.647
  -2.31014    54.3574
  -3.15762    54.9366
  -3.01638     54.647
  -2.73388     54.647
  -3.15762    54.3574
  -3.01638    55.2262
  -3.29887     54.647
  -2.87513    54.9366
  -3.29887    54.0678
  -3.72261    54.3574
  -2.31014    53.7782
  -2.59264    54.3574
  -2.45139    54.0678
  -2.59264    54.9366
   -2.1689     54.647
  -3.01638    54.0678
  -2.02765    54.3574
  -2.87513    54.3574
  -2.45139    55.2262
  -2.45139     54.647
  -1.74516    53.1991
  -1.60391     54.647
  -1.32142    52.9095
  -1.46266    53.1991
  -1.60391    53.4886
  -1.32142    53.4886
  -3.72261    50.8824
   -4.0051    50.8824
   -4.2876    50.8824
  -3.44012    50.8824
  -3.58136    50.5928
  -3.29887    50.5928
  -3.01638    50.5928
  -4.14635    51.1719
  -3.15762    50.8824
  -3.86386    50.5928
  -3.44012    50.3032
  -3.58136    51.1719
  -3.72261    50.3032
  -3.01638    51.1719
  -2.45139    50.5928
  -2.87513    50.8824
  -2.59264    50.8824
  -2.31014    50.8824
   -2.1689    50.5928
  -2.02765    50.8824
   1.22103    51.1719
  -3.58136    51.7511
  -4.14635    55.8054
  -1.46266    54.9366
  -2.45139    51.7511
  -2.73388    51.7511
   -2.1689    51.7511
  -2.59264    52.0407
  -2.02765    52.0407
  -2.31014    52.0407
   -1.8864    51.7511
  -1.74516    51.4615
  -3.29887    51.7511
  -2.59264    51.4615
  -1.46266    50.8824
  -1.18017    50.8824
  -1.74516    50.8824
   -1.8864    50.5928
  -1.32142    51.1719
  -1.03892    51.1719
  -1.32142    50.5928
  -2.45139    52.3303
  -2.73388    52.3303
  -2.87513    52.0407
  -3.01638    51.7511
   1.07978    51.4615
  0.373545    51.1719
  0.232299    51.4615
  0.938532    51.1719
  0.797286    51.4615
  0.514792    51.4615
 0.0910519    51.1719
  0.656039    51.1719
  0.514792    50.8824
  -2.59264    53.7782
  -3.01638    53.4886
  -2.87513    53.7782
  -2.02765    53.7782
 -0.897675    52.6199
  -1.03892    52.3303
  -1.18017    52.6199
 -0.897675    52.0407
 -0.756429    52.9095
  -1.46266    52.6199
 -0.615182    52.6199
  -1.03892    52.9095
  -1.32142    52.3303
  -1.60391    52.9095
 -0.191442    52.9095
 -0.191442    53.4886
 -0.473935    52.9095
 0.0910519    53.4886
 0.0910519    52.9095
 -0.332688    53.1991
-0.0501948    53.1991
  0.232299    53.1991
 -0.615182    53.1991
 -0.473935    53.4886
 -0.756429    53.4886
 -0.332688    52.6199
-0.0501948    52.6199
  -2.31014    55.5158
  -1.74516    54.9366
   -1.8864    55.8054
  -1.60391    55.2262
  -1.32142     54.647
  -1.46266    55.5158
   -1.8864    55.2262
   -2.1689    55.2262
  -2.02765    55.5158
  -2.02765    54.9366
  -1.74516    55.5158
   -1.8864     54.647
  -2.45139    55.8054
  -2.87513    55.5158
  -2.31014    54.9366
   -2.1689    55.8054
 -0.615182    54.3574
  -2.59264    55.5158
  -1.18017    54.3574
   1.36227    52.6199
   1.07978    52.6199
   1.22103    52.3303
  0.938532    52.3303
   1.22103    52.9095
  0.373545    52.9095
  0.797286    52.6199
  0.656039    52.3303
   1.50352    52.3303
   1.07978    52.0407
  0.938532    52.9095
  0.514792    52.6199
   1.36227    52.0407
  0.232299    52.6199
   1.78601    52.3303
   1.64477    52.6199
  0.514792    52.0407
 -0.756429    52.3303
 -0.473935    52.3303
 -0.615182    52.0407
  -1.18017    52.0407
  -7.25378     54.647
  -5.55882     54.647
  -5.98256    54.3574
  -5.84131     54.647
  -6.97129     54.647
  -6.68879     54.647
  -6.26505    54.3574
  -6.54755    54.9366
  -2.87513    56.6741
  -6.26505    54.9366
  -7.39503    54.9366
  -7.67752    54.3574
   -6.4063    55.2262
  -6.12381     54.647
  -5.98256    54.9366
  -7.11253    54.9366
  -6.83004    54.3574
  -7.53627     54.647
  -1.18017    53.1991
 -0.897675    53.1991
  -4.57009    52.0407
  -4.99383    51.7511
  -4.85258    52.0407
  -4.42884    52.3303
  -5.13508    52.0407
   -4.2876    52.0407
  -4.42884    51.7511
  -4.71134    51.7511
  -4.14635    52.3303
   -4.2876    53.1991
  -3.58136    52.9095
  -3.72261    53.1991
  -4.42884    53.4886
  -4.14635    52.9095
  -4.57009    53.1991
  -3.15762    53.1991
  -4.42884    52.9095
   -4.0051    53.1991
  -3.29887    52.9095
  -3.44012    53.1991
  -3.01638    59.2804
  -3.15762    58.9908
  -2.87513    58.9908
  -2.73388    59.2804
  -2.45139    59.2804
  -3.01638    58.7012
  -3.29887    58.7012
  -2.59264    58.9908
  -1.46266    52.0407
  -1.32142    51.7511
  -1.46266    51.4615
  -1.03892    51.7511
  -2.02765    51.4615
  -1.60391    51.7511
 -0.756429    51.7511
  -1.18017    51.4615
 -0.615182    51.4615
  -1.74516    52.0407
 -0.473935    51.7511
  0.797286    52.0407
  0.373545    52.3303
 0.0910519    52.3303
  0.232299    50.8824
  0.656039    51.7511
  -1.74516    53.7782
-0.0501948    50.8824
 -0.332688    50.8824
 -0.191442    51.1719
 -0.615182    50.8824
 -0.897675    50.8824
 -0.473935    51.1719
   -2.1689    52.3303
  -2.02765    52.6199
  -2.31014    52.6199
   -1.8864    52.3303
 -0.332688    53.7782
 -0.897675    53.7782
  -1.03892    54.0678
  -1.18017    53.7782
  -1.46266    53.7782
 -0.473935    54.0678
  -1.03892     54.647
 -0.897675    54.3574
  -1.60391    54.0678
 -0.191442    54.0678
  -1.32142    54.0678
  -1.74516    54.3574
 -0.756429    54.0678
  -1.46266    54.3574
   -1.8864    54.0678
  -1.03892    53.4886
 -0.756429     54.647
  -6.12381    50.0136
  -5.84131    50.0136
  -4.71134    50.0136
  -4.42884    50.0136
  -4.14635    50.0136
  -3.86386    50.0136
  -3.58136    50.0136
  -6.26505    50.3032
  -5.98256    50.3032
  -5.70006    50.3032
  -3.15762    50.3032
  -2.87513    50.3032
  -2.59264    50.3032
  -2.31014    50.3032
  -2.02765    50.3032
  -6.12381    50.5928
  -5.84131    50.5928
  -5.55882    50.5928
  -5.27632    50.5928
  -4.99383    50.5928
  -2.73388    50.5928
  -1.60391    50.5928
  -1.03892    50.5928
 -0.756429    50.5928
 -0.473935    50.5928
 -0.191442    50.5928
 0.0910519    50.5928
  0.373545    50.5928
  0.656039    50.5928
  -5.98256    50.8824
  -5.70006    50.8824
  -5.41757    50.8824
  -5.13508    50.8824
  -4.85258    50.8824
  -4.57009    50.8824
  0.797286    50.8824
   1.07978    50.8824
   1.36227    50.8824
   1.64477    50.8824
  -5.84131    51.1719
  -5.55882    51.1719
  -5.27632    51.1719
  -4.99383    51.1719
  -4.71134    51.1719
  -4.42884    51.1719
  -3.86386    51.1719
  -3.29887    51.1719
  -2.73388    51.1719
  -2.45139    51.1719
   -2.1689    51.1719
   -1.8864    51.1719
  -1.60391    51.1719
 -0.756429    51.1719
   1.50352    51.1719
   1.78601    51.1719
  -5.70006    51.4615
  -5.41757    51.4615
  -5.13508    51.4615
  -4.85258    51.4615
  -4.57009    51.4615
   -4.2876    51.4615
   -4.0051    51.4615
  -3.72261    51.4615
  -3.44012    51.4615
  -3.15762    51.4615
  -2.87513    51.4615
  -2.31014    51.4615
 -0.897675    51.4615
 -0.332688    51.4615
-0.0501948    51.4615
   1.36227    51.4615
   1.64477    51.4615
   1.92726    51.4615
  -5.55882    51.7511
  -5.27632    51.7511
  -4.14635    51.7511
  -3.86386    51.7511
 -0.191442    51.7511
 0.0910519    51.7511
  0.373545    51.7511
  0.938532    51.7511
   1.22103    51.7511
   1.50352    51.7511
   1.78601    51.7511
  -5.70006    52.0407
  -5.41757    52.0407
   -4.0051    52.0407
  -3.72261    52.0407
  -3.44012    52.0407
  -3.15762    52.0407
 -0.332688    52.0407
-0.0501948    52.0407
  0.232299    52.0407
   1.64477    52.0407
   1.92726    52.0407
  -5.55882    52.3303
  -5.27632    52.3303
  -4.99383    52.3303
  -4.71134    52.3303
  -3.86386    52.3303
  -3.58136    52.3303
  -3.29887    52.3303
  -3.01638    52.3303
  -1.60391    52.3303
 -0.191442    52.3303
   2.06851    52.3303
  -5.41757    52.6199
  -5.13508    52.6199
  -4.85258    52.6199
  -4.57009    52.6199
   -4.2876    52.6199
   -4.0051    52.6199
  -3.72261    52.6199
  -3.44012    52.6199
  -3.15762    52.6199
  -2.87513    52.6199
  -2.59264    52.6199
  -1.74516    52.6199
   1.92726    52.6199
   2.20975    52.6199
  -5.55882    52.9095
  -5.27632    52.9095
  -4.99383    52.9095
  -4.71134    52.9095
  -3.86386    52.9095
  -3.01638    52.9095
  -2.73388    52.9095
  -2.45139    52.9095
   -1.8864    52.9095
  0.656039    52.9095
   1.50352    52.9095
   1.78601    52.9095
  -5.70006    53.1991
  -5.41757    53.1991
  -5.13508    53.1991
  -4.85258    53.1991
  0.514792    53.1991
  0.797286    53.1991
   1.07978    53.1991
   1.36227    53.1991
  -5.84131    53.4886
  -5.55882    53.4886
  -5.27632    53.4886
  -4.99383    53.4886
  -4.71134    53.4886
  -4.14635    53.4886
  -3.86386    53.4886
  -3.58136    53.4886
  -3.29887    53.4886
  0.373545    53.4886
  0.656039    53.4886
  -7.11253    53.7782
  -6.83004    53.7782
  -6.54755    53.7782
  -6.26505    53.7782
  -5.98256    53.7782
  -5.70006    53.7782
  -5.41757    53.7782
  -5.13508    53.7782
  -4.85258    53.7782
  -4.57009    53.7782
   -4.2876    53.7782
   -4.0051    53.7782
  -3.72261    53.7782
  -3.44012    53.7782
  -3.15762    53.7782
 -0.615182    53.7782
-0.0501948    53.7782
  0.232299    53.7782
  0.514792    53.7782
  -7.81877    54.0678
  -7.53627    54.0678
  -7.25378    54.0678
  -6.97129    54.0678
  -6.68879    54.0678
   -6.4063    54.0678
  -6.12381    54.0678
  -5.84131    54.0678
  -5.55882    54.0678
  -5.27632    54.0678
  -4.99383    54.0678
  -4.71134    54.0678
  -4.42884    54.0678
  -4.14635    54.0678
  -3.86386    54.0678
  -3.58136    54.0678
  -2.73388    54.0678
   -2.1689    54.0678
 0.0910519    54.0678
  0.373545    54.0678
  -8.24251    54.3574
  -7.96001    54.3574
  -7.39503    54.3574
  -7.11253    54.3574
  -6.54755    54.3574
  -5.70006    54.3574
  -5.41757    54.3574
  -5.13508    54.3574
  -4.85258    54.3574
  -4.57009    54.3574
   -4.2876    54.3574
   -4.0051    54.3574
 -0.332688    54.3574
-0.0501948    54.3574
  -8.38375     54.647
  -8.10126     54.647
  -7.81877     54.647
   -6.4063     54.647
  -5.27632     54.647
  -4.99383     54.647
  -4.71134     54.647
  -4.42884     54.647
  -4.14635     54.647
  -3.86386     54.647
 -0.473935     54.647
  -8.24251    54.9366
  -7.96001    54.9366
  -7.67752    54.9366
  -6.83004    54.9366
  -5.70006    54.9366
  -5.41757    54.9366
  -4.85258    54.9366
  -4.57009    54.9366
   -4.2876    54.9366
   -4.0051    54.9366
  -3.72261    54.9366
  -3.44012    54.9366
  -1.18017    54.9366
 -0.897675    54.9366
  -7.81877    55.2262
  -7.53627    55.2262
  -7.25378    55.2262
  -6.97129    55.2262
  -6.68879    55.2262
  -6.12381    55.2262
  -5.84131    55.2262
  -5.55882    55.2262
  -5.27632    55.2262
  -4.99383    55.2262
  -4.71134    55.2262
  -4.14635    55.2262
  -3.86386    55.2262
  -3.58136    55.2262
  -3.29887    55.2262
  -2.73388    55.2262
  -1.32142    55.2262
  -1.03892    55.2262
  -7.67752    55.5158
  -7.39503    55.5158
  -7.11253    55.5158
  -6.83004    55.5158
  -6.54755    55.5158
  -6.26505    55.5158
  -5.98256    55.5158
  -5.41757    55.5158
   -4.2876    55.5158
   -4.0051    55.5158
  -3.72261    55.5158
  -3.44012    55.5158
  -3.15762    55.5158
  -1.18017    55.5158
  -7.53627    55.8054
  -7.25378    55.8054
  -6.97129    55.8054
  -6.68879    55.8054
  -5.55882    55.8054
  -5.27632    55.8054
  -4.99383    55.8054
  -3.86386    55.8054
  -3.58136    55.8054
  -3.29887    55.8054
  -3.01638    55.8054
  -2.73388    55.8054
  -1.60391    55.8054
  -1.32142    55.8054
  -7.39503    56.0949
  -7.11253    56.0949
  -6.83004    56.0949
  -6.54755    56.0949
  -6.26505    56.0949
  -5.98256    56.0949
  -5.70006    56.0949
  -5.41757    56.0949
  -5.13508    56.0949
   -4.2876    56.0949
   -4.0051    56.0949
  -3.72261    56.0949
  -3.44012    56.0949
  -3.15762    56.0949
  -2.87513    56.0949
  -2.59264    56.0949
  -2.31014    56.0949
  -2.02765    56.0949
  -1.74516    56.0949
  -7.53627    56.3845
  -7.25378    56.3845
  -6.97129    56.3845
  -6.68879    56.3845
   -6.4063    56.3845
  -6.12381    56.3845
  -5.84131    56.3845
  -5.27632    56.3845
  -4.99383    56.3845
  -4.71134    56.3845
  -4.42884    56.3845
  -4.14635    56.3845
  -3.86386    56.3845
  -3.58136    56.3845
  -3.29887    56.3845
  -2.73388    56.3845
  -2.45139    56.3845
   -2.1689    56.3845
   -1.8864    56.3845
  -7.67752    56.6741
  -7.39503    56.6741
  -7.11253    56.6741
  -6.83004    56.6741
  -6.54755    56.6741
  -6.26505    56.6741
  -5.98256    56.6741
  -5.70006    56.6741
  -5.41757    56.6741
  -5.13508    56.6741
  -4.85258    56.6741
  -4.57009    56.6741
   -4.2876    56.6741
   -4.0051    56.6741
  -3.72261    56.6741
  -3.44012    56.6741
  -3.15762    56.6741
  -2.59264    56.6741
  -2.31014    56.6741
  -2.02765    56.6741
  -1.74516    56.6741
  -7.81877    56.9637
  -7.53627    56.9637
  -7.25378    56.9637
  -6.97129    56.9637
  -6.68879    56.9637
   -6.4063    56.9637
  -6.12381    56.9637
  -5.84131    56.9637
  -5.55882    56.9637
  -5.27632    56.9637
  -4.99383    56.9637
  -4.71134    56.9637
  -4.42884    56.9637
  -4.14635    56.9637
  -3.86386    56.9637
  -3.58136    56.9637
  -3.29887    56.9637
  -3.01638    56.9637
  -2.73388    56.9637
  -2.45139    56.9637
   -1.8864    56.9637
  -1.60391    56.9637
  -7.96001    57.2533
  -7.67752    57.2533
  -7.39503    57.2533
  -7.11253    57.2533
  -6.83004    57.2533
  -6.54755    57.2533
  -6.26505    57.2533
  -5.98256    57.2533
  -5.70006    57.2533
  -5.41757    57.2533
  -5.13508    57.2533
  -4.85258    57.2533
  -4.57009    57.2533
   -4.2876    57.2533
   -4.0051    57.2533
  -3.72261    57.2533
  -3.44012    57.2533
  -3.15762    57.2533
  -2.87513    57.2533
  -1.74516    57.2533
  -1.46266    57.2533
  -7.81877    57.5429
  -7.53627    57.5429
  -6.97129    57.5429
  -6.68879    57.5429
   -6.4063    57.5429
  -6.12381    57.5429
  -5.84131    57.5429
  -5.55882    57.5429
  -5.27632    57.5429
  -4.99383    57.5429
  -4.42884    57.5429
  -3.86386    57.5429
  -3.58136    57.5429
  -2.45139    57.5429
  -1.60391    57.5429
  -1.32142    57.5429
  -7.67752    57.8325
  -7.39503    57.8325
  -7.11253    57.8325
  -6.83004    57.8325
  -6.54755    57.8325
  -6.26505    57.8325
  -5.98256    57.8325
  -5.70006    57.8325
  -5.41757    57.8325
  -5.13508    57.8325
  -4.85258    57.8325
  -4.57009    57.8325
   -4.2876    57.8325
   -4.0051    57.8325
  -3.72261    57.8325
  -3.44012    57.8325
  -3.15762    57.8325
  -2.87513    57.8325
  -1.74516    57.8325
  -1.46266    57.8325
  -7.25378    58.1221
  -6.68879    58.1221
  -6.12381    58.1221
  -5.84131    58.1221
  -5.55882    58.1221
  -5.27632    58.1221
  -4.99383    58.1221
  -4.71134    58.1221
  -4.42884    58.1221
  -4.14635    58.1221
  -3.86386    58.1221
  -3.58136    58.1221
  -3.29887    58.1221
  -3.01638    58.1221
  -2.73388    58.1221
  -2.45139    58.1221
   -2.1689    58.1221
   -1.8864    58.1221
  -6.83004    58.4116
  -6.54755    58.4116
  -6.26505    58.4116
  -5.98256    58.4116
  -5.70006    58.4116
  -5.41757    58.4116
  -5.13508    58.4116
  -4.85258    58.4116
  -4.57009    58.4116
   -4.2876    58.4116
   -4.0051    58.4116
  -3.72261    58.4116
  -3.44012    58.4116
  -3.15762    58.4116
  -2.87513    58.4116
  -2.59264    58.4116
  -2.31014    58.4116
  -5.84131    58.7012
  -5.55882    58.7012
  -5.27632    58.7012
  -4.99383    58.7012
  -4.71134    58.7012
  -4.42884    58.7012
  -4.14635    58.7012
  -3.86386    58.7012
  -3.58136    58.7012
  -2.73388    58.7012
  -2.45139    58.7012
   -2.1689    58.7012
  -3.72261    58.9908
  -3.44012    58.9908
  -2.31014    58.9908
  -2.02765    58.9908
  -3.29887    59.2804
