295 302
295 303
295 296
296 303
296 304
296  45
 45 304
 45  48
 45  46
 46  48
 46  43
 46  51
 51  43
 51  44
 51 297
297  44
297  50
297 298
298  50
298  53
298 299
299  53
299  49
299 300
300  49
300  94
300 301
301  94
301  92
302 310
302 303
303 310
303 311
303 304
304 311
304 312
304  48
 48 312
 48 313
 48  43
 43 313
 43 314
 43  44
 44 314
 44  47
 44  50
 50  47
 50  42
 50  53
 53  42
 53  52
 53  49
 49  52
 49  91
 49  94
 94  91
 94  86
 94  92
 92  86
 92  87
 92 305
305  87
305  88
305 306
306  88
306 315
306 307
307 315
307  96
307 308
308  96
308 100
308 309
309 100
309 119
310 324
310 311
311 324
311 325
311 312
312 325
312 326
312 313
313 326
313 327
313 314
314 327
314 328
314  47
 47 328
 47 329
 47  42
 42 329
 42  84
 42  52
 52  84
 52  83
 52  91
 91  83
 91  82
 91  86
 86  82
 86  85
 86  87
 87  85
 87  90
 87  88
 88  90
 88  97
 88 315
315  97
315  98
315  96
 96  98
 96  99
 96 100
100  99
100 101
100 119
119 101
119 118
119 316
316 118
316 116
316 122
122 116
122 117
122 317
317 117
317 272
317 318
318 272
318 271
318 319
319 271
319 269
319 320
320 269
320 268
320 321
321 268
321 265
321 322
322 265
322 135
322 323
323 135
323 330
324 334
324 325
325 334
325 335
325 326
326 335
326 336
326 327
327 336
327 337
327 328
328 337
328 338
328 329
329 338
329 339
329  84
 84 339
 84  89
 84  83
 83  89
 83 340
 83  82
 82 340
 82  93
 82  85
 85  93
 85 341
 85  90
 90 341
 90  95
 90  97
 97  95
 97 342
 97  98
 98 342
 98 343
 98  99
 99 343
 99 344
 99 101
101 344
101 345
101 118
118 345
118 346
118 116
116 346
116 120
116 117
117 120
117 121
117 272
272 121
272 347
272 271
271 347
271 273
271 269
269 273
269 270
269 268
268 270
268 133
268 265
265 133
265 128
265 135
135 128
135 134
135 330
330 134
330 130
330 331
331 130
331 102
331 332
332 102
332 348
332 333
333 348
333 349
334 350
334 335
335 350
335 351
335 336
336 351
336 352
336 337
337 352
337 353
337 338
338 353
338 354
338 339
339 354
339 355
339  89
 89 355
 89 356
 89 340
340 356
340 357
340  93
 93 357
 93 358
 93 341
341 358
341 359
341  95
 95 359
 95 360
 95 342
342 360
342 115
342 343
343 115
343 361
343 344
344 361
344 255
344 345
345 255
345 113
345 346
346 113
346 253
346 120
120 253
120 258
120 121
121 258
121 362
121 347
347 362
347 259
347 273
273 259
273 363
273 270
270 363
270 364
270 133
133 364
133 129
133 128
128 129
128 132
128 134
134 132
134 131
134 130
130 131
130 127
130 102
102 127
102 365
102 348
348 365
348 366
348 349
349 366
349 367
350 368
350 351
351 368
351 369
351 352
352 369
352 224
352 353
353 224
353 230
353 354
354 230
354 229
354 355
355 229
355 370
355 356
356 370
356 371
356 357
357 371
357 103
357 358
358 103
358 114
358 359
359 114
359 126
359 360
360 126
360 107
360 115
115 107
115 106
115 361
361 106
361 108
361 255
255 108
255 112
255 113
113 112
113 256
113 253
253 256
253 252
253 258
258 252
258 254
258 362
362 254
362 257
362 259
259 257
259 261
259 363
363 261
363 372
363 364
364 372
364 373
364 129
129 373
129 374
129 132
132 374
132 266
132 131
131 266
131 375
131 127
127 375
127 376
127 365
365 376
365 377
365 366
366 377
366 378
366 367
367 378
368 379
368 380
368 369
369 380
369 227
369 224
224 227
224 225
224 230
230 225
230 223
230 229
229 223
229 228
229 370
370 228
370 381
370 371
371 381
371 382
371 103
103 382
103 383
103 114
114 383
114 384
114 126
126 384
126 125
126 107
107 125
107 109
107 106
106 109
106 111
106 108
108 111
108 110
108 112
112 110
112 260
112 256
256 260
256 251
256 252
252 251
252 202
252 254
254 202
254 143
254 257
257 143
257 201
257 261
261 201
261 385
261 372
372 385
372 386
372 373
373 386
373 387
373 374
374 387
374 198
374 266
266 198
266 262
266 375
375 262
375 191
375 376
376 191
376 194
376 377
377 194
377 388
377 378
378 388
378 389
379 390
379 380
380 390
380 391
380 227
227 391
227 392
227 225
225 392
225 393
225 223
223 393
223 226
223 228
228 226
228 231
228 381
381 231
381 394
381 382
382 394
382 395
382 383
383 395
383 396
383 384
384 396
384 397
384 125
125 397
125 124
125 109
109 124
109 123
109 111
111 123
111 274
111 110
110 274
110 277
110 260
260 277
260 398
260 251
251 398
251 148
251 202
202 148
202 141
202 143
143 141
143 199
143 201
201 199
201 200
201 385
385 200
385 399
385 386
386 399
386 264
386 387
387 264
387 263
387 198
198 263
198 189
198 262
262 189
262 185
262 191
191 185
191 184
191 194
194 184
194 190
194 388
388 190
388 196
388 389
389 196
389 400
390 401
390 391
391 401
391 402
391 392
392 402
392 403
392 393
393 403
393 404
393 226
226 404
226 405
226 231
231 405
231 406
231 394
394 406
394 407
394 395
395 407
395 408
395 396
396 408
396 409
396 397
397 409
397 410
397 124
124 410
124 411
124 123
123 411
123 276
123 274
274 276
274 275
274 277
277 275
277 412
277 398
398 412
398 145
398 148
148 145
148 142
148 141
141 142
141 140
141 199
199 140
199 146
199 200
200 146
200 161
200 399
399 161
399 162
399 264
264 162
264 195
264 263
263 195
263 193
263 189
189 193
189 188
189 185
185 188
185 183
185 184
184 183
184 182
184 190
190 182
190 197
190 196
196 197
196 413
196 400
400 413
400 414
401 415
401 416
401 402
402 416
402 417
402 403
403 417
403 418
403 404
404 418
404 239
404 405
405 239
405 236
405 406
406 236
406 419
406 407
407 419
407 233
407 408
408 233
408 241
408 409
409 241
409 420
409 410
410 420
410 421
410 411
411 421
411 422
411 276
276 422
276  41
276 275
275  41
275 423
275 412
412 423
412 149
412 145
145 149
145  78
145 142
142  78
142 147
142 140
140 147
140 144
140 146
146 144
146 152
146 161
161 152
161 150
161 162
162 150
162 154
162 195
195 154
195 187
195 193
193 187
193 424
193 188
188 424
188 192
188 183
183 192
183 186
183 182
182 186
182 425
182 197
197 425
197 426
197 413
413 426
413 414
415 427
415 428
415 416
416 428
416 429
416 417
417 429
417 430
417 418
418 430
418 237
418 239
239 237
239 232
239 236
236 232
236 240
236 419
419 240
419 234
419 233
233 234
233 242
233 241
241 242
241 238
241 420
420 238
420  34
420 421
421  34
421  36
421 422
422  36
422  35
422  41
 41  35
 41  33
 41 423
423  33
423  76
423 149
149  76
149  79
149  78
 78  79
 78 221
 78 147
147 221
147 222
147 144
144 222
144 158
144 152
152 158
152 155
152 150
150 155
150 156
150 154
154 156
154 157
154 187
187 157
187 431
187 424
424 431
424 432
424 192
192 432
192 433
192 186
186 433
186 434
186 425
425 434
425 426
427 435
427 436
427 428
428 436
428 437
428 429
429 437
429 438
429 430
430 438
430 439
430 237
237 439
237 235
237 232
232 235
232 440
232 240
240 440
240 441
240 234
234 441
234 442
234 242
242 442
242 443
242 238
238 443
238 137
238  34
 34 137
 34  39
 34  36
 36  39
 36  37
 36  35
 35  37
 35  40
 35  33
 33  40
 33  38
 33  76
 76  38
 76  80
 76  79
 79  80
 79  81
 79 221
221  81
221 293
221 222
222 293
222 160
222 158
158 160
158 159
158 155
155 159
155 151
155 156
156 151
156 153
156 157
157 153
157 444
157 431
431 444
431 445
431 432
432 445
432 433
433 434
435 450
435 451
435 436
436 451
436 452
436 437
437 452
437 453
437 438
438 453
438 454
438 439
439 454
439 455
439 235
235 455
235 456
235 440
440 456
440 457
440 441
441 457
441 458
441 442
442 458
442 459
442 443
443 459
443 460
443 137
137 460
137 138
137  39
 39 138
 39 136
 39  37
 37 136
 37  66
 37  40
 40  66
 40 139
 40  38
 38 139
 38 267
 38  80
 80 267
 80 282
 80  81
 81 282
 81 281
 81 293
293 281
293 279
293 160
160 279
160 461
160 159
159 461
159 278
159 151
151 278
151 462
151 153
153 462
153 463
153 444
444 463
444 464
444 445
445 464
446 467
446 468
446 447
447 468
447 469
447 448
448 469
448 470
448 449
449 470
449 471
449 450
450 471
450 472
450 451
451 472
451 473
451 452
452 473
452 474
452 453
453 474
453 475
453 454
454 475
454 476
454 455
455 476
455 477
455 456
456 477
456 478
456 457
457 478
457 479
457 458
458 479
458 480
458 459
459 480
459  64
459 460
460  64
460  71
460 138
138  71
138 481
138 136
136 481
136  68
136  66
 66  68
 66 482
 66 139
139 482
139 292
139 267
267 292
267 286
267 282
282 286
282 288
282 281
281 288
281 280
281 279
279 280
279 290
279 461
461 290
461 283
461 278
278 283
278 287
278 462
462 287
462 483
462 463
463 483
463 484
463 464
464 484
465 486
465 214
465 466
466 214
466 487
466 467
467 487
467 488
467 468
468 488
468 219
468 469
469 219
469 489
469 470
470 489
470 209
470 471
471 209
471 205
471 472
472 205
472 490
472 473
473 490
473 491
473 474
474 491
474 492
474 475
475 492
475 493
475 476
476 493
476 494
476 477
477 494
477 495
477 478
478 495
478 496
478 479
479 496
479  65
479 480
480  65
480  54
480  64
 64  54
 64  60
 64  71
 71  60
 71  73
 71 481
481  73
481  67
481  68
 68  67
 68  56
 68 482
482  56
482  72
482 292
292  72
292 289
292 286
286 289
286 291
286 288
288 291
288 181
288 280
280 181
280 285
280 290
290 285
290 179
290 283
283 179
283 497
283 287
287 497
287 498
287 483
483 498
483 484
485 499
485 500
485 486
486 500
486 501
486 214
214 501
214 220
214 487
487 220
487 203
487 488
488 203
488 207
488 219
219 207
219 208
219 489
489 208
489 502
489 209
209 502
209 216
209 205
205 216
205 206
205 490
490 206
490 204
490 491
491 204
491 503
491 492
492 503
492 504
492 493
493 504
493 505
493 494
494 505
494 506
494 495
495 506
495 507
495 496
496 507
496 508
496  65
 65 508
 65  55
 65  54
 54  55
 54  62
 54  60
 60  62
 60  58
 60  73
 73  58
 73  59
 73  67
 67  59
 67  75
 67  56
 56  75
 56  70
 56  72
 72  70
 72 174
 72 289
289 174
289  77
289 291
291  77
291 167
291 181
181 167
181 284
181 285
285 284
285 294
285 179
179 294
179 509
179 497
497 509
497 498
499 510
499 500
500 510
500 511
500 501
501 511
501 512
501 220
220 512
220 213
220 203
203 213
203 218
203 207
207 218
207 513
207 208
208 513
208 210
208 502
502 210
502 212
502 216
216 212
216 217
216 206
206 217
206 514
206 204
204 514
204 515
204 503
503 515
503  13
503 504
504  13
504 516
504 505
505 516
505 517
505 506
506 517
506 518
506 507
507 518
507 519
507 508
508 519
508 520
508  55
 55 520
 55 521
 55  62
 62 521
 62  57
 62  58
 58  57
 58  63
 58  59
 59  63
 59  69
 59  75
 75  69
 75 177
 75  70
 70 177
 70 172
 70 174
174 172
174 164
174  77
 77 164
 77 105
 77 167
167 105
167 522
167 284
284 522
284 523
284 294
294 523
294 509
510 511
511 524
511 512
512 524
512 525
512 213
213 525
213 526
213 218
218 526
218 527
218 513
513 527
513 528
513 210
210 528
210 215
210 212
212 215
212 529
212 217
217 529
217 530
217 514
514 530
514 531
514 515
515 531
515 532
515  13
 13 532
 13 533
 13 516
516 533
516 534
516 517
517 534
517  11
517 518
518  11
518 535
518 519
519 535
519 536
519 520
520 536
520 537
520 521
521 537
521 538
521  57
 57 538
 57  61
 57  63
 63  61
 63 539
 63  69
 69 539
 69  74
 69 177
177  74
177 170
177 172
172 170
172 169
172 164
164 169
164 166
164 105
105 166
105 540
105 522
522 540
522 541
522 523
523 541
524 542
524 525
525 542
525 543
525 526
526 543
526 544
526 527
527 544
527 545
527 528
528 545
528 546
528 215
215 546
215 547
215 529
529 547
529 548
529 530
530 548
530   1
530 531
531   1
531 549
531 532
532 549
532   2
532 533
533   2
533  18
533 534
534  18
534  12
534  11
 11  12
 11 550
 11 535
535 550
535 551
535 536
536 551
536 552
536 537
537 552
537 553
537 538
538 553
538 554
538  61
 61 554
 61 176
 61 539
539 176
539 180
539  74
 74 180
 74 163
 74 170
170 163
170 171
170 169
169 171
169 173
169 166
166 173
166 168
166 540
540 168
540 555
540 541
541 555
542 556
542 543
543 556
543 557
543 544
544 557
544 558
544 545
545 558
545 559
545 546
546 559
546   9
546 547
547   9
547   3
547 548
548   3
548  15
548   1
  1  15
  1 560
  1 549
549 560
549 561
549   2
  2 561
  2 562
  2  18
 18 562
 18  16
 18  12
 12  16
 12   4
 12 550
550   4
550 104
550 551
551 104
551 563
551 552
552 563
552 564
552 553
553 564
553 565
553 554
554 565
554 566
554 176
176 566
176 567
176 180
180 567
180 175
180 163
163 175
163 178
163 171
171 178
171 165
171 173
173 165
173 568
173 168
168 568
168 569
168 555
555 569
556 570
556 557
557 570
557 571
557 558
558 571
558 572
558 559
559 572
559 573
559   9
  9 573
  9 574
  9   3
  3 574
  3 575
  3  15
 15 575
 15 576
 15 560
560 576
560 577
560 561
561 577
561 578
561 562
562 578
562   7
562  16
 16   7
 16  19
 16   4
  4  19
  4 579
  4 104
104 579
104 580
104 563
563 580
563 581
563 564
564 581
564 582
564 565
565 582
565 583
565 566
566 583
566 584
566 567
567 584
567 585
567 175
175 585
175 586
175 178
178 586
178 587
178 165
165 587
165 588
165 568
568 588
568 569
570 589
570 590
570 571
571 590
571 591
571 572
572 591
572 592
572 573
573 592
573 593
573 574
574 593
574 594
574 575
575 594
575 595
575 576
576 595
576   6
576 577
577   6
577 596
577 578
578 596
578 597
578   7
  7 597
  7 598
  7  19
 19 598
 19 599
 19 579
579 599
579 600
579 580
580 600
580 601
580 581
581 601
581 602
581 582
582 602
582 603
582 583
583 603
583  29
583 584
584  29
584 604
584 585
585 604
585 605
585 586
586 605
586 606
586 587
587 606
587 607
587 588
588 607
589 608
589 609
589 590
590 609
590 610
590 591
591 610
591 611
591 592
592 611
592 612
592 593
593 612
593 613
593 594
594 613
594 614
594 595
595 614
595 615
595   6
  6 615
  6 616
  6 596
596 616
596 617
596 597
597 617
597 618
597 598
598 618
598 619
598 599
599 619
599 620
599 600
600 620
600 621
600 601
601 621
601 622
601 602
602 622
602 623
602 603
603 623
603 624
603  29
 29 624
 29 211
 29 604
604 211
604 625
604 605
605 625
605 626
605 606
606 626
606 627
606 607
607 627
607 628
608 629
608 630
608 609
609 630
609 631
609 610
610 631
610 632
610 611
611 632
611 633
611 612
612 633
612 634
612 613
613 634
613 635
613 614
614 635
614 636
614 615
615 636
615 637
615 616
616 637
616 638
616 617
617 638
617 639
617 618
618 639
618 640
618 619
619 640
619 641
619 620
620 641
620 642
620 621
621 642
621 643
621 622
622 643
622 644
622 623
623 644
623 645
623 624
624 645
624 646
624 211
211 646
211 647
211 625
625 647
625 648
625 626
626 648
626  30
626 627
627  30
627 649
627 628
628 649
628 650
629 651
629 652
629 630
630 652
630 653
630 631
631 653
631 654
631 632
632 654
632 655
632 633
633 655
633 656
633 634
634 656
634 657
634 635
635 657
635 658
635 636
636 658
636 659
636 637
637 659
637 660
637 638
638 660
638 661
638 639
639 661
639 662
639 640
640 662
640 663
640 641
641 663
641 664
641 642
642 664
642 665
642 643
643 665
643 666
643 644
644 666
644 667
644 645
645 667
645 668
645 646
646 668
646 669
646 647
647 669
647  24
647 648
648  24
648  22
648  30
 30  22
 30  25
 30 649
649  25
649 670
649 650
650 670
650 671
651 672
651 652
652 672
652 673
652 653
653 673
653   5
653 654
654   5
654 674
654 655
655 674
655 675
655 656
656 675
656 676
656 657
657 676
657 677
657 658
658 677
658 678
658 659
659 678
659 679
659 660
660 679
660 680
660 661
661 680
661 681
661 662
662 681
662  14
662 663
663  14
663 682
663 664
664 682
664  20
664 665
665  20
665 683
665 666
666 683
666 684
666 667
667 684
667   8
667 668
668   8
668  27
668 669
669  27
669  28
669  24
 24  28
 24 685
 24  22
 22 685
 22  23
 22  25
 25  23
 25  21
 25 670
670  21
670 686
670 671
671 686
671 687
672 688
672 673
673 688
673 689
673   5
  5 689
  5 690
  5 674
674 690
674 691
674 675
675 691
675 692
675 676
676 692
676 693
676 677
677 693
677 694
677 678
678 694
678 695
678 679
679 695
679 696
679 680
680 696
680 697
680 681
681 697
681 698
681  14
 14 698
 14 699
 14 682
682 699
682 700
682  20
 20 700
 20 701
 20 683
683 701
683 702
683 684
684 702
684 703
684   8
  8 703
  8 704
  8  27
 27 704
 27 705
 27  28
 28 705
 28  32
 28 685
685  32
685  31
685  23
 23  31
 23  26
 23  21
 21  26
 21 706
 21 686
686 706
686 707
686 687
687 707
688 689
689 708
689 690
690 708
690  10
690 691
691  10
691 709
691 692
692 709
692  17
692 693
693  17
693 710
693 694
694 710
694 711
694 695
695 711
695 712
695 696
696 712
696 713
696 697
697 713
697 714
697 698
698 714
698 715
698 699
699 715
699 716
699 700
700 716
700 717
700 701
701 717
701 718
701 702
702 718
702 719
702 703
703 719
703 720
703 704
704 720
704 721
704 705
705 721
705 722
705  32
 32 722
 32 723
 32  31
 31 723
 31 724
 31  26
 26 724
 26 725
 26 706
706 725
706 707
708  10
 10 726
 10 709
709 726
709 727
709  17
 17 727
 17 728
 17 710
710 728
710 729
710 711
711 729
711 730
711 712
712 730
712 731
712 713
713 731
713 732
713 714
714 732
714 733
714 715
715 733
715 734
715 716
716 734
716 735
716 717
717 735
717 736
717 718
718 736
718 737
718 719
719 737
719 738
719 720
720 738
720 739
720 721
721 739
721 740
721 722
722 740
722 741
722 723
723 741
723 742
723 724
724 742
724 725
726 727
727 728
728 729
729 743
729 730
730 743
730 744
730 731
731 744
731 745
731 732
732 745
732 746
732 733
733 746
733 747
733 734
734 747
734 748
734 735
735 748
735 749
735 736
736 749
736 750
736 737
737 750
737 751
737 738
738 751
738 249
738 739
739 249
739 248
739 740
740 248
740 752
740 741
741 752
741 753
741 742
742 753
742 754
743 744
744 745
745 746
746 747
747 748
748 749
749 750
750 755
750 751
751 755
751 756
751 249
249 756
249 244
249 248
248 244
248 245
248 752
752 245
752 250
752 753
753 250
753 757
753 754
754 757
754 758
755 756
756 759
756 244
244 759
244 243
244 245
245 243
245 246
245 250
250 246
250 247
250 757
757 247
757 758
759 243
243 246
246 247
