  1
  2
  3
  3
  1
  4
  5
  6
  7
  8
  9
  1
 10
 11
 12
 12
 13
  3
 14
 15
  9
 12
 12
  3
  3
 16
 12
  1
 17
 18
 12
  3
  3
 11
  1
  1
 19
 12
 20
 21
 21
 22
 23
 24
 24
 21
 25
 26
 21
 25
 25
 23
 27
 21
 27
 23
 23
 28
 23
 27
 29
 24
 23
 21
 21
 21
 28
 30
 31
 25
 21
 32
 27
 28
 21
 22
 23
 24
 26
 23
 23
 23
 25
 23
 31
 23
 27
 22
 25
 27
 23
 33
 34
 35
 36
 36
 35
 37
 37
 36
 38
 34
 39
 36
 35
 40
 34
 34
 34
 36
 36
 34
 34
 41
 36
 35
 36
 36
 35
 33
 39
 36
 35
 33
 35
 33
 36
 36
 34
 33
 37
 42
 43
 43
 44
 43
 44
 43
 44
 45
 43
 46
 47
 44
 48
 43
 45
 46
 44
 48
 44
 48
 44
 43
 49
 50
 46
 50
 44
 42
 43
 45
 50
 44
 44
 48
 44
 45
 51
 43
 44
 45
 47
 45
 44
 48
 46
 45
 45
 47
 45
 44
 47
 46
 44
 46
 43
 43
 45
 48
 52
 44
 52
 43
 48
 43
 48
 43
 46
 46
 43
 43
 46
 50
 43
 47
 48
 44
 53
 43
 43
 53
 48
 44
 44
 45
 46
 46
 44
 54
 54
 54
 55
 56
 57
 58
 57
 59
 55
 60
 60
 59
 61
 62
 63
 58
 55
 55
 64
 62
 55
 65
 55
 55
 55
 60
 55
 66
 56
 67
 63
 54
 63
 55
 55
 68
 63
 62
 69
 64
 58
 62
 62
 70
 55
 55
 58
 62
 58
 62
 55
 62
 58
 55
 55
 55
 58
 55
 55
 62
 55
 55
 55
 62
 55
 71
 58
 55
 62
 60
 62
 57
 55
 59
 60
 60
 54
 58
 55
 54
 63
 72
 58
 55
 54
 62
 62
 59
 60
 59
 59
 58
 58
 73
 59
 57
 60
 55
 59
 54
 57
 55
 63
 62
 55
 62
 62
 54
 55
 58
 54
 62
 55
 55
 62
 57
 54
 62
 58
 59
 54
 55
 57
 54
 63
 73
 55
 55
 59
 57
 55
 55
 55
 62
 55
 57
 62
 55
 55
 62
 55
 73
 55
 63
 55
 54
 59
 62
 63
 63
 59
 55
 72
 57
 55
 63
 55
 74
 55
 54
 58
 55
 62
 62
 75
 54
 54
 55
 62
 54
 71
 60
 64
 62
 54
 55
 63
 55
 62
 62
 55
 55
 73
 57
 57
 58
 70
 56
 55
 58
 54
 58
 75
 63
 62
 55
 55
 63
 76
 63
 77
 54
 78
 79
 79
 78
 79
 80
 81
 79
 76
 79
 79
 82
 52
 83
 42
 52
 84
 85
 85
 82
 83
 83
 53
 86
 52
 86
 87
 85
 83
 88
 49
 85
 82
 86
 83
 86
 83
 83
 86
 82
 89
 82
 86
 42
 87
 86
 84
 86
 90
 90
 49
 82
 82
 49
 84
 86
 85
 86
 89
 91
 90
 86
 87
 92
 85
 86
 52
 86
 93
 86
 83
 85
 86
 49
 85
 94
 86
 91
 95
 86
 82
 84
 91
 93
 85
 96
 97
 98
 99
 98
 96
100
 99
 97
101
102
 98
 98
 99
100
101
 99
 96
 98
 98
 96
103
 96
104
 98
 99
101
101
 96
 99
 96
 96
 96
105
 99
101
 99
 98
101
 99
106
107
107
107
106
107
107
106
106
107
107
106
106
106
107
107
107
106
107
106
107
106
106
106
107
108
109
109
106
107
106
106
106
107
106
106
106
107
107
106
107
107
110
109
108
106
111
108
108
108
112
107
106
110
113
114
112
108
106
112
110
108
106
110
110
112
110
108
115
110
108
110
112
110
112
110
108
111
116
116
117
118
119
117
116
118
116
101
116
120
118
121
118
122
 43
122
122
117
120
122
122
116
117
116
121
122
116
117
109
114
109
109
123
109
124
109
109
125
111
125
109
109
109
109
109
125
109
109
125
125
109
107
109
109
126
127
128
129
130
131
128
130
130
132
132
102
102
130
133
128
130
133
134
102
128
132
127
134
129
127
134
102
102
102
134
130
135
131
102
 35
127
132
134
102
128
132
129
129
135
 68
136
 40
 66
137
137
137
 66
136
 39
 37
 37
 37
 39
 40
138
138
 39
 37
 40
 66
 71
136
 39
 71
136
136
 39
137
136
 40
 66
138
 66
 66
139
 78
140
141
142
140
142
142
142
143
142
144
142
142
145
142
 78
142
146
142
 78
142
142
142
142
142
142
142
147
142
 78
142
142
 78
142
142
 78
140
142
 78
145
142
140
 78
148
142
142
142
142
142
145
142
142
140
147
142
142
140
140
145
142
149
 78
140
145
145
 78
142
142
142
145
145
140
140
150
150
151
151
152
150
153
154
144
155
151
153
151
144
155
156
150
152
156
154
155
154
154
151
155
157
156
151
155
156
150
157
155
156
154
154
155
155
158
150
156
153
154
158
156
151
154
151
150
158
151
150
150
144
155
151
154
159
158
158
155
150
160
154
151
155
161
155
156
158
154
150
153
150
155
153
157
162
151
151
157
150
150
159
151
146
154
158
155
150
155
157
152
150
150
155
147
159
158
151
156
152
157
155
151
 77
163
105
164
165
166
105
 77
167
 77
166
105
105
105
168
164
105
167
105
105
164
105
 77
105
164
166
164
167
105
105
105
166
169
164
170
164
164
 77
164
105
170
105
 77
164
169
 69
164
 77
153
164
171
164
164
105
164
170
172
173
105
105
166
 77
174
105
105
172
164
105
 77
167
105
164
172
164
 77
 57
164
164
175
105
176
167
177
105
105
105
164
172
178
166
177
105
167
 69
166
164
172
 75
164
170
179
105
167
164
164
105
105
164
 77
172
180
 39
166
167
181
 70
166
166
105
167
 77
105
105
105
166
167
105
169
105
 41
164
164
166
155
164
105
105
164
173
164
174
105
105
172
105
164
164
 77
105
170
105
169
164
105
172
164
105
172
182
182
183
184
185
186
187
182
182
182
182
183
182
188
185
189
185
185
182
186
183
182
190
182
186
183
182
191
185
182
188
182
182
182
190
183
182
182
182
183
192
183
183
182
183
184
183
183
182
182
186
182
182
182
183
187
193
182
192
194
182
184
183
182
184
192
186
193
183
183
195
193
183
183
194
184
188
182
182
196
194
183
182
183
183
197
182
186
183
198
182
183
197
182
182
183
182
182
184
193
199
193
182
199
141
199
141
199
199
177
141
200
141
141
199
199
199
201
199
143
200
141
199
200
143
141
199
199
199
199
141
199
199
143
199
141
141
199
199
199
202
199
203
204
205
206
207
208
209
208
206
206
210
211
212
209
213
209
207
214
208
206
209
206
215
216
216
217
216
213
206
203
206
218
206
208
216
206
210
219
206
216
212
206
220
215
206
 78
221
 78
 78
222
147
147
 78
147
221
147
147
147
147
147
145
 78
221
 78
149
147
147
221
 78
221
147
 78
147
147
 78
147
 78
147
 78
 78
221
221
 79
147
221
222
147
221
147
147
221
 78
147
147
 40
 78
 78
147
147
147
222
221
221
 78
147
147
 78
 78
221
223
223
224
225
223
225
226
 77
227
224
225
224
225
228
225
223
229
223
228
225
229
223
223
224
223
224
223
228
224
225
225
223
225
230
225
223
223
223
231
223
223
223
232
232
232
232
232
233
234
235
232
232
232
236
232
236
232
232
232
232
237
237
233
232
238
238
237
237
234
239
240
234
232
241
232
236
237
232
232
234
232
232
232
232
232
232
236
232
232
232
237
232
232
232
232
232
232
232
236
236
232
232
232
232
235
232
232
232
232
237
236
232
232
232
232
237
240
242
243
244
244
243
245
244
245
243
244
244
244
246
244
245
245
245
244
244
244
244
244
244
245
243
243
247
248
243
243
245
244
243
243
246
243
244
244
243
245
243
249
244
243
244
246
245
243
245
244
247
243
246
245
244
247
244
245
245
244
250
243
245
246
244
243
244
245
244
243
245
245
245
250
245
243
244
248
245
243
245
245
245
245
246
245
244
245
244
243
245
245
245
245
245
248
245
251
252
252
253
251
254
254
252
252
252
255
113
252
256
252
252
252
252
257
252
256
258
259
252
252
256
252
260
252
252
252
252
252
252
252
258
252
256
252
252
252
254
113
252
253
252
252
252
252
252
256
252
252
253
256
251
252
258
252
252
254
252
258
252
252
252
252
256
252
256
251
252
258
252
252
252
258
252
251
113
191
252
254
108
254
252
252
251
261
252
224
230
224
224
230
224
230
230
224
230
229
230
184
262
262
190
263
196
185
262
190
189
184
190
189
191
263
191
190
263
196
190
182
185
182
191
189
191
196
194
185
191
191
191
185
197
264
194
184
189
197
197
194
263
263
190
189
196
191
182
189
184
196
185
265
194
190
185
191
266
191
196
267
185
189
191
196
263
189
184
196
185
191
184
197
187
191
262
185
189
191
185
190
191
191
268
268
269
133
265
269
268
135
268
268
268
270
271
268
133
133
272
268
265
270
268
273
269
268
271
265
133
268
269
268
269
128
265
265
268
272
268
269
269
270
269
265
128
133
269
265
133
265
271
265
269
269
268
265
270
268
133
273
265
270
111
274
275
276
274
274
274
123
110
123
110
276
274
274
274
274
274
110
277
274
275
275
110
274
275
260
123
275
110
277
274
274
123
274
278
279
280
 81
281
282
181
105
278
278
 81
283
 40
284
 66
179
 80
267
285
280
 80
280
286
282
287
267
267
181
 66
279
 77
267
 80
267
280
282
285
288
286
179
282
289
289
290
280
267
 80
280
264
286
181
179
278
179
278
267
282
279
289
287
282
291
 80
292
 80
289
280
282
291
278
282
282
181
279
293
267
139
278
286
267
287
 72
280
267
 80
267
292
 72
282
285
282
286
278
179
267
267
267
280
282
294
282
267
282
285
267
282
283
279
279
267
267
 38
267
282
 81
292
 80
 38
282
139
267
284
291
 94
283
286
278
284
288
294
 80
282
267
 81
291
267
282
280
293
179
267
 80
280
294
267
285
279
283
282
267
139
286
280
286
286
179
179
 56
 80
286
286
288
287
 80
283
267
181
267
 80
179
267
 80
267
279
 66
280
