-2.840235 58.559305
-2.193977 54.183975
-2.292455 54.695504
-3.168379 55.213707
-2.622957 58.959421
-3.532961 56.543802
-1.928605 57.482807
-1.918489 51.494676
-0.080045 53.898682
-6.759563 58.381696
-3.379824 50.409391
-5.382836 56.853721
-4.021268 52.647177
-5.703675 51.931304
-2.099661 57.422521
-4.269249 50.762985
-3.242165 55.452838
-5.628599 54.741219
-1.901886 52.374169
-5.912325 50.718536
-7.035229 57.490364
-6.295038 57.772161
-5.379044 51.810157
-4.675703 52.352361
-3.694453 51.931177
-6.037621 50.239314
-4.506269 51.721120
-2.813957 58.380373
-3.129780 57.938242
-2.899735 53.023878
-1.958986 57.492059
-2.522516 57.478545
 0.663756 52.864438
-5.473577 51.230970
-1.043355 55.066118
-3.416010 51.811781
 0.476375 52.545276
 0.314040 52.042157
-5.490122 50.749959
-3.861098 52.992118
-5.026840 54.363835
-3.580709 58.116452
-3.929092 53.715621
-4.736495 52.050252
-4.374285 57.993060
-2.298796 58.374363
-4.726437 50.596501
-2.437961 55.149133
-2.349993 53.212936
-1.204218 50.617668
-4.615211 54.173628
 0.445910 51.318107
-5.684124 55.991269
-5.494414 51.678360
-2.211089 54.357232
-3.634224 58.889680
-6.414289 54.833522
-2.438471 53.280627
-1.734710 51.769564
-7.102029 56.876385
-7.625582 56.355158
-3.292181 52.210103
-1.142268 54.926688
-0.079105 52.966205
-0.801513 54.045922
-3.472978 50.048839
-7.063050 57.270349
-1.887464 54.116329
-6.348499 54.776117
-3.442221 51.065599
-4.577491 52.019246
-5.523959 56.494647
-5.892821 57.074514
-1.721473 51.748885
-1.472879 50.605460
-0.621745 54.168351
-7.087004 56.604172
 0.042914 54.175234
-3.600418 52.096297
 0.698702 52.353544
-5.215148 57.477984
-7.470070 55.140030
 0.951822 52.278449
-5.885977 50.700805
-4.737616 58.583349
-4.442633 57.558139
-7.355749 55.060832
 0.365981 53.868404
-6.665028 57.597066
