 0.639905
-0.161360
 1.777941
 0.912745
-0.467704
 1.918000
-0.869542
-1.593280
 0.804485
 1.255074
 1.593379
-1.590299
-0.589634
 1.913538
 0.485533
 0.457664
-1.639844
-0.744591
 0.653406
-0.459589
-1.992865
-1.136981
-1.496761
-1.966224
-0.724393
 1.114306
-1.925272
-1.425136
-0.441669
-1.914800
 0.568939
-1.091479
 1.240598
 0.163677
 0.875324
 1.809757
-1.272000
-0.371278
-1.531541
 0.678029
 1.996907
 0.916982
-1.961761
 1.037682
-0.151156
-1.472178
 0.800549
 0.291505
 1.051884
 1.103320
-0.758780
 1.974301
-0.283541
 1.286444
-1.635714
-1.934802
-1.174929
 0.873193
 1.267504
 1.125509
 0.997759
-1.533822
 0.743917
 1.133271
 1.064027
-1.036772
-0.198928
 0.071227
 1.112445
-1.979303
 1.621466
-0.658954
-0.272478
 1.193279
 1.665013
 0.028762
-0.865787
-0.260829
-0.430808
 0.372919
-0.861698
 1.361916
 0.394567
-1.219143
-0.374789
-0.791345
 0.769680
-0.783865
-1.588165
