    -13.966542 8920011.626123
    -14.944699 8919993.990950
    -18.471574 8920012.604167
     -7.052680 8920012.981768
     -4.621239 8919989.833938
    -15.181846 8920006.932055
    -13.458817 8919987.244187
    -16.003460 8919996.034727
    -18.577204 8920007.666538
    -14.916897 8920002.406141
    -14.283935 8920004.813022
    -19.696548 8919995.394695
    -15.380243 8920003.682860
     -9.364189 8920006.065175
    -13.730534 8920000.324560
    -13.941714 8919994.642992
     -9.421427 8919994.927690
    -11.602240 8920012.061507
    -20.682824 8919997.334740
    -16.301941 8920011.041804
    -14.305421 8920006.698599
    -16.611958 8920004.377677
    -10.597131 8920004.116300
     -6.130077 8919991.295208
     -6.218471 8919994.702862
     -9.949767 8920002.006476
    -11.105627 8919991.504087
    -11.721421 8919990.773962
    -15.400644 8919993.723296
    -14.104712 8919992.602303
    -10.195716 8920015.933183
     -7.870870 8919994.503090
    -24.573574 8920008.116337
     -8.973813 8920002.088131
     -6.264768 8919990.438815
    -10.626204 8919996.704993
    -12.672307 8920003.019691
     -8.275159 8919997.713764
     -8.159034 8920019.556864
    -11.175784 8920004.950003
     -9.533505 8920008.748193
    -16.938182 8919999.177540
    -13.410684 8920003.114466
    -17.892464 8920017.527412
    -22.804832 8920014.004424
    -24.507521 8920006.209850
    -21.443072 8920028.825379
    -17.391345 8920020.300701
    -21.742599 8920028.784595
    -19.066633 8920014.595025
    -22.592306 8920028.684204
    -23.971878 8920027.631795
    -24.391753 8920012.500870
    -17.405479 8920003.253158
    -10.418235 8919990.304499
     -9.838247 8919990.453703
     -8.356093 8919994.318877
     -7.454959 8919995.684146
     -5.422956 8919990.485868
    -15.236405 8919977.105683
    -22.167554 8919986.509696
    -27.313130 8920012.826154
    -39.287227 8920011.745637
    -31.134499 8919984.310026
    -30.337842 8920006.725578
    -20.866228 8920012.013369
    -20.297295 8919992.140155
    -24.710546 8920009.101771
    -19.309670 8919987.673194
    -19.926728 8919992.164866
    -17.346347 8920022.393336
    -24.830642 8920031.467586
    -17.340299 8920023.166503
    -18.968122 8920007.935422
    -25.655239 8920015.209069
    -26.271519 8920010.173671
    -23.370022 8920008.651354
    -22.190508 8920015.311003
    -20.955885 8920007.883072
    -30.775368 8920003.880281
    -19.103743 8920000.796268
    -20.363443 8920007.910939
    -24.253082 8920009.622873
    -18.748942 8920012.976871
    -19.413841 8920018.646907
    -19.409624 8920023.291846
    -22.385769 8920014.882594
    -29.653133 8920004.728014
    -32.110339 8920024.203977
    -23.801180 8920021.436354
    -24.461901 8920003.223903
    -11.546233 8920016.661501
    -21.622242 8920014.780441
    -27.911421 8920011.298064
    -22.486028 8920002.786622
    -12.527955 8920004.641660
    -33.113654 8920016.182072
    -20.380449 8920012.392831
    -35.656022 8920016.777497
    -20.438902 8920019.705116
    -22.831165 8920016.204069
    -25.208021 8920012.584775
    -35.400880 8920032.369099
    -22.087522 8920030.597125
    -29.655413 8920030.897579
    -20.639545 8920032.146964
    -16.471075 8920033.674001
    -23.300366 8920021.825455
    -24.552788 8920022.280248
    -15.398951 8920020.724092
    -20.555397 8920021.366331
    -19.546186 8920016.833651
    -18.202322 8920013.329911
    -35.733744 8920005.465030
    -25.861489 8920013.157782
    -32.057415 8920005.598214
    -24.416313 8920006.389867
    -24.956198 8920011.212391
    -28.814790 8919998.120715
    -22.632494 8919991.410261
    -20.494120 8920008.099726
    -20.472117 8919974.819108
    -25.348864 8919981.948801
    -22.783125 8919995.347686
    -22.931056 8919988.685122
    -30.016625 8920024.362781
    -29.488852 8920001.303495
    -27.834563 8920011.393494
    -31.416027 8920002.300064
    -23.673911 8920001.323723
    -26.337753 8919974.211128
    -28.687028 8920001.578555
    -26.728518 8920008.666691
    -47.015045 8920025.757936
    -37.905644 8920016.418503
    -28.108168 8920031.914980
    -26.115242 8920026.889272
    -22.337040 8920019.388647
    -19.979253 8920013.248765
    -17.887477 8920001.024846
    -28.177567 8920016.496322
    -30.856289 8920020.975856
    -29.009686 8920014.839258
    -26.539228 8920024.653733
    -29.255455 8920015.585059
    -22.859544 8920023.265176
    -32.256972 8920013.068988
    -24.399479 8920028.412983
    -35.153427 8920030.233115
    -45.920913 8920045.017876
