0.000000 0.128215
0.000000 0.176044
0.000000 0.119806
0.000000 0.158716
0.000000 0.155503
0.000000 0.144809
0.000000 0.431863
0.000000 0.260387
0.000000 0.914260
0.000000 0.248544
0.000000 0.598840
0.000000 0.318820
0.000000 0.296860
0.000000 0.077414
0.000000 0.169598
0.000000 0.191683
0.000000 0.258302
0.000000 0.131195
0.000000 0.223731
0.000000 0.138027
0.000000 0.084324
0.000000 0.584654
0.000000 0.169027
0.000000 0.146767
0.000000 0.297252
0.000000 0.213079
0.000000 0.186794
0.000000 0.057273
0.000000 0.298286
0.000000 0.355206
0.000000 0.097764
0.000000 0.164448
0.000000 0.605064
0.000000 0.182114
0.000000 0.572382
0.000000 0.385471
0.000000 1.025050
0.000000 0.481574
0.000000 0.179296
0.000000 0.241067
0.000000 0.300018
0.000000 0.441597
0.000000 0.128489
0.000000 0.331223
0.000000 1.902527
0.000000 0.766946
0.000000 0.174342
0.000000 0.234048
0.000000 0.100215
0.000000 0.307043
0.000000 0.319643
0.000000 0.235307
0.000000 0.174501
0.000000 0.416229
0.000000 0.189149
0.000000 0.980514
0.000000 0.244461
0.000000 0.132423
0.000000 0.267862
0.000000 0.314908
0.000000 0.695540
0.000000 2.089229
0.000000 3.495760
0.000000 0.123819
0.000000 1.734360
0.000000 1.189469
0.000000 0.182661
0.000000 0.528310
0.000000 0.412011
0.000000 0.406739
0.000000 0.188615
0.000000 0.138070
0.000000 0.538121
0.000000 0.388601
0.000000 2.710854
0.000000 0.618942
0.000000 0.194928
0.000000 0.222032
0.000000 0.168637
0.000000 0.496756
0.000000 0.303481
0.000000 0.355327
0.000000 1.224448
0.000000 0.593667
0.000000 0.757876
0.000000 0.328224
0.000000 0.630632
0.000000 0.109828
0.000000 1.824030
0.000000 0.157130
0.000000 0.586157
0.000000 0.209544
0.000000 0.227508
0.000000 0.624446
0.000000 0.610334
0.000000 0.179638
0.000000 1.109466
0.000000 0.309518
0.000000 1.175144
0.000000 0.523693
0.000000 0.565644
0.000000 0.116262
0.000000 0.308427
0.000000 0.231336
0.000000 1.608384
0.000000 0.116964
0.000000 0.230202
0.000000 0.152856
0.000000 0.405907
0.000000 0.220372
0.000000 0.656927
0.000000 0.210635
0.000000 0.370710
0.000000 0.258455
0.000000 0.220625
0.000000 1.661058
0.000000 0.254573
0.000000 0.317526
0.000000 1.341729
0.000000 0.591593
0.000000 0.231678
0.000000 0.559513
0.000000 0.831949
0.000000 0.501810
0.000000 0.139787
0.000000 0.220144
0.000000 0.350910
0.000000 0.355008
0.000000 0.271119
0.000000 0.094479
0.000000 0.256995
0.000000 0.596116
0.000000 0.096560
0.000000 1.017646
0.000000 2.574085
0.000000 0.612273
0.000000 0.480404
0.000000 0.428819
0.000000 0.386747
0.000000 0.458114
0.000000 0.169408
0.000000 0.213517
0.000000 0.162802
0.000000 0.127915
0.000000 0.346568
0.000000 0.088648
0.000000 0.338416
0.000000 0.392540
0.000000 0.336723
0.000000 0.191866
