2.136122 1.235937
2.123206 0.943189
2.163899 1.170482
2.121986 1.372369
2.106210 1.416386
2.093794 1.146770
2.101202 0.985699
2.111045 1.848602
2.130655 1.294640
2.089900 1.381050
2.102629 1.046779
2.108262 1.853895
2.137340 0.895148
2.157703 0.924317
2.128900 1.190707
2.135863 1.469504
2.157840 1.069541
2.155710 1.392861
2.153598 1.661048
2.193960 1.475209
2.165891 1.676058
2.184793 0.957204
2.182898 1.405580
2.121721 1.278683
2.147664 1.715994
2.124570 1.198052
2.097227 1.231010
2.104255 1.454814
2.151417 1.468404
2.178422 1.531413
2.183168 1.661104
2.114841 1.144052
2.132715 1.307299
2.159482 1.384387
2.132971 1.225717
2.130564 0.685598
2.142733 1.058778
2.136324 1.047225
2.154247 1.159168
2.176740 1.541145
2.143103 1.144579
2.089942 0.979615
2.108610 1.396596
2.146345 1.255322
2.166502 1.492497
2.169755 1.367333
2.147400 1.009834
2.185644 1.222681
2.177990 1.389610
2.158106 1.421197
2.146843 1.367472
2.154130 1.159663
2.172568 1.747449
2.165271 1.141015
2.167309 1.200925
2.116195 1.267786
2.117545 1.202096
2.116298 1.377659
2.082641 2.027733
2.102950 1.550967
2.087168 1.252024
2.109548 1.554820
2.090886 1.292088
2.102958 0.725947
2.114839 1.449969
2.117308 1.315856
2.136477 1.841361
2.086491 1.372396
2.117815 1.305391
2.110668 1.532415
2.113934 1.149344
2.125288 1.329795
2.093659 1.372258
2.105137 1.306209
2.105438 1.716681
2.115133 1.318340
2.090951 1.921857
2.109432 1.056997
2.146672 1.266655
2.098036 1.150375
2.078867 1.551293
2.107227 1.179890
2.133667 1.131770
2.151945 0.991428
2.138891 1.273914
2.050775 1.392063
2.023920 1.646553
2.035471 1.378653
2.109153 1.090857
2.132435 0.960515
2.080339 1.428989
2.043237 1.156871
2.108033 1.366524
2.081842 1.416762
2.080485 1.545872
2.078676 1.387360
2.050427 1.305178
2.069760 0.992870
2.040075 1.378221
2.046559 1.655918
2.063103 1.242621
2.075231 1.136394
2.043136 1.739982
1.979777 1.566497
2.011310 1.450518
2.037438 1.502310
2.055738 1.273710
2.054126 1.471610
2.047536 2.297738
2.032959 1.220534
2.017498 1.128171
2.045793 1.069015
2.060565 1.378410
2.029548 1.564523
2.054536 1.080201
2.033853 1.465262
2.086144 1.232095
2.109227 1.587757
2.086220 1.147628
2.069537 1.020891
2.094223 1.674254
2.061618 1.819183
2.096275 1.280193
2.079294 1.544223
2.141685 1.067037
2.148998 1.304263
2.165483 1.657292
2.200710 1.193174
2.164176 1.498317
2.118895 1.035209
2.135369 1.220120
2.117113 1.011832
2.097731 0.994567
2.154706 0.678449
2.141162 1.435600
2.137716 1.452718
2.118916 1.370041
2.134056 1.200402
2.110621 1.128550
2.133785 1.137593
2.137032 1.273297
2.147245 1.655128
2.162796 1.067793
2.121837 1.245226
2.082602 2.250817
2.124866 1.369114
2.091937 1.363042
2.075655 1.168806
2.039955 1.298113
2.051314 1.478477
