1.012887 1.003944 1.014026 1.016217 
1.012911 1.003944 1.014026 1.016217 
1.012911 1.005592 1.013554 1.016217 
1.012911 1.004511 1.013554 1.016160 
1.012911 1.004107 1.013554 1.016160 
1.012911 1.005689 1.013554 1.016160 
1.011727 1.007636 1.013554 1.016160 
1.012169 1.007569 1.013554 1.016160 
1.013363 1.005107 1.013760 1.016160 
1.013363 1.004847 1.013760 1.016160 
1.013363 1.002341 1.013760 1.016160 
1.012973 1.004370 1.013760 1.016160 1.015969 
1.012545 1.004370 1.013760 1.016160 1.015969 
1.012891 1.002152 1.014422 1.016160 1.017082 
1.012891 1.004823 1.014422 1.016160 
1.012891 1.003595 1.014422 1.016160 
1.012891 1.004745 1.013430 1.016160 
1.012891 1.004745 1.013430 1.016160 1.097884 
1.012891 1.006152 1.013430 1.016160 
1.012259 1.004792 1.013037 1.016160 
1.014495 1.004792 1.012875 1.016160 
1.014495 1.004792 1.012875 1.016160 
1.014495 1.003216 1.013459 1.016160 
1.012394 1.002235 1.013459 1.016160 1.014488 
1.012394 1.002235 1.013459 1.016160 
1.012394 1.005246 1.013459 1.016160 
1.012639 1.006526 1.013459 1.016160 
1.012639 1.005077 1.013459 1.016160 
1.012639 1.005077 1.013459 1.016160 
1.012317 1.005077 1.012949 1.016160 
1.011878 1.005077 1.012949 1.016160 
1.012957 1.004149 1.012713 1.016160 
1.012957 1.004149 1.013801 1.016356 
1.012957 1.004149 1.013801 1.016356 
1.012480 1.004983 1.013801 1.016356 
1.012480 1.002306 1.012784 1.016356 
1.012480 1.002306 1.012555 1.016356 
1.013271 1.003002 1.012555 1.016356 
1.013271 1.004985 1.012175 1.016356 
1.012266 1.004825 1.012175 1.016128 
1.012266 1.004825 1.012175 1.016128 
1.012266 1.004825 1.013624 1.016128 
1.012266 1.004091 1.013624 1.016117 
1.011819 1.005703 1.013624 1.016117 
1.013991 1.005703 1.013995 1.016117 
1.011537 1.005703 1.014185 1.016117 
1.011537 1.003349 1.014220 1.016117 
1.011300 1.004661 1.014220 1.016421 1.069555 
1.011300 1.004661 1.014220 1.016421 
1.012525 1.003747 1.014220 1.016421 
1.012525 1.003897 1.014220 1.016421 
1.012923 1.003897 1.014732 1.016421 
1.012923 1.004068 1.014732 1.016421 
1.012923 1.004599 1.014732 1.016421 
1.013525 1.006232 1.014732 1.016421 0.998629 
1.013525 1.003959 1.014732 1.016421 
1.013525 1.004471 1.014732 1.016421 
1.013525 1.004471 1.014660 1.016421 
1.012867 1.004540 1.014660 1.016421 
1.013125 1.004540 1.014489 1.016421 
1.013125 1.005452 1.014489 1.016421 
1.013217 1.005734 1.016421 
1.013601 1.005734 1.016421 
1.014403 1.005734 1.016421 
1.014603 1.006136 1.016421 
1.012923 1.005525 1.016421 
1.012923 1.005525 1.016195 
1.012923 1.003491 1.016195 
1.012923 1.004922 1.016195 
1.013265 1.004005 1.016195 
1.013265 1.004820 1.016195 
1.013265 1.004820 1.016195 1.014060 
1.013265 1.004820 1.016195 1.014304 
1.013265 1.004591 1.016195 1.013483 
1.012796 1.004591 1.016195 1.013483 
1.012796 1.004591 1.016195 1.013483 
1.013018 1.003805 1.016195 1.013483 
1.013018 1.004337 1.016195 1.013483 
1.013018 1.005289 1.016195 1.013483 
1.013018 1.005289 1.016195 1.013483 
1.013087 1.005289 1.016195 1.013483 
1.013087 1.005289 1.016195 1.013483 
1.012554 1.005589 1.016195 1.013483 
1.012554 1.006109 1.016195 1.013483 
1.013597 1.006109 1.016195 1.013473 
1.013597 1.006109 1.016195 1.013473 1.016438 
1.013437 1.006109 1.016195 1.013473 
1.013437 1.003656 1.016195 1.012808 
1.013566 1.005471 1.016195 1.012792 
1.013566 1.003758 1.016195 1.013352 
1.014210 1.005033 1.016195 1.013352 
1.013046 1.005249 1.016195 1.012608 
1.013046 1.007559 1.016335 1.012608 1.017079 
1.013046 1.003665 1.016335 1.013143 
1.012877 1.005315 1.016335 1.013143 
1.012877 1.005315 1.016335 1.014214 
1.012877 1.002360 1.016335 1.014214 
1.012877 1.003348 1.016940 1.014214 
1.013989 1.005038 1.016940 1.014058 
1.013989 1.005038 1.016940 1.014185 
1.013989 1.005038 1.016940 1.014185 
1.013989 1.005038 1.016940 1.012181 
1.013989 1.005157 1.016940 1.013250 
1.013989 1.005157 1.016940 1.013250 
1.013989 1.005733 1.016940 1.013250 
1.013989 1.004887 1.016940 1.013250 
1.013989 1.004887 1.016940 1.013250 
1.013741 1.006920 1.016940 1.013250 
1.013741 1.002971 1.016940 1.011604 
1.012149 1.002971 1.016940 1.011604 
1.012149 1.005064 1.016940 1.011604 
1.014947 1.005886 1.016940 1.014451 
1.014963 1.005886 1.016940 1.014480 0.918887 
1.014963 1.005886 1.016940 1.015034 
1.014963 1.005886 1.016940 
1.013657 1.005886 1.016940 
1.014237 1.005886 1.017242 
1.013546 1.004394 1.017144 
1.013395 1.007927 1.017144 
1.014780 1.007927 1.017144 
1.015628 1.007927 1.017144 
1.015628 1.004207 1.017144 
1.015628 1.007623 1.017144 
1.015628 1.004712 1.017147 1.015515 
1.015628 1.004712 1.017147 1.015515 
1.014652 1.006607 1.017147 1.015515 
1.013689 1.006607 1.017147 1.015515 
1.013689 1.006664 1.017147 1.015515 
1.013933 1.006664 1.017147 
1.013933 1.007012 1.017147 
1.015085 1.003654 1.017147 
1.013585 1.004264 1.017147 1.016156 
1.013585 1.004264 1.017147 1.014923 
1.013554 1.006724 1.017147 1.015236 
1.013554 1.006724 1.016889 1.013693 
1.013554 1.006724 1.016889 1.013693 
1.013868 1.006579 1.016889 1.013659 
1.013428 1.003379 1.016889 1.013659 
1.013428 1.006368 1.016889 1.013659 1.017463 
1.014692 1.006368 1.016889 1.013659 1.017463 
1.014692 1.003963 1.016974 1.013659 1.017463 
1.015589 1.003963 1.016974 1.013659 1.017463 
1.015589 1.005862 1.016974 1.013659 1.017463 
1.012820 1.005862 1.016974 1.013659 1.017463 
1.013297 1.007780 1.016974 1.013659 
1.013297 1.007780 1.016974 1.013659 
1.013297 1.005244 1.017010 1.013659 
1.013297 1.004578 1.017010 1.014281 
1.013297 1.005382 1.017010 1.014281 
1.013297 1.004703 1.017010 1.014281 
