-2.713708 -2.355011 -4.848090 -3.639679 
-2.740938 -2.587554 -5.335902 -2.177756 
-2.925949 -2.701210 -5.720722 -2.237606 
-2.538900 -2.599622 -6.128589 -1.897128 
-2.589051 -2.555038 -5.430979 -2.265786 
-2.701912 -2.555038 -5.612566 -2.353598 
-2.716445 -2.538506 -4.865806 -2.494212 
-2.716445 -2.518707 -5.354786 -2.329311 
-2.641901 -2.518707 -5.036218 -2.313138 
-2.641901 -2.622734 -5.469010 -2.210672 
-2.721014 -2.630881 -5.211112 -3.238166 
-2.873969 -2.630881 -5.240948 -2.596478 -3.220627 
-2.873969 -2.630881 -4.676537 -3.839652 -1.089800 
-2.882544 -2.630881 -6.297410 -1.856063 -0.434344 
-2.882544 -2.671954 -5.491331 -2.245235 
-2.596494 -2.671954 -4.865281 -3.616683 
-3.113011 -2.671954 -4.865281 -3.616683 
-3.129049 -2.671954 -4.717559 -3.562926 -2.696391 
-3.010273 -2.528231 -4.491241 -3.916348 
-3.010273 -2.475444 -4.491241 -3.916348 
-2.618348 -2.475444 -4.491241 -3.916348 
-2.587590 -2.475444 -4.491241 -3.910028 
-3.142309 -2.475444 -4.491241 -3.910028 
-3.082353 -3.282138 -4.491241 -4.064521 -3.457172 
-3.082353 -3.195985 -4.491241 -4.014799 
-3.082353 -3.111755 -4.237417 -4.014799 
-3.155551 -3.111755 -4.343374 -4.014799 
-2.712657 -2.576406 -4.674264 -3.752246 
-3.027786 -2.914070 -5.046977 -3.271081 
-2.810799 -2.914070 -5.046977 -3.237983 
-2.834279 -2.676801 -5.879605 -2.601884 
-2.834279 -2.676801 -5.879605 -2.600400 
-2.457106 -2.461414 -5.879605 -2.688998 
-2.457106 -2.461414 -6.059017 -2.179568 
-2.457106 -2.461414 -4.735328 -2.656094 
-2.457106 -2.461414 -7.470772 -0.677594 
-2.457106 -2.461414 -7.013268 -0.823559 
-2.682577 -2.912026 -7.013268 -0.823559 
-2.514474 -2.623524 -7.013268 -0.823559 
-2.564197 -2.623524 -7.013268 -0.823559 
-2.564197 -2.613561 -7.013268 -0.823559 
-2.937846 -2.613561 -7.898672 -0.086321 
-2.737894 -2.870219 -8.369374 0.097626 
-2.852009 -2.870219 -8.035244 0.252803 
-2.734251 -2.575883 -7.820297 0.115063 
-2.595920 -2.575883 -8.205286 0.367821 
-2.595920 -2.564809 -7.257248 -0.275322 
-2.595920 -2.564809 -7.748384 0.410786 -8.430830 
-2.595920 -2.564809 -6.774814 -1.369265 
-2.739386 -2.725466 -6.888330 -1.044884 
-2.597373 -2.562005 -7.188079 -0.912452 
-2.463689 -2.562005 -5.843324 -0.993803 
-2.463689 -2.562005 -6.441972 -1.198499 
-2.888030 -2.462679 -5.389845 -0.174131 
-2.888030 -2.894334 -5.192902 -1.011373 -4.575488 
-2.888030 -2.854056 -7.298256 0.262662 
-2.888030 -2.881434 -8.124864 -0.021818 
-2.888030 -2.881434 -7.647550 -0.070128 
-2.463137 -2.634265 -5.547372 -0.336719 
-2.463137 -2.528571 -5.572038 0.676498 
-2.463137 -2.493715 -6.900443 0.278174 
-3.434426 -2.481086 -0.334198 
-3.434426 -2.481086 -0.022944 
-2.834357 -2.438280 -0.982856 
-2.769540 -2.438280 -0.731915 
-2.513732 -2.518608 0.037425 
-2.513732 -2.518608 -0.030122 
-2.513732 -2.518608 -0.396128 
-2.513732 -2.518608 -0.234971 
-2.488355 -2.518608 -0.678757 
-2.488355 -2.501667 -0.964047 
-2.488355 -2.501667 -0.253936 -6.027203 
-2.488355 -2.501667 0.043108 -8.011654 
-2.488355 -2.501667 0.183487 -8.244029 
-2.488355 -2.501667 -0.257727 -7.916899 
-2.488355 -2.501667 0.143445 -7.916899 
-2.488355 -2.501667 -0.650766 -6.721146 
-2.488355 -2.501667 -0.672159 -6.587095 
-2.921285 -2.545900 -0.506176 -7.254883 
-2.921285 -2.637412 -0.612687 -7.376022 
-3.094031 -2.611304 -0.879414 -7.312710 
-3.094031 -2.611304 -0.369821 -7.454187 
-3.017243 -2.452232 -0.075298 -7.495292 
-2.502984 -2.584942 -0.267175 -7.399185 
-2.887876 -2.646344 -0.509596 -7.628200 
-2.592720 -2.587209 -0.604346 -7.448666 0.650436 
-2.601037 -2.444517 -0.604346 -6.392035 
-2.283945 -2.297676 -1.200560 -5.692040 
-2.283945 -2.181946 -1.200560 -5.692040 
-2.964753 -2.181946 -0.983882 -6.554975 
-2.933106 -2.181946 -1.532228 -6.554975 
-2.706376 -2.181946 -1.532228 -6.554975 
-2.706376 -2.181946 -1.518905 -6.764773 -7.435133 
-2.706376 -2.256110 -1.921571 -6.764773 
-2.298069 -2.256110 -1.823859 -6.764773 
-2.571890 -2.256110 -0.582169 -7.721689 
-2.571890 -2.256110 -0.446489 -7.721689 
-2.736585 -2.660696 -0.446489 -7.588360 
-2.736585 -2.660696 -0.446489 -7.593212 
-2.736585 -2.660696 -0.446489 -7.593212 
-2.736585 -2.660696 -0.446489 -7.800524 
-2.736585 -2.588882 -0.446489 -7.516697 
-2.576550 -2.588882 -0.446489 -7.516697 
-2.576550 -2.588882 -0.424887 -7.516697 
-2.576550 -2.588882 -0.609558 -7.516697 
-2.576550 -2.275648 -0.609558 -7.516697 
-2.576550 -2.275648 -0.482640 -7.516697 
-2.576550 -2.542064 -0.482640 -7.545049 
-2.820518 -2.542064 -0.482640 -7.545049 
-2.653490 -2.542064 -0.482640 -7.545049 
-2.387903 -2.324009 -0.482640 -7.578998 
-2.387903 -2.324009 -0.482640 -7.578998 
-2.278270 -2.265427 -0.408954 -7.783696 -8.296832 
-2.278270 -2.265427 0.641166 -6.032560 
-2.278270 -2.265427 -0.561299 
-2.278270 -2.360802 -0.303256 
-2.330644 -2.360802 0.233530 
-2.330644 -2.324329 0.184105 
-2.330644 -2.376827 0.359337 
-2.330644 -2.348032 -0.781406 
-3.080305 -2.348032 -1.624149 
-3.145560 -2.474916 -1.301712 
-2.871742 -2.565949 -0.736279 
-2.929067 -2.510707 -0.938376 -7.134735 
-2.811636 -2.773618 -1.080260 -5.776089 
-2.602149 -2.773618 -0.712432 -5.509618 
-2.572912 -2.773618 -1.463743 -6.927730 
-3.071474 -2.773618 0.313963 -4.831388 
-3.071474 -3.162972 -0.757238 
-3.071474 -2.945270 -0.689108 
-3.137183 -2.945270 -2.219530 
-3.060976 -2.945270 0.356503 -6.331315 
-3.074889 -2.945270 -0.050797 -7.979654 
-2.980579 -2.885065 -0.246290 -7.894361 
-2.980579 -2.885065 0.059886 -7.066468 
-2.932964 -2.885065 0.059886 -7.066468 
-3.107436 -2.962121 0.059886 -7.066468 
-2.674773 -2.763200 0.106423 -7.066468 
-2.674773 -2.751224 0.106423 -7.066468 0.489694 
-2.989768 -3.058537 0.106423 -7.440969 0.101192 
-2.989768 -3.058537 0.174391 -7.440969 0.523513 
-2.989768 -2.828959 0.232374 -7.440969 0.523513 
-2.701612 -2.828959 -0.373307 -7.193839 -0.176556 
-2.856339 -2.828959 -0.078796 -7.100170 0.057269 
-2.964617 -2.924407 0.171380 -8.270752 
-2.964617 -2.889433 0.258274 -7.985814 
-2.845535 -2.889433 -0.535779 -8.075625 
-2.845535 -2.799430 -0.211600 -8.075625 
-2.801350 -2.799430 -0.873409 -7.084694 
-2.788917 -2.856801 -0.951420 -6.954210 
