    0.324826 47492.326254
    0.324832 47528.185441
    0.324814 47567.577749
    0.324793 47483.679281
    0.324904 47548.120603
    0.324821 47546.634932
    0.324846 47560.880907
    0.324803 47492.176145
    0.324886 47647.124151
    0.324880 47467.773371
    0.324926 47462.452522
    0.324847 47469.723155
    0.324828 47548.673593
    0.324714 47452.422663
    0.324773 47560.446109
    0.324857 47511.905164
    0.324744 47581.889924
    0.324850 47550.823438
    0.324788 47492.382248
    0.324892 47486.510627
    0.324792 47472.350795
    0.324818 47458.950461
    0.324768 47499.521993
    0.324869 47590.055830
    0.324925 47559.681077
    0.324909 47523.711653
    0.324766 47598.392484
    0.324903 47550.047113
    0.324801 47516.360563
    0.324860 47511.775929
    0.324967 47501.255925
    0.324958 47565.039235
    0.324726 47449.348947
    0.324737 47543.338231
    0.324766 47639.165018
    0.324814 47417.604882
    0.324805 47555.152713
    0.324868 47507.455599
    0.324761 47548.452789
    0.324822 47405.508566
    0.324856 47464.864802
    0.324902 47495.396652
    0.324919 47506.668072
    0.324832 47512.487371
    0.324800 47639.728377
    0.324791 47675.882913
    0.324860 47540.272680
    0.324765 47540.025936
    0.324816 47536.073627
    0.324810 47535.087652
    0.324739 47483.255466
    0.324774 47465.232893
    0.324678 47556.069151
    0.324774 47585.926081
    0.324768 47527.831957
    0.324808 47426.959622
    0.324684 47468.084162
    0.324678 47506.134550
    0.324747 47482.432108
    0.324831 47422.422178
    0.324698 47581.565466
    0.324764 47553.970566
    0.324705 47506.777135
    0.324645 47478.690705
    0.324690 47572.829813
    0.324755 47606.067463
    0.324670 47580.650589
    0.324748 47500.119842
    0.324781 47569.322964
    0.324719 47486.190277
    0.324790 47501.760378
    0.324806 47561.190431
    0.324747 47550.472419
    0.324864 47393.175744
    0.324796 47560.582360
    0.324732 47522.143856
    0.324819 47433.939810
    0.324909 47550.903029
    0.324813 47520.155679
    0.324858 47515.165541
    0.324819 47608.442005
    0.324753 47505.387240
    0.324860 47502.244967
    0.324852 47624.681499
    0.324892 47499.806493
    0.324865 47531.266883
    0.324800 47484.278593
    0.324709 47541.687635
    0.324887 47465.150987
    0.324879 47481.651407
    0.324772 47539.852490
    0.324817 47508.072851
    0.324726 47586.419720
    0.324778 47495.238041
    0.324768 47572.982750
    0.324786 47581.341415
    0.324825 47603.527503
    0.324578 47461.675528
    0.324485 47536.193170
    0.324543 47489.783032
    0.324610 47556.962266
    0.324469 47613.059348
    0.324585 47468.584774
    0.324661 47531.870163
    0.324568 47523.967630
    0.324556 47500.999896
    0.324615 47539.486169
    0.324513 47535.820856
    0.324673 47488.590423
    0.324747 47460.366349
    0.324717 47601.231962
    0.324564 47540.535066
    0.324571 47470.316694
    0.324639 47534.117808
    0.324511 47524.393659
    0.324577 47458.181604
    0.324462 47552.557056
    0.324536 47482.155366
    0.324441 47537.353341
    0.324330 47451.548227
    0.324416 47519.779926
    0.324398 47517.635217
    0.324491 47611.038253
    0.324516 47503.776616
    0.324499 47464.861259
    0.324449 47501.874765
    0.324483 47524.896303
    0.324518 47634.726603
    0.324475 47505.730755
    0.324549 47518.715759
    0.324484 47492.707836
    0.324512 47510.237722
    0.324474 47521.575655
    0.324461 47492.815294
    0.324637 47505.406503
    0.324638 47569.440098
    0.324641 47546.290290
    0.324586 47546.037586
    0.324513 47449.996822
    0.324456 47563.239538
    0.324514 47469.935725
    0.324480 47596.602211
    0.324437 47521.866833
    0.324566 47520.027272
    0.324597 47451.790771
    0.324611 47554.435194
    0.324579 47515.708305
    0.324632 47572.919048
    0.324558 47546.612819
    0.324609 47465.131650
