-2.885480 -7.594541 -6.439024 -3.236992 -4.991947 -5.006135 -6.355963 -6.026694 -4.709376 -1.048537 -2.907226 -0.107364 -5.923473 -5.379068 -5.682649 -4.045431 -1.233934 -3.182200 -6.260636 -0.352860 -2.449483 -3.810384 -2.649841 -2.818815 -6.349722 -1.737667 -3.677014 -4.391573 0.053335 0.834351 -4.878461 -2.074199 -7.425147 -3.219873 -4.322009 -3.877081 -3.969344 -3.234795 -5.940391 -5.546808 -4.634806 -2.957372 -2.141932 -4.054534 0.485687 -3.129982 -4.310878 -5.508919 -1.529428 -5.118093 0.820240 -2.457698 -1.186277 -1.320867 0.416175 -1.129331 -6.645308 -8.332690 -7.368264 -2.937100 -3.432055 
-2.950843 -2.047079 -0.714182 -3.236992 -1.403278 -5.436695 -6.246028 1.174218 -4.634760 -2.937577 -2.883470 0.142929 -7.119797 -5.673927 -4.978050 -4.045431 -0.286048 -3.131979 -5.461349 -5.206591 -5.810424 -3.700096 -2.680696 -2.818815 -3.894546 -4.802792 -3.585132 -4.419025 0.909721 -1.909136 -4.913555 -2.119440 -1.639564 -3.042006 -4.642092 -3.651781 -3.969344 -3.234795 -6.854205 -4.450065 -4.691580 -2.957372 -2.222688 -0.111788 1.803430 -2.978310 -0.085009 -5.533765 -1.494696 -4.949585 -2.544392 -5.664923 -3.146353 -6.387351 -6.781396 -7.659227 -5.108564 -8.051624 -7.743829 -7.861598 -2.819778 -4.775551 
-2.654888 -2.665492 1.471268 -3.233670 -4.252339 -5.375353 -2.597531 -0.383335 1.684016 -1.546906 -2.883470 0.454951 -4.473834 -5.645985 -5.096079 -4.030423 -4.661428 -3.131979 -0.701506 -5.310990 -6.238240 -3.700096 -2.674588 -2.829774 -4.019205 -2.686836 -3.623334 -4.450189 0.766435 -6.112006 -4.976958 -2.182680 -1.602544 -3.306251 -4.153076 -3.651781 -3.969344 -3.234795 -7.583213 -4.649045 -4.627413 -2.922221 -2.213901 -4.983890 -2.653573 -6.451549 0.150124 -6.584843 -5.744383 -6.805347 1.971057 -4.989981 -7.904932 -1.141652 -4.692781 -0.789375 1.815087 -8.049250 -5.586190 1.716762 1.817056 -2.840851 -5.806537 -2.320579 
-0.458264 -6.031459 1.835000 -3.233670 -5.289551 -5.418697 -2.157453 0.400783 -4.962413 -1.414506 -2.889869 -7.340170 -2.649252 -5.634148 -5.019856 -4.030423 -4.768162 -3.163114 -4.624073 0.964970 -5.724044 -3.397289 -2.735240 -2.802319 -3.997610 -2.788111 -3.560890 -4.450189 0.261725 -0.692517 -4.838476 1.023310 -1.764907 -3.196157 -4.153076 -3.796991 -3.963252 -3.234795 -2.537253 -5.502782 -5.303017 -2.942737 -2.270347 -4.991332 -2.730013 -6.081579 -5.885255 0.746198 -7.468862 0.421476 -7.963395 -7.316632 
-1.902219 -5.039626 -2.667487 -3.233670 -5.561933 -5.399749 -2.329954 1.344930 -2.115061 -1.308177 -2.988975 0.729843 -2.524187 -5.574137 -5.537011 -4.026851 -2.072144 -3.128097 -4.654826 -1.202149 -7.467800 -3.544364 -2.720446 -2.802319 -3.930227 -7.685462 -4.563787 -4.402299 0.468404 -0.681172 -4.838476 -4.559892 -1.906331 -3.344605 -4.153076 -3.792215 -3.945511 -3.235085 0.142691 -0.031823 -2.730013 -2.864173 -2.426859 1.814035 -7.428874 -7.784824 -3.622596 -7.085999 -7.442593 
-1.489603 -4.880241 -2.848003 -3.226298 -8.317695 -5.415436 -8.308089 -0.805693 -2.404365 -1.442098 -2.924359 -0.101026 -3.271955 -5.651293 -0.433371 -4.026851 -0.367556 -2.854650 -4.679918 -2.426859 0.511090 -3.615902 -2.744438 -2.787356 -3.716958 -3.622596 0.112845 -4.468450 0.562373 -1.222872 -4.884542 -1.214449 -1.760605 -4.811238 -4.106512 -3.714588 -3.945511 -3.235085 -0.778523 -2.321609 -5.445246 -2.940252 -7.507715 -5.980830 0.668165 -5.592015 0.466940 -2.518122 -5.188133 -3.436293 -4.650340 -2.840500 -5.962354 -5.603935 -7.878920 0.090342 
-1.680365 -4.880241 -2.644892 -3.223714 -5.838895 -5.298813 -0.027252 -1.690414 -4.462360 -4.252764 -2.924359 -7.161539 -6.719716 -5.651293 -5.740826 -3.923244 0.359264 -3.089288 -4.544403 -2.426859 -0.813461 -3.475945 -2.584224 -2.825948 -3.754499 -3.589126 -2.887390 -4.468450 0.426597 -0.367078 -5.087558 -5.177718 -1.819187 -5.749679 -4.119673 -3.714588 -3.945511 -3.235085 0.320497 -2.234624 0.630500 -2.800676 -5.703058 2.005260 -3.210668 0.403936 0.360177 -2.561711 -2.347278 -7.002689 -7.771910 -7.081590 -6.851267 -2.489992 -7.806729 -7.965234 0.717288 -6.332629 -8.261486 -6.331690 -5.311134 -4.620719 
-2.305320 -4.849561 -3.066942 -3.223714 -5.815915 -5.320096 -1.315737 -1.531106 -3.456730 -0.277943 -3.236238 0.793490 0.259569 -5.660334 -5.871924 -3.855853 -3.275401 -3.123175 -4.645319 -2.188079 0.599356 -3.475945 -2.701600 -2.712950 -3.733594 -3.770776 -2.793705 -4.451542 -4.987903 -6.592503 -5.161287 -8.233296 -1.822949 -2.226955 -4.169017 -3.714588 -3.945511 -3.219124 0.328739 -1.904142 -5.044179 -2.882181 1.172422 -4.443382 -8.009462 -6.034461 -6.902839 1.635782 1.398543 -7.654700 -5.614013 -6.455937 -6.000793 -4.914901 -5.390088 -0.243567 -4.497593 
-6.211227 -4.887524 -2.938402 -3.223714 -5.876319 -5.499418 -1.357487 -1.430559 -3.418550 0.333426 -7.993075 0.615154 0.350831 -5.419310 -3.235341 -3.862944 -2.080109 -3.123175 -4.604993 -1.541103 -5.035885 -3.373887 -2.547375 -2.696958 -4.224207 -3.713788 -2.845943 -4.469926 -5.622707 -6.540718 -5.110636 -4.203901 -1.873178 -6.454019 -4.137038 -3.631348 -3.905100 -3.219124 0.472938 -5.657241 -2.153171 -2.924183 0.865479 -2.702968 -6.737544 -5.848108 -1.991115 -4.811309 -0.250728 -3.912412 -5.265190 0.389234 -6.023201 -5.739154 -2.216711 -6.990300 -6.049421 -6.116461 -6.081964 -7.130783 
-0.838470 -5.570168 -2.779183 -3.223714 -1.483538 -5.313035 -1.358306 1.427986 -3.068396 -4.019385 -1.361350 -4.973553 0.369238 -5.490536 -3.245638 -3.902640 -7.266915 -3.123175 -4.572129 -7.093194 1.615278 -3.460155 -2.629755 -2.696958 -3.980828 -3.611474 -3.807239 -4.469926 -2.676903 -5.513316 -5.056531 -1.810088 -5.093612 -5.663933 -4.037179 -3.631348 -3.963383 -3.215124 0.711777 -5.436898 -2.046232 -2.969850 -7.777366 0.560560 -1.493682 -5.940063 -1.996285 -4.755781 -2.445343 -2.058512 -2.418485 -5.876189 
0.357089 -1.214480 -2.838892 -3.200701 -0.992090 -5.313035 0.748627 0.994739 -3.458734 -4.006703 -1.422227 -5.002344 -4.734968 -5.457648 -3.035396 -4.009121 -0.528533 -3.123175 -4.554637 1.844996 0.763658 -3.544068 -2.619537 -2.800283 -4.058411 -3.661763 -6.485980 -4.498587 -2.859053 2.054130 -5.095331 -1.947588 -6.861739 -7.277128 -4.333823 -3.776556 -3.918367 -3.215124 0.648468 -5.283947 -5.855081 -2.975406 -2.113438 0.704716 -7.426149 -5.326649 -2.198463 -5.090862 -2.416708 0.762626 -2.238651 -6.421655 -0.041523 -0.741166 -4.577399 -5.399572 
-2.051148 -2.263298 -2.771950 -3.200701 -0.709049 -5.309520 -3.982975 -0.292718 -3.290848 -0.833948 -1.542301 -5.103858 -6.021916 -5.632719 -3.347075 -3.951570 -0.760706 -3.123175 -4.620452 -7.215375 -5.389165 -3.561350 -2.660544 -2.800283 -0.672280 -3.878895 -6.481973 -4.417350 -2.823972 0.855804 1.842968 -2.028473 -4.721636 -2.288922 -4.333823 -3.731718 -3.974149 -3.196220 0.011929 -5.333203 -6.476115 -2.889367 -5.799819 -6.018074 -6.071092 -7.954030 -6.587152 -4.668920 -5.589724 -4.936914 -5.005050 -1.686657 -5.838541 -0.639550 -6.166532 -5.828737 -5.822941 -7.399564 1.983692 -2.463616 -0.968050 -8.193103 
-5.413193 -2.272500 1.110264 -3.188424 -0.694353 -5.305806 -3.858792 -0.321337 -3.411505 -6.836605 -1.494988 -4.901162 -5.976514 -5.488461 -3.182763 -3.980336 -6.130848 -3.104428 -4.600759 -2.332331 -1.621735 -3.602585 -2.817007 -2.854750 -4.655425 -3.584746 1.139638 -4.404348 -2.602656 1.010497 -5.626141 -2.069671 -5.128663 1.959321 -4.317138 -3.942479 -3.895421 -3.196220 0.277847 -5.663546 -7.399243 -2.905362 -5.814360 0.386060 -1.347157 -1.797638 -2.311564 -6.354821 -6.393995 -4.339627 0.920111 0.702042 2.022835 -7.785632 -2.911090 -2.060246 -6.173327 0.102188 -0.993400 -6.552161 -6.790116 -7.018633 -6.124022 1.884848 -3.973266 -6.736207 -6.949596 
-4.831996 -2.373334 0.441236 -3.188424 -4.586864 -5.213557 -4.090536 -5.422766 -3.433972 -6.224152 -7.833927 -5.007975 -6.506285 -5.570546 -3.119871 -3.955287 -6.618346 -3.087535 0.296911 -2.728114 0.592781 -3.617352 -2.817007 -2.843332 -2.612614 -3.584746 -1.498204 -4.464761 -2.491122 1.406633 -4.150267 -2.069671 -5.141450 -6.271742 -4.610826 -3.849229 -3.895421 -3.196220 -0.440488 -1.679958 1.181417 -3.020760 -5.741597 1.222108 -6.101448 -1.797638 -4.585621 0.595815 -6.819347 -5.174907 -2.074404 -1.619527 -5.528763 0.225518 
-5.604100 -2.373334 0.404985 -3.185968 -7.476899 -5.572991 -4.133616 1.196706 -3.413557 -6.387018 -2.094397 -4.744567 -1.013370 -5.626631 -3.035653 -3.983122 -1.097071 -3.087535 0.694467 -2.755623 -1.087977 -3.460047 -2.817007 -2.831541 -2.563535 -3.681554 -1.271743 -4.466923 -2.686691 -1.967059 -0.757443 -2.083119 -4.775096 -6.657402 -4.032782 -3.746453 -3.895421 -3.187565 -0.326671 -7.000281 -0.571001 -3.029583 -0.970029 0.624635 0.257389 -6.492448 -4.585621 -6.085307 -6.313034 -6.078062 1.845324 -0.771010 -4.654648 -5.164944 -2.324686 -1.486491 
-5.876386 0.016627 -5.610907 -3.185968 -4.790672 -5.523113 -4.171905 1.763023 -3.257738 -5.075285 -2.174625 -5.026003 -2.369510 -5.496154 -2.938342 -3.933896 -0.569737 -3.087535 -6.092398 -2.177218 -1.109653 -3.449276 -2.817007 -2.831541 -2.631798 -3.512366 -1.302564 -4.466923 -2.802031 -0.638464 0.071939 -2.083119 -4.976101 -6.380181 -4.366904 -3.761715 -3.998976 -3.187565 -6.097218 -6.932392 -4.635889 -2.974929 -5.096613 1.447971 -3.149194 -0.326138 -7.126176 -3.956311 1.914020 -5.447713 -4.406783 2.266061 -4.163820 -2.391988 -1.079048 -1.600269 -4.204980 -4.072137 
-4.167593 -5.707573 -2.104051 -3.185968 -0.475006 -5.415262 -3.915717 1.540170 -3.258320 -2.261877 -2.134366 -4.998477 -6.266522 -5.620370 -2.984596 -3.984968 -0.113705 -3.119373 -6.274673 -2.261472 -5.864086 -3.449276 -2.817007 -2.831541 -0.331705 -3.511475 -1.547315 -4.517570 -3.029272 -0.523703 -2.907582 -2.032151 -4.673003 -6.351883 -4.291204 -3.761715 -3.998976 -3.187565 -3.475801 -0.422576 -4.635889 -3.025735 -5.713915 -0.198181 -7.613873 -6.618962 -5.764614 -6.367117 -1.328397 1.709477 -6.741200 -8.101134 -6.253183 -5.933896 -6.805988 
-4.735924 -0.845347 -6.113880 -3.185968 -0.612051 -5.521105 -4.530486 1.210384 -3.251733 -2.443705 -2.134366 -4.912470 -5.513979 -5.585435 -2.984596 -3.984968 0.405131 -3.119373 -5.897156 -2.123786 -5.961155 -3.511682 -2.828089 -2.831541 0.026241 -3.511018 -5.505105 -4.517570 -2.967884 -2.603165 -3.144764 -1.009991 -4.737333 -1.097233 -4.322954 -3.761715 -3.998976 -3.187565 -4.184613 0.064502 -4.635889 -2.910984 -6.656577 -6.324290 -0.341112 -6.960169 -0.993947 -2.104538 -6.584890 -5.424649 -1.272506 -3.553262 -3.755187 -6.940462 -6.304294 -7.413958 0.992598 -6.529382 -5.160570 -6.975971 0.021954 
-4.895301 -1.327587 -4.655665 -3.185968 -6.240774 0.175753 -1.147865 0.619122 -3.387189 -1.352477 -2.110876 -4.936636 0.060651 -5.599639 -3.461491 -3.957633 -5.402328 -3.119373 -6.810312 0.956706 1.327234 -3.628923 -2.763099 -2.846089 -6.416731 -3.493590 -5.597215 -4.472856 -2.793645 -6.530888 -2.914737 1.511413 -4.801793 -7.779794 -4.372619 -3.713051 -3.971867 -3.173903 -1.420958 -4.326226 -4.635399 -2.889953 -4.691312 0.286557 -0.194986 1.781644 -1.230023 -2.064255 -6.457045 -3.738149 0.931543 1.181761 -1.014627 -7.618193 -2.815122 -4.622936 -5.042501 -2.712791 0.341807 -5.886436 0.974895 -2.685830 -6.059268 -6.712185 1.542072 
0.557476 0.081096 -0.964276 -3.185968 -6.344810 -1.663168 -5.122356 -6.814361 -7.249547 0.036548 -1.907199 -4.852851 -4.215008 -5.687440 -3.461491 -3.960833 -5.683297 -3.141326 1.052011 -7.259890 -3.412810 -3.628923 -2.597189 -2.827829 -0.500629 -3.464549 -5.719792 -4.472856 -2.812636 -0.728067 -2.894634 -4.078908 -4.786586 -4.418632 -4.269207 -3.713051 -3.953004 -3.173903 -0.003819 -7.357584 -4.668134 -2.804294 -4.827412 -2.248756 -5.289670 1.264157 -0.305604 -1.816670 -6.411193 -3.671820 0.868891 -6.853915 -2.329218 -2.114846 -2.222923 0.061964 -1.234184 -7.142923 2.018654 -6.674879 -6.363299 -5.608726 0.749233 
-6.102010 1.105115 -1.331257 -3.185968 -6.252693 1.508714 0.474414 -1.681232 -6.725409 0.668681 -1.894312 -4.967372 -2.264093 -5.541607 -3.449420 -3.960833 -5.368957 -3.128093 -7.697032 -3.126423 -3.328682 -3.637713 -2.681414 -2.897407 -1.509906 -3.464549 -5.877919 -4.437458 -2.787537 -0.648606 -2.186082 -3.990760 -4.890476 -3.510254 -4.242344 -3.735886 -3.978618 -3.173903 0.428565 -5.852363 -4.668134 -2.880283 -4.465026 -3.049241 -5.467280 -7.968438 -6.522437 -1.771901 -6.372693 -3.815475 -3.554191 -5.176134 -0.780988 0.306377 -5.515814 -6.359013 
-5.662895 -7.987585 -1.102553 -3.185968 -6.194177 -3.076393 0.632882 -1.705526 -4.716970 1.589185 -1.963391 -4.961516 -4.693666 -5.623728 -6.878153 -3.991580 -5.489864 -3.128093 -2.104770 -2.991917 -2.394588 -3.375996 -2.658964 -2.897407 -4.038918 -3.464549 -7.839120 -4.437458 -2.887363 -3.261581 -2.207875 -2.832041 -4.873584 -6.661290 -4.290670 -3.735886 -3.899950 -3.173903 0.292803 -1.274715 -4.671901 -2.841644 -4.574055 -6.370913 0.910445 -2.025598 -3.958847 -2.006368 -5.670481 1.060533 -5.459326 -0.875009 -7.052220 -5.609867 -6.365540 -5.033028 -7.859449 -4.398151 -7.213520 -3.294673 
-5.784566 -5.503527 -4.660628 -3.185968 -6.220897 -3.138593 -1.757041 -5.640165 -0.002563 1.149993 -2.047052 -4.955396 -4.270324 -7.479344 -1.584304 -3.917999 -5.416136 -3.128093 -2.147733 -2.819824 -2.623260 -3.434024 -2.658964 -2.988840 0.386885 -3.464549 -1.486349 -4.318622 -2.603311 -5.747904 -2.128988 0.346737 -4.829763 -0.387719 -4.256401 -3.742610 -3.921409 -3.173903 -2.502064 -7.053795 -4.671901 -2.853718 -2.079615 -1.803542 -5.891542 -4.259455 -3.734949 -3.431998 -3.069751 0.600559 -4.411863 -0.747587 -7.519677 
-1.630392 -8.295331 -1.301069 -3.185968 -1.715634 -3.039344 -4.277353 -5.677043 -1.267400 -3.317115 -2.151150 -4.976450 -4.362043 0.379468 -1.972740 -3.917999 -5.387960 -3.072392 -1.920277 -2.664642 -2.507751 -3.521294 -2.722640 -2.861443 -4.804092 -3.421192 -6.173945 -4.489777 0.368096 -5.718109 -2.460593 0.734153 -4.438633 -7.577579 -4.256401 -3.975467 -3.981122 -3.173903 -5.567588 -7.101801 -4.671901 -2.739831 -2.080410 -5.136345 -2.584187 -2.095526 -2.670872 -0.812694 -6.692349 1.811941 -2.350351 -3.443128 0.739597 
-2.909857 -4.528674 -2.063470 -3.185968 -1.427120 -3.039344 -3.959988 -5.578404 -1.131484 -3.353537 -2.134460 -5.025897 -4.472466 1.278567 -6.121139 -3.917999 -5.504077 -3.072392 1.165249 -2.789437 0.856022 -3.409556 -2.726498 -2.855980 -3.612330 -3.385141 -6.281274 -4.517505 -4.570029 -5.609302 -2.362334 -5.655019 -2.809755 -0.915607 -4.256401 -3.975467 -3.981122 -3.173903 -2.499862 0.995033 -8.113867 -6.820219 0.893291 -7.656644 -5.628291 -6.297043 -5.953330 -6.097486 -5.967641 
-2.978868 -2.255089 -2.089394 -3.185968 1.341279 -2.985588 -0.667433 -5.608732 -0.815808 -3.318072 -0.370153 -5.025897 -4.070496 0.131022 0.997745 -3.913795 -5.407238 -3.072392 -7.418159 -3.137327 0.547684 -3.343858 -2.746489 -2.877691 -1.087117 -3.385141 -2.115088 -4.517505 -4.570029 -0.310212 -2.090345 -0.451802 -2.595981 -5.112933 -4.127651 -3.975092 -4.015047 -3.173903 -6.828659 -3.888094 -5.969093 -1.547969 -1.938130 -2.925590 0.078673 -5.840526 -6.479325 2.083496 1.123668 -4.593923 -6.472927 -8.235842 
-2.882814 -2.704468 -2.049106 -3.185968 -2.728926 -2.985588 -0.648776 -7.267350 -5.413130 -3.477896 -0.290775 -5.025897 -4.425943 -5.333354 -6.063254 -3.955533 -5.410159 -3.064997 -7.309835 -2.963772 -6.628672 -3.465342 0.875486 -2.877691 -1.818123 -3.241297 -2.119662 -4.517505 -4.570029 -5.688005 -2.256553 0.473222 -2.532421 -1.501022 -4.136289 -3.975092 -3.966102 -3.173903 -0.457925 -4.313912 0.741526 1.038243 -1.784148 -3.827771 -5.598136 -4.252061 0.250569 -6.101471 -0.514639 0.517404 -8.090421 -7.336880 -5.806883 -6.233448 -6.055429 0.105902 -4.958663 
-2.932696 -2.715097 -2.086465 -3.187309 -2.441995 -3.108199 -1.553741 -5.974908 -5.575129 -3.420419 0.621288 -5.017839 -4.737090 -1.094941 -6.390073 -3.932454 -5.325739 -3.064997 -0.564679 -3.110261 -3.830675 -3.337915 1.511334 -2.907213 0.832185 -3.497680 -2.134474 -4.517505 -4.570029 -5.902621 -2.177093 -5.571505 -2.878721 -1.571482 -4.186774 -4.043749 -3.922617 -3.173903 0.005268 -4.319811 0.599388 -1.758023 -4.778600 -5.209629 -3.841301 -2.907134 0.732063 -0.803534 -0.572875 -7.402894 1.151239 -6.398191 -6.540258 
-2.932696 -2.722049 -0.536058 -3.187309 -1.607701 -3.142475 -1.773283 -2.942739 -5.616168 -3.175845 0.665469 -4.791991 -1.622518 -0.751433 -6.443288 -3.926418 -5.337715 -3.038745 -4.434744 -3.096218 -4.178408 -3.403419 -7.106433 -2.907213 -2.050132 -3.371655 -2.059057 -4.501971 -4.570029 -5.773483 -2.299408 -5.068591 -2.868594 -1.469319 -4.130511 -4.043749 -3.911646 -3.173903 -0.325559 -4.742900 -6.729263 -2.093139 0.663089 -5.123672 -4.025828 -3.047592 -7.832227 -7.114103 -5.177685 0.573698 -5.506912 -6.394400 0.511091 -0.100610 -7.871292 -0.150433 0.027246 -0.189435 0.059281 
-2.905224 -2.743939 1.588365 -3.187309 -2.824225 -3.142475 -4.933700 -6.375501 -5.639115 -3.300523 0.503497 -4.699721 -5.180448 -6.780992 -0.605704 -3.926418 -5.646186 -3.038745 -4.274898 0.566331 -4.383903 -3.560793 1.172826 -2.948596 -2.041128 -3.422633 -2.038016 -4.393846 -4.621339 -5.772141 -6.723357 -1.898677 -2.576500 -1.708361 -4.360784 -4.043749 -3.890547 -3.210932 -6.396503 -4.667387 -6.803725 -2.191178 0.724360 0.256395 -3.868505 -1.027467 -7.417151 -6.514271 -4.930488 -1.122027 -4.841394 0.431370 -1.548586 -1.953847 -7.926717 -7.671707 -7.203347 -0.792666 
-2.960428 -2.705995 -2.055133 -3.187309 -3.046537 -3.324911 -5.112695 0.022772 -5.340812 -3.188550 -2.355456 -4.844092 -1.205727 0.868495 -1.812670 -3.926418 -5.540536 -3.038745 -4.127990 -6.226156 -5.357466 -3.575374 0.285115 -2.932846 -2.042920 -3.617903 -2.094322 -4.345306 -4.620754 0.379015 0.416700 -1.620533 -2.543448 -1.925047 -4.265858 -4.010288 -3.850428 -3.194466 -6.070247 -4.528919 -0.005756 -2.167103 0.641896 -5.478411 -3.843169 -1.770012 -6.627855 -7.563091 -4.376950 -7.746665 
-2.960428 -2.687680 -0.021341 -3.196321 -2.980302 -3.173060 -4.880239 -2.578583 -5.568361 -3.249107 -6.677727 -4.857097 -1.255901 0.651843 -1.488297 -3.806582 -5.426518 -3.029208 -4.406446 2.147667 -4.429156 -3.617983 0.026870 -2.932846 -2.093936 -3.558794 -2.163395 -4.482924 -4.606750 -1.291251 -7.022825 -1.581209 -2.592234 -0.387797 -4.265858 -3.964152 -3.882891 -3.179195 -5.768076 -4.576246 -0.415888 -2.167103 1.875138 -5.374799 -6.938987 -0.435415 0.716187 -1.779703 -0.098239 -7.097074 -5.664106 -7.077390 
-2.977844 -2.687680 -5.729528 -3.175616 -6.848869 -3.106843 -4.028490 -1.906027 -5.488346 -3.227290 -2.601007 -4.895225 -1.237460 -5.931198 -1.986378 -3.800242 -5.508762 -2.959332 -4.401296 0.631833 -4.139979 -3.588746 0.166132 -2.969433 -2.050915 -3.337023 0.650586 -4.435171 -4.694405 -1.854886 -3.580287 -1.578330 -2.846353 -0.064349 -4.368002 -3.955745 -3.841391 -2.992553 -6.026878 -2.948452 -3.502354 -2.029536 -5.309704 -5.564411 -7.102369 -0.330554 -4.097962 -4.946078 -4.880443 -4.678878 -3.843476 -3.851942 -1.882541 1.042205 -5.966142 1.855640 -4.495380 -5.873001 -5.540719 -5.027136 -4.426737 -6.619336 -6.481205 -1.568914 1.835942 -1.397087 0.718605 -2.158247 
-2.919134 -2.706166 0.007022 -3.247553 -5.688249 -3.039915 -4.983590 -2.290339 -5.655888 -3.476810 -2.902468 -5.491240 -4.320788 -2.470328 -1.974619 -3.800242 -5.639935 -5.845693 -1.294662 -1.863810 -4.051547 -3.588746 -7.379763 -2.941210 -2.028915 -3.337023 -2.116612 -4.472816 -4.616552 -1.962297 -3.865842 -1.591403 -2.509825 -0.297600 -4.197035 -3.955745 -3.841391 -3.050614 -6.003904 -2.886322 -1.628088 -2.242003 -6.781945 -1.308402 -1.207641 -0.822018 -7.328181 -4.641394 -0.075998 -4.678878 -5.189956 -0.606531 -5.676727 -0.577318 
-2.871671 -2.706166 -6.636695 -3.236716 -3.083150 -3.118699 -5.024822 0.550406 -2.253660 -7.117919 -2.902468 -5.159448 -4.603604 -4.479865 -1.879054 -3.800242 -5.406719 -5.479485 -0.994602 -1.867065 -7.400948 -3.588746 -0.860779 -2.926748 -2.005880 -3.337023 -2.250942 -4.553800 -4.692086 -5.655662 -3.814099 -1.488508 -2.496871 -1.660756 -4.197035 -4.165684 -3.816863 -3.253335 -5.782926 -2.697822 -6.573577 -2.081093 -4.326651 0.691934 -4.686811 -0.023994 -3.561226 -4.777899 -7.734330 
-2.833010 -2.706166 -4.558171 -3.215950 -2.479695 -3.129105 -5.142415 -4.572431 -5.763573 1.568322 -2.999069 -1.392880 -4.311958 -4.920820 -1.879054 -3.800242 -5.316419 -5.542665 -3.850906 -7.919605 -4.501798 -3.348768 -3.405909 -2.926748 -2.005880 -3.376513 -2.228337 -4.623015 -4.674204 -5.572107 -3.779877 -1.695946 -2.562735 -1.156504 -4.160567 -3.846508 -5.667711 -3.187192 -1.949465 -2.728836 -1.268849 -2.103303 -2.685435 -5.852590 0.649390 0.844555 -6.242683 -4.747285 -5.158637 -5.511544 -1.398730 -6.001732 -6.396527 -5.786849 -4.653634 -2.257893 -6.567848 -6.369975 
-2.937736 -2.706166 -4.593778 -3.215950 -5.263137 -3.184205 -5.241925 -4.478489 -1.548084 -1.182782 -2.991274 -1.344691 -4.318153 -4.922935 -5.143249 -3.851060 -5.688127 -5.347055 -3.859953 -5.969106 -4.224767 -3.334728 -3.282482 -3.020353 -1.992595 -3.376513 -1.117012 -4.482354 -4.592196 -5.534232 -3.470312 -2.253224 -2.847719 1.805490 -4.181844 -3.927843 -4.708534 -3.234089 -7.461045 -2.701718 -1.214246 -2.117852 -2.074864 -5.724719 -2.112806 -4.936891 -5.994227 1.099414 -6.802635 1.367404 -5.847253 -5.924257 -7.529026 -5.037548 -4.251409 
-2.939667 -2.815807 -4.576195 -3.215950 -6.074139 -3.122718 -5.027488 -3.991843 -1.455961 -1.392408 -2.954034 -6.432301 -4.436480 -4.923487 -0.564212 -3.824379 -5.599100 -5.554679 -3.859854 -1.809788 -4.281370 -3.292168 -3.222853 -3.061361 -2.093635 -3.376513 -5.784931 -4.565997 -4.590773 -5.660477 -3.781353 -1.912156 -2.706642 -6.030559 -4.320881 -4.020654 -4.667818 -3.234089 -2.074441 -2.798252 -8.473717 -2.175296 -5.926148 -0.379733 -2.021818 1.480590 -4.929699 -6.142794 -8.122332 0.051457 -0.295168 
-2.949493 -2.768325 -4.581559 -3.215950 -7.504345 -3.087624 -0.693167 -4.303971 -1.610942 -4.896378 -2.965710 -5.034239 -4.505183 -4.808232 -0.874148 -3.824379 -5.736560 -5.489326 -3.839433 -1.790493 -3.420365 -3.247510 -3.384416 -3.063383 -1.906322 -3.568119 -6.465496 -4.560461 -4.625635 -5.811009 -3.905626 -5.898047 -2.300966 -6.247611 -4.270808 -4.020654 -5.572906 -3.211467 -2.141508 -2.752666 -0.694460 -2.266109 -2.380219 -0.692817 -2.011106 -5.651389 0.077403 -1.227158 1.940813 -0.848415 -7.345858 -5.935496 
-3.009558 -2.731193 -4.778216 -3.218985 -6.276603 -1.111310 -0.754533 1.944985 -1.704812 -5.808977 -2.965710 -6.820962 -4.500615 -4.819749 -6.205622 -3.813081 -5.673351 -5.476439 -3.857645 -1.597501 -3.141274 -3.226758 -3.355660 -3.063383 -1.968501 -3.629481 -1.367899 -4.601485 -4.625635 -6.435678 -4.006248 -2.259737 -2.434919 -0.974265 -4.146056 -4.020654 -4.369293 -3.231710 -2.152091 -2.795614 -0.692013 -1.997573 -7.535730 -4.690541 -4.907766 -5.689598 -6.711887 -1.021821 -1.221038 -1.891767 -6.006252 -6.239886 -1.261037 -5.918972 -6.101336 
-2.920571 -2.722028 -4.402919 -3.218985 -0.778565 -7.731428 -0.574967 -1.656848 -1.533541 -6.307465 -2.965710 -6.459828 -4.385532 -4.760309 -7.533190 -3.836820 -5.739334 -5.594880 -3.837740 -1.912677 -3.184097 -3.097948 -5.805108 -3.063383 -6.595877 -3.701180 2.216579 -4.603504 -4.614367 -6.334140 -6.687765 -6.111858 -2.539351 -3.940087 -4.146056 -4.118745 -0.405437 -3.231710 -2.138082 -2.795614 -0.692013 -1.897260 -1.736253 -3.770270 -0.759012 -5.591805 -2.272063 -3.350104 -7.023534 -1.007609 -5.623212 -7.770407 
-3.026948 -2.722028 -4.573073 -3.218985 -5.662400 -3.101070 -0.619967 -5.106441 -0.347382 -3.351649 -2.968606 -6.360175 -5.324341 -5.023298 -7.067031 -3.804150 -5.324888 -5.674613 -3.737134 -1.754673 -3.353521 -5.988978 -0.227553 -3.044765 1.597660 -1.682592 -1.475733 -4.502046 -4.614367 -5.382778 -5.971370 -6.912144 -2.796545 -1.248309 -4.565665 -3.768052 -2.475419 -3.197955 -2.183604 -2.818422 -0.339649 -1.923128 -1.736253 -3.789718 -0.618925 -2.657387 -1.419446 -6.197269 -4.081500 1.646403 -5.813812 -1.780006 -7.039603 -1.756400 -1.223413 -1.458644 
-3.050719 -2.725489 -4.526392 -3.218985 -5.559767 -3.396319 -0.154196 -4.545997 -3.142555 -3.351649 -2.968606 1.393885 -3.649199 -5.037947 -4.816164 -3.794186 -5.347120 -5.666553 -3.790754 -1.606458 -3.238621 -5.956436 1.397736 -3.069048 -0.898221 -1.380186 -1.695025 -4.555770 -4.667182 -5.970938 0.165677 -1.994470 -2.716093 -5.709508 -4.594022 -3.527054 -5.729238 -3.161173 -2.137849 -2.791724 -6.057491 -2.078108 2.271100 0.268268 -0.908197 -7.261770 -5.854123 -0.620443 -3.969516 1.430953 -0.360481 -0.111447 -0.868911 -1.353942 -4.416795 -6.065048 -7.022373 -4.774646 -0.389361 
-3.105043 -2.725489 -4.580945 -3.249729 -5.518113 -3.394611 -0.100340 1.457969 -4.867653 -3.306623 -2.907296 -6.260242 -3.981977 -5.069015 -0.954924 -3.834878 -4.711894 -1.615547 -3.818639 -7.655849 -3.238621 -6.383460 1.458805 -3.048188 -1.219912 -5.439664 -1.762677 -4.563572 -4.629189 0.798353 -6.037118 -1.994470 -2.721325 -5.706303 -4.994331 -3.569495 -2.306490 -3.161173 -2.137849 -2.791724 -5.294944 -2.092934 -6.433780 -6.414616 -1.023964 -2.996545 -5.387147 -2.140165 -4.011799 -0.679627 -6.950080 -0.031214 0.087334 -1.400416 1.687314 -6.818687 -6.865158 -5.970568 -4.321885 -0.159164 -2.341082 -6.349311 
-3.048016 -2.741953 -4.931329 -3.222408 -5.512203 -3.494144 -7.209868 1.467000 -6.445567 -3.323784 -2.907296 -5.955230 -3.645345 -4.905044 -7.341631 -3.883400 -4.806301 -1.314569 -3.755274 -4.486838 -3.151196 -1.809617 1.310792 -3.048188 -0.718782 -2.309822 -1.944162 -4.563572 -4.629189 -3.762808 -6.563920 -1.856094 -2.578934 -5.727460 -4.887468 -3.569495 -2.414454 -3.136960 -2.024212 -2.808269 -5.825463 -2.092934 -0.977814 -2.114368 -6.314867 -1.348862 -5.389925 -2.490972 -3.529637 -4.083105 -6.149666 0.184643 0.111374 -5.848127 -5.692033 -0.768878 1.995514 -4.746341 1.728753 -7.819410 0.026237 -0.258394 -7.161454 1.476862 -7.595427 
-3.020634 -2.791627 -7.567982 -3.226467 -5.496798 -3.494144 -0.185876 1.030913 -2.298314 -3.323784 -2.907296 -7.213744 -3.678210 -4.754241 -6.618863 -3.883400 -1.444115 -1.436844 -3.755274 -4.698251 -3.194520 -1.477734 1.189515 -4.719090 -0.294059 -3.033116 -1.841882 -4.587042 -4.629189 -3.754345 -0.901731 -5.787800 -2.761170 -5.727460 -4.947586 -5.874393 -6.427991 -3.136960 -2.024212 -2.764724 -1.680521 -2.116006 -1.773838 -2.297927 -5.207896 -1.639095 -5.365968 -2.717170 -3.588837 -4.470466 -6.259994 0.361803 -6.891493 -3.530234 -0.501616 -2.902705 -1.753479 -4.576176 -5.687842 0.036000 -7.401063 1.828025 -4.649022 -7.115108 0.884011 -5.420513 -2.716960 -5.772148 
-3.027563 -2.791627 1.244746 -3.226467 -5.530157 -3.481454 -4.768604 1.080358 -2.765788 -3.323784 -2.883560 -1.093354 -3.763423 -4.997698 0.656097 -3.922130 -1.348353 -1.211360 -3.755274 -4.804551 -3.083438 -5.047197 -6.250997 -4.708644 -0.530865 -3.033116 -1.482635 -4.587042 -4.627374 -3.754345 -0.344912 -5.914812 -2.494737 -5.659759 -4.983535 -5.055715 -0.812192 -3.052294 1.469650 -1.886429 -0.305967 -1.906468 -6.886579 -2.326518 -5.949973 0.428468 -5.362518 -2.723861 -3.588837 -4.354308 -6.259994 -6.520069 -1.111578 -3.838672 0.369213 -2.771245 -1.934288 -4.693736 -5.964370 -1.699092 -6.594286 -5.495442 -6.139461 -0.169050 -5.497847 
-3.101332 -2.747819 -2.158722 -3.226467 -7.848394 -3.462557 0.006409 0.978862 -2.765788 -3.250241 -2.883560 1.294003 -3.953192 -5.401819 -0.926308 -3.849988 -5.560845 -7.046951 -3.796642 -4.638160 -3.015310 -4.867573 -1.374441 -4.650169 -2.048239 -3.033116 -5.914005 -4.587042 -4.640106 -3.754345 -6.061848 -5.907104 -2.629638 -5.646749 -4.443194 -7.032881 -6.067618 -3.144408 -2.151706 -5.802323 -7.259819 -1.973646 -8.193029 -5.302556 -0.419430 0.154716 -5.501623 -2.888160 -3.441363 -4.609843 -6.256114 -1.712623 -8.019531 -5.542956 -3.145952 -7.918644 -1.843017 -4.272437 -6.403355 -5.493902 -4.805573 -5.501264 -7.435546 0.231708 -7.743642 0.044027 -6.418942 
-3.101332 -2.745847 -2.106147 -3.253082 -2.996271 -3.223568 -3.987772 -6.229996 -2.063973 -3.250241 -2.920763 -1.909141 -3.802929 -5.550162 -1.976690 -3.849988 0.857354 -5.661432 -3.818911 -4.772017 -3.115126 -5.028286 -2.318585 -4.534879 -1.950237 -3.127914 -1.730447 -4.587042 -4.640106 -3.754345 -6.061848 -7.762350 -2.461311 -4.973635 -4.397447 1.200818 -6.449674 -2.926391 -0.841501 -3.466887 -5.290551 -1.955959 -0.057675 -5.709449 1.670006 0.289927 -6.363650 -2.648452 -3.338197 -4.387846 -6.285556 -6.839686 -5.534150 -7.302112 -6.981527 -5.584082 -4.917047 0.916506 -1.230194 -6.696931 -2.065913 -0.797355 -1.406565 -1.824558 -6.985066 -4.623575 
-3.072206 -2.745847 -2.092496 -3.190941 -2.967467 -5.731422 -4.093321 -4.803328 -2.097875 -3.333973 -2.928408 -7.962658 -3.877042 -6.066293 -6.037977 -1.743823 0.854895 -5.641300 -3.818911 -5.057034 -3.034559 -4.818513 -1.466920 -6.605833 -2.146148 -3.101606 -1.686678 -4.587042 -4.640106 -3.982541 -2.325458 -4.965458 -2.454491 -5.555715 -4.381140 0.365859 -3.651106 -2.957078 1.716086 -3.509205 -5.635674 -1.553987 -0.113367 -2.314754 -1.485005 0.373614 0.057693 -2.173831 -3.453330 -4.271419 -3.888427 -5.677767 -1.592089 -1.928978 -5.879427 -8.096435 -4.622865 -3.457209 -6.854654 -6.089193 -6.349130 -5.287087 
-3.072206 -2.745847 -2.437761 -3.190941 -2.756177 -1.616298 -4.217819 -3.825048 -2.491812 -3.437927 -2.906504 -0.893731 -3.795044 -7.755033 -4.655403 -4.535828 0.705020 -5.502424 -6.418942 -1.075722 -3.046888 -5.044035 -2.788449 -5.710300 -2.146148 -3.037557 -4.811527 -4.572278 -4.626225 -3.982541 -1.674203 -6.023083 -2.651249 -1.961413 -4.513940 -5.573799 -1.461780 -2.999818 -0.044490 -3.509205 1.012585 1.910425 0.071254 -2.334886 -1.568353 -3.112712 -6.457715 -2.246004 -3.470881 -4.271419 -3.865306 -5.545770 -0.790372 -7.512140 -6.384915 -6.585694 -5.610845 -1.488178 -6.105604 0.362202 -4.616734 -2.217915 -7.656650 0.387777 -5.330220 -7.481078 
-3.072206 -2.745847 -2.213310 -3.190941 -7.796068 -3.338842 2.118146 -3.910457 -2.558568 -3.580939 -2.905900 -5.820075 -3.872532 -6.791981 -4.655403 -4.067082 1.067177 -5.307278 -3.408789 -0.467329 -3.005389 -4.992189 -2.859546 -2.906176 -2.097767 -3.044611 -6.313154 -4.572278 -4.626225 -3.997575 1.194354 -6.426561 -2.407981 -1.844210 -4.728371 -1.086594 0.423487 -3.108209 -3.413068 -3.360129 0.817057 -2.385846 1.735661 -5.871352 -0.885458 -2.906686 -6.417587 -2.197156 -3.560282 -4.271419 -3.902116 -5.624656 -4.502394 -0.749450 -5.616089 -6.192650 -8.284312 -1.429661 -6.105604 -5.143670 -6.329769 -6.964332 -5.108976 1.038467 -1.296968 -6.465171 -1.781468 -7.256674 -6.699838 -5.574071 -5.084555 -1.676348 -0.657233 -0.871964 1.488571 
-3.072206 -2.745847 -5.587228 -3.166685 -1.491906 -1.455953 -6.916303 -3.966607 -2.025594 -3.580939 -2.905900 -2.011349 -3.471011 -1.554676 -4.600020 -4.067082 -2.028654 -5.625982 1.128862 -6.105604 -3.054805 -4.992189 -2.714764 -0.463103 -1.079218 -3.173441 -6.292979 -4.583228 -4.626225 -3.997575 -5.826167 -0.892903 -2.497257 -1.946889 -4.714578 -5.407355 -1.992682 -3.017214 0.435667 -3.267258 -6.496073 -6.594362 0.028976 -5.727418 -0.976731 -2.746540 -5.420442 -2.170955 -3.560282 -4.284539 -3.928548 -5.335096 -6.555824 -7.395231 -6.482970 -4.272801 1.799329 -5.741241 -6.439471 -5.719254 -5.549956 -5.486852 1.122410 -1.485414 -7.954909 -0.521782 1.907580 -6.872717 -7.577225 
-3.114999 -2.789398 -7.346729 -3.146462 -1.472480 -2.922178 -0.446014 -4.019730 -2.446469 -5.349929 -3.075486 -4.540694 -3.290179 -6.625756 -4.600020 -4.113913 1.053869 -5.634411 -5.225560 -6.187651 -3.230518 -4.922323 -2.802089 -0.504147 -6.764293 -3.000943 -6.367610 -4.583228 -4.626225 -3.997575 -3.542830 -2.495737 -2.432150 -5.533877 -4.516208 -5.658286 -5.860328 -3.151987 -1.841652 -3.267258 -0.993296 -4.972576 -0.086817 -6.669745 0.363758 -3.265808 -1.695890 -2.301612 -3.544966 -4.284539 -3.928548 -5.599908 -2.113036 -7.485812 -2.918403 -5.110103 -5.372230 -4.340148 -5.748463 -3.032149 -1.570104 -6.514689 -6.631361 -3.100584 
-3.114999 -2.789398 -2.904901 1.719515 -1.361622 -0.429163 -5.636311 -4.024619 -2.518066 -2.216944 -2.848185 -4.693161 -3.689983 -0.919209 -2.755672 -4.113913 -3.492959 -5.655663 -1.394038 -7.025072 -7.216237 -4.674590 -2.898039 -3.928548 -1.689535 -3.061673 -6.621459 -4.546214 -4.612110 -3.937747 -7.975023 -2.603003 -2.562263 -0.487140 -4.811059 -5.375490 -2.827712 -3.153182 1.546810 -3.267258 -1.745143 0.622237 -7.950275 -7.326634 -2.883567 -2.252249 1.712758 -2.377812 -3.544966 -4.081765 -7.013413 2.293071 -8.258421 -7.511589 -8.173887 0.198888 1.197309 1.989742 
-3.114999 -2.789398 -2.824178 -7.003564 -1.645734 -4.539263 -5.532536 -4.079793 -2.478017 0.848222 -2.826503 -2.237884 -3.818964 -3.461211 -2.802344 -4.293381 -3.450868 -5.559166 -2.343261 -6.812494 0.760244 -5.016512 -2.865350 -3.897896 -1.764028 -2.951555 -5.412293 -4.558502 -4.595808 -3.937747 1.781392 -0.099016 -2.470485 -7.629855 -4.655046 -0.883758 -2.714151 -3.153182 -5.564890 -3.197685 -1.808800 -2.083027 -4.081765 1.084777 -5.567618 -2.727362 -7.426337 -7.709194 1.911910 
-3.114999 -2.824587 -2.899112 -7.545291 -0.597192 -4.074895 -5.543469 -3.989843 -2.379316 -6.439902 -2.841345 0.165449 -3.938784 -3.461211 -2.505543 -4.662516 -3.546995 -5.422956 -2.343261 -5.984008 -6.377735 -4.914727 -2.812635 -3.877098 -1.623005 -2.979435 -4.827984 -4.433005 -4.635904 -3.937747 -6.981491 -2.539423 -2.706221 1.328804 -2.363871 1.612116 -2.939988 -3.153182 -5.512186 -3.182558 -7.148870 -5.816795 -4.338620 -1.211911 -1.829841 -6.117072 -7.919092 -7.172227 -6.786041 -6.824731 -5.591162 -7.095261 -5.425301 -7.800670 -1.046328 -6.193655 
-3.065709 -2.755870 -3.041082 -2.899684 -4.509092 -4.241937 -5.583612 -3.856703 -2.355120 -0.804595 -2.845977 -2.138332 -5.031677 -3.380854 -5.531985 -4.578268 -3.566996 -5.571300 -2.343261 -4.529019 -1.084473 -4.973693 1.895272 -3.782533 -2.714501 -2.979435 -3.874406 -4.417321 -4.697477 -3.877630 -5.898823 -2.545449 -2.717977 0.979665 -2.564999 -1.912212 -2.640667 -3.153182 -5.524547 -3.252643 -5.885859 -6.011320 0.944823 -5.706843 -4.716931 1.850091 -6.600978 -2.647388 -7.185966 -6.999869 
-3.090635 -2.735577 -2.630409 -7.540422 -2.862449 -4.241308 -5.413199 -3.762940 -2.357003 -0.689406 -2.845977 -2.201794 1.129903 -2.489575 -4.992941 -4.562579 -3.566996 -5.448998 -2.310035 -6.637512 -3.146640 -1.368277 -0.301682 -3.782533 1.272555 -3.040353 -3.783196 -4.441225 -4.514977 -3.850339 -2.753774 -2.709706 -2.501287 -5.931410 -3.034270 -1.958157 -2.591923 -3.171478 -5.738628 -4.582201 -7.601245 -4.618599 -2.486054 -7.618210 -5.126660 1.886887 
-3.060041 -2.775772 -2.467597 -2.683925 -3.095369 -4.272768 -5.346672 -3.780818 -2.357003 -0.517750 -2.845977 -0.352064 -7.542784 -2.519180 -6.460709 -4.498110 -3.574459 -5.469965 -2.703005 -5.973269 -3.321561 -4.916306 -0.162918 -3.719762 -3.170452 -2.192402 -4.555325 -4.427879 -4.591529 -3.799964 1.177566 -2.746225 -2.417416 -5.034789 -3.065166 -1.806168 -2.637203 -3.105378 -5.734260 -6.282964 2.192891 -4.692442 -2.223584 -7.449201 -5.078232 -3.007056 -2.861242 -3.890185 -6.328340 0.610997 -5.978574 -5.791271 -2.272539 -6.032146 -6.606737 -2.278503 
-2.997538 -2.737253 -2.824833 1.035702 -7.845190 -4.764725 -5.264760 -3.847493 -2.413945 -7.602253 -3.023394 0.537186 -5.867395 -2.456564 0.771851 -4.711477 -3.346749 -5.340393 -0.899220 -6.954317 -3.017417 -2.213183 -7.414674 -3.754508 -3.264136 -3.202384 1.034733 -4.550761 -4.702350 -3.737707 0.157886 -2.820582 -2.587131 -4.994884 -2.938706 -2.187366 -2.761829 -3.105378 -2.046829 -5.874353 -4.353756 -2.257371 0.553118 0.848547 -5.079901 -5.412222 -2.719279 -3.718260 -3.077821 -6.951831 -5.332928 -5.583562 -5.872482 -4.812965 0.897975 -7.768281 -1.839655 -3.687447 -5.701770 -6.148052 -0.813393 -5.777220 -6.499132 1.845297 -6.805868 -2.989069 -5.043387 -7.264587 -5.948023 -1.713953 1.913597 
-2.997538 -2.726293 -2.716185 -0.004901 -4.326410 -4.687656 -5.264760 -3.946763 0.390977 -7.497363 -3.008087 0.696393 -6.077398 -2.371508 0.842841 -4.777897 -3.266974 -0.852650 -2.538584 -2.049125 -3.074348 -2.021777 -1.084548 -3.756829 1.513258 -2.689799 -2.223940 -4.550761 -4.783271 -3.886409 -0.070898 -2.647933 -2.541611 -5.010165 -6.845969 -1.923388 -2.918815 -3.105378 -6.036893 -6.143022 -3.458174 -2.243390 -6.225563 0.576858 -5.131058 -5.461949 -2.768834 -3.841150 -2.953976 -5.441061 -6.340298 -3.082766 -5.927593 -4.850845 -1.488778 -7.006451 -2.274339 0.310078 -3.166062 -1.856000 -2.594995 -1.519328 -6.269929 0.052811 -2.374037 0.164941 
-2.985258 -2.773548 -2.734809 -2.554225 1.800721 -5.744620 -5.408257 -3.824697 -6.242063 1.397056 -7.588580 -6.189185 -5.834000 -4.393660 -0.358942 -4.418824 -3.492778 1.822007 -6.672229 -2.053637 -3.230658 -1.702752 -2.810247 -3.768207 -0.884076 -2.891525 -5.108907 -4.711143 -4.037483 -3.697631 -1.172674 -2.819611 -2.461235 -5.000536 -2.241292 -4.795395 -3.060054 -3.061956 -3.370444 -6.005459 -3.866742 -2.299912 -3.972661 -7.377687 -5.017958 -5.561502 -2.810137 -3.951739 -2.986844 -5.435274 -1.254153 -3.023668 -3.780787 -4.950813 -1.061682 -4.209648 1.483504 0.163017 -3.218567 -0.150837 -2.576980 -6.811382 -2.520054 -0.411623 -2.497813 1.337212 1.229496 -1.254018 -2.352721 -6.317905 -6.043533 -0.425501 -6.685890 -5.577558 -2.172829 2.079869 
-2.985258 -2.759301 -2.602828 -2.655183 1.096483 -6.221207 -5.448537 -3.824697 -6.065639 -1.690590 -0.149349 -6.218030 -4.206950 -4.529066 -6.928170 -4.394128 -3.209960 -0.256953 0.475983 -7.580776 1.318381 -3.995235 -2.836389 -3.775774 -0.281042 -2.656212 -0.789068 -4.724528 -1.080487 -3.417254 -3.231500 -2.499913 -2.581352 -6.743274 -1.908175 -4.778467 -3.082338 -3.104246 -5.259283 -4.559686 -1.567623 -2.118684 -3.972661 -5.506629 -5.073625 -5.441904 -2.810137 -3.803029 -3.071366 -5.587435 -0.893244 -2.790216 -1.658381 -0.092147 -3.689249 -1.376185 -3.546601 0.292000 -3.321141 1.222362 -2.430688 0.552638 -2.515041 -4.410902 -5.555107 -6.655331 -5.490726 -7.529440 -7.825521 -7.145285 2.175031 1.716814 -6.630781 -7.849776 -5.472419 -5.422240 -7.550900 -6.608593 -0.925519 -1.064717 -0.581994 -2.907777 
-2.985258 -2.782235 -5.865251 -2.689124 1.373018 -7.206402 -3.997699 -3.885638 -4.585113 -2.867878 -3.632456 -1.469640 -2.293658 0.328105 -5.784637 -7.363874 -3.439100 -2.620274 -6.863028 -5.476030 -7.826291 -7.073582 -2.618430 -3.783266 -6.930129 0.041764 -0.372558 -4.724528 -2.471872 -3.199552 -0.237764 -2.404365 -2.451062 -5.731710 -1.875230 -4.745609 -2.879666 -2.991520 -4.491886 -5.173472 -3.212220 -2.117090 -3.972661 -6.004290 -5.073625 -5.328108 -2.780665 -4.207824 -3.333437 -5.490378 -2.938596 -5.536443 -1.802117 -2.943534 -3.473049 -1.240176 -6.617217 -1.676885 -2.523838 1.285026 -6.450488 -5.823007 -6.118731 -6.869173 -7.313842 0.623218 -8.415765 
-3.023831 -2.756131 1.545283 -2.703632 -2.730535 -6.380832 -4.383526 -3.731752 -4.504352 -2.828093 -3.500927 -5.833827 -2.639748 -0.241241 -5.582155 -6.382611 -3.439100 -2.406686 -0.666572 -5.332418 -3.975571 -2.210403 -2.746615 -3.783266 -4.237781 -6.959955 1.430815 -4.724528 -3.164226 -3.276167 -0.195275 -2.321071 -2.820415 -4.093320 -2.968239 -4.745609 -3.029852 -2.983733 -0.757423 -5.510621 -5.637835 -2.030223 -4.171127 -4.092509 -5.006227 -3.581674 -2.346417 -1.664338 -3.621948 -3.892617 -2.748637 -1.598603 -2.091965 -0.538399 -5.138326 -0.765461 -3.919566 
-3.023831 -2.934867 -0.491841 -2.698783 -2.714683 -5.535841 -1.958635 -3.895513 -4.391535 -2.704892 0.188559 -2.569371 -2.524798 -7.573361 -5.335125 -6.335808 -0.173239 -7.053418 -0.593529 -1.173870 -3.730066 -2.162968 -1.973930 -3.778983 -5.231934 -6.645874 -6.048234 -4.724528 -3.427464 -3.276167 -0.000860 -2.527970 -2.535827 -3.809634 -2.847206 -4.745609 -2.957925 -3.007152 -0.575580 -5.534436 -2.527557 -2.174167 -4.069875 -5.391338 -5.062055 -3.624706 -3.810264 -0.640636 -3.319750 -3.957594 -2.748637 -2.534333 -4.012146 -7.324288 -3.023821 -7.545256 0.434315 1.082001 0.547229 -4.715543 -4.509570 
-3.070513 -3.183688 -3.554690 -2.776238 -2.710937 -6.625053 -2.641266 -6.424515 -4.333189 -2.896110 1.107249 -2.558253 -2.348855 -1.099523 -5.335125 -5.943663 -6.215812 -6.514142 0.898796 -2.849549 -3.939368 -2.029774 -1.803287 -3.778983 -0.360134 -0.606708 -5.650716 -4.724528 -4.351344 -6.662060 0.063609 -2.527970 -2.938603 -3.791398 -2.709393 -4.742135 -2.462890 -3.007152 -1.049223 -5.534436 -0.001936 -2.114819 -4.227019 -4.169454 -5.052062 -3.423166 -3.852340 -1.787475 -3.301489 -3.928572 -2.702969 -2.328943 -0.072267 -2.442423 -4.781435 -5.588154 -6.426514 -1.987490 -4.158758 -2.925188 -0.443958 -5.646359 -7.678640 -6.081226 1.249363 -7.655240 -8.257811 -8.116507 
-3.070513 -3.183688 -3.943603 -2.700427 -2.710937 0.186220 -1.747101 -6.324758 -4.496229 -3.026549 1.366927 -2.576308 -2.525130 -6.118447 -6.388997 -6.093585 1.305899 -3.014180 -2.845997 1.627771 -3.948258 -2.101882 -1.258133 -3.724500 -1.301853 -0.380233 -4.689544 -4.724528 -3.984137 -1.833613 0.039145 -2.628603 -2.893976 -3.770065 -2.719440 -4.742135 -3.002237 -2.991227 -5.484064 -5.623319 -6.432439 -1.968890 -4.250438 -1.675647 -4.824893 -3.104119 -3.882236 -2.475527 -3.399978 -4.625196 -2.917247 -2.455451 -4.498811 -2.422751 -5.596822 -2.146473 -1.211769 -7.826208 -3.788400 -1.914279 -6.768143 1.846469 
-2.877883 -3.326818 -3.724479 -2.680852 -2.687982 -3.998769 -2.171396 0.714616 -4.556517 -2.920154 -0.159493 1.011897 -2.525130 -3.486664 1.569745 -3.730700 -3.750975 -2.618693 -1.021408 -4.438503 -2.429182 -2.272445 -5.477051 -3.652896 -0.483748 -3.400236 -0.750113 -4.724528 -7.231019 -0.485906 0.359972 -2.601985 -2.796721 -3.618309 -2.421034 -4.742135 0.117608 -3.046934 1.056129 -5.570673 -3.186373 -2.176306 -4.335371 -5.602871 -4.822872 -5.860159 -3.842580 -2.858864 -3.376753 -4.601362 -2.924266 -7.515446 -1.305807 -6.089789 -1.407653 -7.154488 -4.094076 -6.505094 -0.330470 -6.552660 -7.705138 -5.233758 -3.036057 
-2.819760 -3.368983 -3.724479 -2.687029 -2.687982 -6.400972 -2.122381 -7.456413 -4.516772 -2.920154 -5.465593 -1.783661 -2.506799 -3.949474 -6.118156 -3.698117 -3.742781 0.282478 0.219242 -6.416776 -2.530059 -2.302767 -7.617824 -3.652896 -6.996097 -3.137641 -1.233686 -4.724528 -3.977714 -8.230230 -7.109565 -2.484005 -2.911351 -3.869537 -2.669087 -4.760814 -2.838866 -3.046934 0.226463 -5.703477 -3.266454 -2.158209 -4.514663 -5.564069 -4.820937 -0.636301 -4.785407 -2.764108 -3.457206 -4.646508 -3.004315 -3.892569 0.677489 -5.793415 1.366052 -1.373237 -4.824144 -1.501467 -5.782469 -5.579088 -2.087938 
-2.926449 -3.368516 -3.800079 -2.687029 -2.690930 -6.349976 -2.108884 -2.857609 -4.516772 -2.901729 1.064507 -1.293578 -2.515753 -3.925348 -6.118156 -3.758260 -3.758980 0.120215 -6.036807 -6.595024 -2.530059 -2.384695 0.380976 -3.674202 -6.231254 -3.500584 0.400328 -4.724528 -1.905988 -5.636052 -4.596688 -2.512976 -2.636711 -3.869537 -2.669087 -4.760814 -6.851668 -3.027346 -5.765377 -7.029484 -7.018614 -2.206421 -4.514663 -5.627344 -4.834815 -0.294613 0.522961 -1.743055 -3.157274 -4.924720 -2.503600 -0.785177 0.889111 -5.697228 -2.982760 -3.261595 -2.270155 -5.625018 -6.372702 -4.789724 1.771627 -4.835364 -6.876640 -0.505555 -7.822399 -1.293698 -0.294994 -6.961008 -7.182842 -7.408383 -5.327097 
-2.914017 -3.368516 -3.978280 -2.687660 -2.685137 -6.329008 -2.107407 -6.578458 -4.676774 -2.995730 1.205521 -6.163151 -2.539187 -4.025890 -6.118156 -3.664572 -3.761476 0.015103 -2.960589 -4.945053 -2.480906 -2.343241 -0.367925 -3.610909 -0.303928 -3.229428 -6.962721 -4.698277 -5.679379 -4.548261 -4.760185 -2.512976 -2.909076 -3.702600 -2.669087 -4.760814 -6.842673 -3.039065 -2.692278 -7.694128 -0.493715 -2.085560 -4.447410 -5.654008 -4.865855 -1.472702 -1.672214 -4.838027 -3.109724 -4.910238 -2.625067 -1.401765 1.037791 -5.697228 -2.821207 -5.887149 0.540253 1.158972 -7.518095 -1.881873 
-2.914017 -3.328665 -4.213424 -2.687660 -2.685137 -6.224981 -2.096172 -6.821482 -3.910933 -2.995730 -1.446793 -5.002640 -2.578529 -4.208671 1.274960 -3.714516 -3.607998 0.069813 -2.751501 -4.708171 -2.553582 -2.218425 -0.377149 -3.634308 -0.546105 -3.161945 1.199703 -4.509276 -5.491593 -6.173978 -5.159614 -2.475169 -2.990404 -3.805907 -2.747913 -4.586627 -8.072815 -3.017272 -1.700345 1.173206 -0.100767 -2.182659 -2.449505 -5.593987 -4.854410 -7.380735 -4.538352 -6.966785 -3.014302 -7.347173 -2.754704 -1.281378 1.285310 -5.677574 -2.830911 -0.070318 -6.931983 1.427313 -1.570169 -7.695283 -7.063812 -7.498778 -4.415841 
-2.950414 -3.328665 -3.832041 -2.652988 -2.579211 -7.084887 1.513426 -2.071624 -4.354949 -2.898594 -0.576357 -5.040561 -2.574712 -5.594762 1.370733 -2.626735 -3.859721 0.780338 -2.709487 -4.759002 -2.553582 -2.218425 -1.399164 -3.668859 -4.025938 -3.161945 -4.363618 -4.479207 -5.491593 -5.260394 -4.796687 -2.475169 -2.903931 -3.713052 -2.496136 -4.659324 -4.823567 -3.002156 -1.977573 0.792756 2.161402 -2.340492 -2.218042 -5.608922 -4.783277 -6.108965 -4.369576 -3.704438 -3.181422 -2.247013 -2.754704 -1.568450 -7.767509 1.074213 -6.756687 0.576538 1.064617 -1.693913 -4.183658 -3.648685 1.668335 1.457101 -2.755158 
-2.950414 -3.301949 -3.889518 -2.681537 -2.579211 -2.726297 -4.369901 -2.592766 -4.459121 -2.898594 -5.930126 -4.913630 -1.396195 -6.146328 1.442091 -4.583686 -3.914814 -2.254514 -2.469608 -4.826506 1.430591 1.361317 -2.058087 -3.531577 -4.102396 -3.422851 -4.175249 -4.479207 -5.491593 -5.579034 -4.395844 -2.475169 -2.858151 -3.958317 -2.676251 -4.635115 -0.710288 -2.886853 -2.126917 -2.603389 0.459778 -2.241603 0.652770 -5.682205 -4.905856 2.282880 -4.315288 -3.704438 -3.430812 -2.178702 -1.118632 -7.722628 -7.057370 0.492390 -6.274922 -1.644241 -5.824490 -8.001182 0.734196 -1.028164 -6.654054 -0.172672 -2.162233 -2.092054 1.273423 0.351204 -2.570527 -6.666164 1.604493 -2.032966 1.974986 
-2.958767 -3.306168 -3.794108 -2.674039 -2.579211 -5.379772 -4.420378 -2.592766 -4.719950 -3.120792 -5.775429 -4.743217 -0.635184 -4.317163 -1.129615 -2.558061 -3.831094 -1.842659 0.065935 -4.990816 1.218321 1.220338 -7.324169 -3.531577 -4.042322 -3.608534 -2.122621 -4.481394 -5.466300 -3.586882 0.059122 -2.494486 -2.910957 -3.981243 -2.508838 -4.597895 -1.651760 -2.840540 -2.022781 -3.055591 -1.888863 -2.198492 1.947187 1.811851 -4.873541 -0.251799 -4.343451 -3.572959 -3.754277 -2.098073 -0.148974 -1.902914 -5.563462 -3.435070 -7.844102 -0.518992 -5.735277 -1.518367 -7.693215 -7.274162 -8.450104 -1.627610 -6.455250 
-3.002961 -2.960070 -3.794108 -2.696795 -2.626199 -5.729826 -0.278487 -2.592766 0.920990 -3.130983 -5.726180 -4.863492 -0.826476 -1.450450 -2.116522 -2.560113 -3.780838 -1.613709 1.723962 -5.369406 -1.885582 -6.403234 -6.390310 -3.531577 -0.708533 -3.582135 -2.151106 -4.471435 -5.316830 -2.492030 -6.422955 -2.605048 -2.655041 -4.063692 -2.572655 -4.582977 -4.141888 -2.840540 -1.837673 -2.870510 0.285373 -2.261528 -2.865435 0.437648 -5.049408 -4.773755 -4.089870 -3.572959 -3.754277 -2.159997 -5.461449 -0.853011 -5.595249 -1.972108 -4.155345 -3.895715 -0.731300 -5.586281 1.213165 -6.899148 -6.891219 1.488522 -7.356718 1.098174 -0.773724 -7.085742 
-3.011698 -3.058105 -3.782475 -1.354446 -2.961093 -5.644350 0.255820 -2.705743 -3.745528 -7.365716 -6.594366 -4.921879 -3.500261 -1.660540 -2.001904 -2.560113 -6.198249 -7.143491 -2.972440 -5.361189 -5.819861 1.988872 -7.912306 -3.531577 1.063733 -8.016693 -5.785295 -4.471435 -5.658323 -2.633281 0.538094 -2.595003 -2.458720 -3.996944 -2.693441 -4.542355 -4.159816 -2.878925 -2.124892 -4.192054 -7.402201 -2.261528 -6.596033 -5.543983 -4.872749 -4.334539 -4.017914 -3.572959 -3.749978 -1.899225 -2.690851 -1.425180 -5.668078 -3.567679 -4.886551 -1.584674 -0.223278 -7.539817 -0.867762 -6.936745 -0.987940 -0.204219 -7.292844 -1.726368 -5.165887 
-3.051376 -2.931165 -3.722039 -3.071223 -2.131472 -5.931981 0.404423 -2.694675 -4.049639 1.835642 0.647733 -4.963872 -3.358446 -7.131252 -2.863366 -0.838770 -5.455126 -1.997507 -3.058463 -0.402629 -5.778006 -5.220069 -1.297339 -3.531577 -1.998114 -4.859040 -0.020304 -4.261244 -5.588134 -2.623012 -8.294646 -2.436188 -2.664038 -3.945700 -1.024432 -4.466155 -3.968193 -2.863058 -1.879376 -4.192054 -2.892960 -2.089510 0.886326 -2.464915 -4.881059 -4.755365 -3.961217 -3.572959 -3.749978 -1.943740 -2.772629 -2.518432 -5.668078 -3.658077 -0.543183 -3.439485 -3.142733 -4.006727 -7.757278 0.137266 -5.230056 -7.341618 -2.879886 -7.312914 -5.428767 -7.803296 -7.005161 -7.654278 -7.404424 -5.482511 -4.834440 -2.535056 -0.667049 
-3.051376 -2.931165 -3.531079 -3.180929 -2.570843 -2.165924 -5.353789 -2.708508 -3.142733 -1.477371 -1.496505 -4.953051 -3.507074 1.474524 -2.751382 -1.111100 -2.166428 -5.693169 -5.818351 1.197371 -1.889914 -5.367993 0.142717 -3.531577 -1.139120 -0.197507 -6.966827 -4.357061 -5.492314 -2.625861 1.575259 -2.475980 -2.365963 -3.964316 -3.768832 -4.539263 -3.940372 -2.896730 -1.833826 -4.350689 -1.241706 -2.167197 0.264033 -2.475273 -4.935597 -5.512745 -3.961217 -3.604347 -3.642652 -2.002131 -3.882583 -1.656669 -7.195803 -4.495037 -1.501785 -1.329029 -7.516104 -5.855571 1.118487 -7.421731 -4.804928 -4.025551 0.475071 -4.796751 
-3.092718 -2.906186 -3.531079 -3.143883 -2.570843 -2.217896 -3.292422 -2.686994 -3.180235 -7.507835 -5.587744 -4.953051 -3.531780 0.452948 -2.338516 -1.068054 -2.674527 -5.668069 0.253991 -6.012212 1.119734 -5.013994 -6.261397 -3.533668 -0.849370 -0.160114 -4.691166 -4.299056 -5.511681 -2.625861 -5.282222 -2.450773 -2.615297 -4.004873 -3.666324 -4.445270 -3.632813 -2.896730 -1.907569 -4.279575 -4.659198 -2.172106 0.399861 -2.159722 -4.978448 -7.005996 -4.081932 -3.604347 -3.650704 -6.137315 -5.314205 1.792369 -5.951084 -1.575509 -1.461985 -1.528816 -2.480981 -1.218817 -4.311958 -1.689776 -4.671738 -1.473789 -5.762913 -0.701791 -7.169553 
-3.021356 -3.431156 -3.590790 -3.124952 -2.570843 -2.584769 -3.272412 -2.753406 -2.984222 -2.600788 -2.023697 -4.953051 -3.354109 -1.041626 -2.183668 -1.554948 -4.485701 -5.668069 -4.281871 -1.057619 0.416197 -5.013994 -5.707840 -3.497072 -6.140715 0.523177 -4.632721 -4.336682 -5.636066 -3.945103 0.186220 -2.450773 -2.386701 -3.993857 -3.594402 -4.445270 -4.862288 -6.061654 -1.988590 -4.258846 -6.147266 -2.179363 -3.915814 -2.275792 -4.978448 -4.929962 0.257537 -3.613744 -3.733599 -7.419758 -1.503515 -7.874007 -5.782424 -0.388439 -1.472181 -3.033864 -3.977731 -2.294641 -2.412191 -6.459462 1.854870 -7.507803 0.919829 -5.499859 
-2.889200 0.900941 -5.718854 -3.796929 -2.667928 -2.543673 0.761244 -2.721828 -3.089157 -2.600788 -1.442322 -4.953051 -3.313641 -3.227601 -3.956877 -5.117107 -0.291879 -5.517587 -5.406227 -3.977902 0.826803 -3.859103 -7.708658 -3.497072 -6.082375 -6.422200 -3.103783 -4.268546 -5.655109 -5.879751 0.173219 -2.465821 -2.758869 -3.993857 -3.850276 -4.445270 -1.979276 -3.841743 -1.990742 -4.274182 -6.008103 -2.553010 -4.309071 -2.584184 -4.966656 -1.155949 0.270927 -3.613744 -3.166786 -4.149159 -2.852309 -0.175910 -5.762354 -7.280000 -0.183191 -2.824528 -6.018895 -5.902316 -6.975710 0.832705 -0.309364 -1.985172 -6.559382 -5.925222 0.127607 
-2.889200 -0.023430 -6.637091 -5.036215 -2.667928 -2.505182 -0.109071 -2.656801 -3.217069 -2.600788 -3.858951 -2.886375 -3.561581 -3.503832 -5.287190 -5.233767 -5.330854 -5.517587 -4.323920 -6.923319 0.191461 -1.753914 -2.259054 -3.472518 -7.668116 -3.038128 -3.092755 -4.415669 -5.655109 -5.479014 -4.825928 -2.511230 -2.487110 -4.045838 -4.087878 -4.445270 -2.195800 -7.763271 -2.127952 -4.330314 -5.883504 -2.528166 -4.072875 -2.584184 -5.135001 -1.489463 0.227707 -3.537077 -3.166786 -5.974005 -2.756927 -3.724012 -4.182426 0.815895 -7.712170 1.010734 -6.495286 -2.326514 -0.373121 1.519999 
-2.860066 -6.382491 -0.230041 -4.877648 -2.667928 -2.505182 -6.151014 -3.464329 -3.823020 -2.600788 -2.177131 -2.886375 -5.097851 -3.983914 -5.322335 -5.233767 -5.872381 -5.561584 -5.856380 -1.874713 -2.716812 -3.676009 -5.737956 -3.470123 -7.639543 -2.454530 -3.459055 -4.415669 -5.595105 0.163618 -4.825928 -2.511230 -2.498904 -4.133020 -4.018876 -4.459887 -1.578266 0.964806 -2.060916 -4.330314 -6.584952 -2.501692 -4.116746 -2.367428 -5.072390 -1.988047 0.878049 -3.507527 -3.155753 -6.056083 -2.770849 -2.520773 -4.202629 0.213659 0.361371 0.137560 -3.287262 -7.004930 -4.610221 0.618987 -6.139621 -2.169357 -4.669088 -4.911921 -5.453712 -7.160170 
-2.839755 -1.338777 -1.900863 -7.876794 -2.448843 -2.505182 0.796737 -3.472102 -3.563952 -2.647991 -6.633524 -2.872640 -6.823437 -4.037601 -2.578670 -5.233767 -7.435214 -5.470773 -5.879955 -2.258542 -7.597783 -4.784101 -2.012542 -3.225905 -6.934225 -2.547056 -3.172638 -4.415669 -5.481505 -7.149619 -4.849277 -2.509391 -2.374534 -4.133020 -3.762097 -4.459887 -4.484130 0.976350 -1.937078 -4.281187 -0.393992 -2.295040 -4.116746 -2.612958 -7.319249 -3.937622 -0.144604 -3.462022 -3.127398 -6.202772 -2.797747 -2.618793 -4.241902 0.135004 0.356339 -2.631791 -3.214295 -4.981765 -6.684712 -3.849444 -8.211751 -7.187657 
-2.825217 -1.607788 -2.438766 0.421551 -2.490059 -2.505182 -5.432410 -3.472115 -3.614051 -2.647991 -6.899748 -3.035813 1.317936 -4.073550 -2.146971 -5.413911 -1.813316 -5.615445 -6.066170 -0.171796 -3.664667 -4.670690 -2.380429 -3.378728 -6.322751 -2.620439 -3.146355 -4.409958 -5.521933 -6.916975 -4.816839 -2.449704 -2.687172 -3.991659 -3.876066 -4.525910 -4.946137 0.473930 -2.113482 -4.301249 -0.064225 -2.326121 -4.116746 -2.853181 -6.845215 -7.483683 1.245474 -3.465219 -3.261902 0.154229 -2.756673 -2.287264 -4.251252 -1.202992 -1.937567 -2.550938 -3.208535 -3.337379 -5.269979 -6.264625 -3.342179 -2.933942 0.116691 -1.986081 -2.140085 -1.108582 -4.426336 -7.421317 -7.521670 -6.248073 1.930382 -4.503103 -6.742221 -7.919083 
-2.851453 -3.987733 -5.999133 0.327510 -2.518708 -2.531353 -2.619232 -3.556116 -7.176517 -2.647991 -2.351151 -3.093099 -5.816023 -4.105331 -1.397239 -5.456570 -2.229533 -5.615445 0.248174 -4.413095 -3.918187 -5.053844 -1.770331 -3.413380 -6.171179 -2.616541 -3.135194 -4.409958 -2.103267 -6.741205 -4.925369 -2.367904 -2.459652 -4.053778 -3.800497 -4.467011 -4.998260 1.759761 -5.509499 -4.279395 -0.039056 -2.471695 -4.009176 -2.633237 -1.093793 -6.985942 0.892042 -0.557750 -3.149362 -0.903391 -2.845932 -3.421278 -4.347638 -2.171022 -2.439206 -2.490335 -3.273632 -5.109557 -2.731598 -6.069424 -5.307783 1.440394 -1.819655 -5.933655 -0.457473 -2.626634 -5.857740 -7.004031 
-2.995871 1.257801 -4.201279 0.483885 -2.582669 -2.283412 1.219540 -3.296160 -2.792173 -2.673636 1.395046 -3.021860 -5.961811 -3.688614 -0.401080 -5.360598 -1.730720 -5.546689 -3.782280 -3.767078 -2.363039 -5.303202 -5.353259 -3.680796 -6.171179 -2.329479 -3.407457 -4.409958 -1.531093 -2.730121 -4.958075 -2.322536 -2.640759 -3.765622 -4.018192 -4.467011 -4.987851 -6.033763 -5.452447 -4.279395 -1.522376 -2.393918 -4.143334 -2.472118 -2.719194 -0.342734 1.355048 -4.040411 -3.026385 -0.526324 -6.783082 -3.129424 -4.273698 -2.074507 -2.809040 -2.414262 -3.285338 -6.784080 -2.704606 -6.058299 1.512112 1.808643 -2.451150 -0.431837 -2.761901 0.957723 -1.628185 -1.373777 -2.141834 -7.036322 -7.770898 -6.186360 -2.497246 
-2.928824 -2.174571 -0.433851 0.154651 -7.656345 -2.160814 -0.104579 -3.388189 -5.219164 -2.673636 -4.140201 -3.085877 -1.551916 -3.456478 -7.791523 -7.026761 -5.839169 -5.651990 0.765314 -6.427247 -2.152178 -5.604585 -5.316730 -3.623392 -6.171179 0.924530 -6.058299 -4.409958 -2.751222 -2.922925 -4.657061 -2.322536 -2.592999 -2.605279 -6.407599 -4.467011 -4.931522 -6.610800 -5.629029 -4.279395 -3.902123 -2.602133 -4.129351 -2.496631 -7.199392 -3.679932 -1.377692 0.815915 -3.070809 -0.968576 -2.584844 -3.093929 -4.129899 -1.978082 -0.724091 -2.072906 -3.259356 -6.170340 -2.788850 1.436564 -5.247505 -3.287660 -2.747155 -6.200580 -3.751275 1.194367 -5.295746 2.169031 -1.459853 -6.689231 
-2.867467 -1.979922 -0.213653 -2.025466 -2.580559 -2.126611 -1.903483 -3.468564 -6.094729 -2.685915 -5.596032 -3.102921 0.669366 1.740585 -6.692619 -7.020018 0.387931 -5.685583 -1.704303 -1.932259 -2.152178 -5.362273 -4.001356 -3.657614 -6.171179 -3.491191 -6.099980 -4.409958 -2.716040 -2.666310 -4.374127 -2.493039 -2.484720 -2.549694 -7.656729 -4.458206 -5.013788 -6.549704 -5.629029 -4.338542 -3.635858 -2.335764 -4.129351 -6.439773 0.805716 -2.520080 -5.634522 -4.129095 -2.584909 -1.443227 -2.645712 -3.154319 -3.413791 -6.919245 -0.227413 -3.049596 -3.919001 
-3.108451 -2.049920 -5.138753 -1.583171 -2.553647 -3.545531 -1.965988 -3.375191 -2.684555 -2.709849 -2.567419 -3.132787 -6.168715 -4.825120 1.312638 -5.891963 0.936355 -5.687239 1.171439 -3.247536 -2.195163 -5.237644 -4.072638 -3.881571 -6.171179 -3.491191 -6.103728 -4.409958 -2.844357 -6.436386 -4.251391 -2.493039 -2.369305 -2.586143 -4.323222 -4.458206 -4.798461 -3.856620 -5.595508 -4.389466 -3.635858 -2.294155 -4.036689 -1.696824 1.082634 -2.578483 -6.221616 -4.262617 -2.128211 -1.402089 -2.655768 -3.154319 -3.275800 -6.341541 -2.809826 -0.275634 -2.628386 -2.184826 -1.424513 -5.075598 0.520400 1.130210 0.338105 0.044332 -0.190974 -7.539593 -6.145347 -3.636610 -0.420083 -4.456674 
-3.071099 -2.588997 -8.027266 0.299607 -2.208696 -1.715225 -1.927610 -3.528227 -3.771887 -2.634140 -2.576614 -3.226196 -4.893990 -8.145067 0.804950 -5.818921 -0.206601 -5.588782 1.373686 -3.178934 -2.195163 0.161613 -4.109905 -3.856931 -6.339799 -3.462832 -6.142138 -4.395690 -2.844357 1.476920 -4.251391 -2.505058 -2.401234 -2.586143 -4.114438 -4.458206 -4.957055 -6.581102 -5.643421 -4.258956 -3.874006 -2.219277 -4.135322 -1.535633 -3.818411 -2.683427 -2.302882 -0.159520 -2.949233 -1.457334 -2.751997 -3.677197 -3.393179 -3.741571 -1.815655 -0.263051 -1.230878 -6.722047 -6.961924 -1.841615 -3.972505 0.576495 1.436869 -0.058634 1.270713 1.494019 -0.595561 -6.304117 -1.388136 -6.161986 1.457185 2.172487 -7.318631 -7.727398 
-3.041446 -0.343691 -4.541039 -7.601640 -2.208696 -1.978491 1.080942 -3.481610 -3.921717 -2.611623 -2.588729 1.938950 -1.797188 1.979725 0.419757 -5.930483 -6.877003 -5.643348 -1.380365 -3.091199 -2.233373 -3.106752 -5.303881 -6.847372 -6.388411 -3.924051 -5.885714 -4.387648 -2.806648 1.609233 -4.252855 -2.505058 -2.377870 -2.671279 -4.951349 -4.451971 -4.957055 -7.035162 -5.643421 -4.189657 -3.754745 -2.122190 -4.037502 -4.905861 -3.769524 -2.360207 -1.205327 -3.594859 -2.959125 -1.257648 -3.049238 -3.676517 -3.253999 -3.684837 2.264862 -1.854007 -1.950455 -0.497706 1.061738 -1.183632 1.984222 0.762293 0.718943 1.759350 1.966346 -5.443461 -4.200972 -0.818102 
-3.041446 -1.529842 -7.823004 -1.791966 -2.208696 -1.866084 0.775363 -3.524489 -1.676357 0.092993 -2.868774 1.107156 -3.833032 -1.690584 -4.548414 -5.904194 -2.285259 -5.508088 -0.031876 -7.423977 -2.182537 -2.749710 -2.393560 -2.708194 -6.095834 -3.622677 -7.449832 -4.374339 -2.840266 -1.086076 -4.252855 -2.560451 -2.565493 -2.435062 -3.968974 -1.940948 -4.996106 -0.525878 -5.587474 -4.190881 -3.968673 -2.143714 -4.099981 -3.872305 -3.815125 -2.953800 1.807935 -7.475417 -2.693180 -3.721955 -2.994675 -3.707351 -3.318398 -5.411559 -6.851478 -8.092125 1.077236 -6.516177 
-2.981909 -7.646084 -1.597885 1.041359 -3.992653 -2.246231 1.119671 -3.316281 -4.500272 0.092993 -2.752940 -1.977755 -3.883863 -5.658663 -4.545009 -5.735524 -2.300885 -5.632464 -0.200094 -5.234315 -2.198281 -2.759932 -2.328541 -2.718303 -5.907198 -3.588472 -2.752491 -4.437006 -2.929481 -4.657492 -4.400385 -2.475151 -2.351059 -2.610218 -3.960847 -2.690272 -4.996106 -0.790593 -5.559013 -4.277969 -3.769366 -2.238125 -4.102752 2.076272 -3.829758 -2.897437 -6.924508 -5.544793 -3.200737 -2.111492 -3.087588 -3.534325 -3.473093 -2.104886 -5.673690 -3.823842 -0.501664 -4.273706 -1.562878 1.612934 -1.060398 -0.260638 -7.448642 -6.695095 -2.224710 0.376115 2.333123 -3.826686 -6.364043 -6.135533 -6.302836 -8.072502 -7.759395 -3.790739 -4.485767 
-2.981909 -4.480093 -3.572659 -0.067764 -1.831875 -2.289896 0.144978 -3.316281 -2.773630 -2.897134 -3.058191 0.370292 -3.530611 -8.395454 -4.499167 -5.815691 -6.042253 -5.677534 1.111523 -2.632230 -1.903575 -3.090634 -2.499222 -2.718303 -6.361233 -3.643633 -2.724208 -4.377014 -3.567545 -4.145677 -4.312904 -2.475151 -2.534491 -2.664753 -3.746117 -2.908938 -4.996106 -0.323399 -5.559013 -4.520582 -3.639477 -2.253304 -7.211580 -1.408809 -3.711015 -3.141280 -0.897361 0.274313 -2.902038 -5.894302 -3.028265 -3.730061 0.816820 -3.217720 -6.848049 -3.829696 -5.937351 -5.680227 -2.782097 0.396113 1.858749 -5.175870 -1.612630 -2.762570 
-3.029076 -5.087639 -3.156331 -2.849839 -1.694038 -2.343487 0.958580 -3.316281 -2.815107 -3.301775 -2.982080 -6.477824 -3.421022 0.177085 -4.436018 -5.512571 -6.556070 -5.677534 -2.391370 -2.740295 -7.429041 -3.752106 -2.228801 -2.718303 0.886351 -1.859456 -3.780341 -4.398165 -3.435387 -4.091301 -4.606560 -2.416716 -2.832480 -0.553047 -3.733896 -0.354219 -5.047047 -1.126898 -5.500446 -4.283141 -4.106195 -2.562828 -0.406577 -3.584153 -3.279340 -2.816393 -6.616054 -2.977495 0.209825 -5.916909 -2.947687 -3.493452 -6.027864 -4.478671 -2.695360 1.513802 -4.367400 -2.442792 -3.121331 0.720960 0.981135 -0.514123 -5.685068 -2.745607 -5.355583 -6.331587 -6.658206 -0.516060 -3.791543 -3.870535 -3.674559 -7.857920 -4.678868 -0.469780 -4.489429 -6.616255 -4.987993 -4.581256 -4.198294 -3.296468 -6.559154 
-3.029076 -4.836633 -1.312660 -2.727419 -0.150527 -2.202776 0.956502 -3.047483 -2.815107 -3.229674 -2.787460 -0.050595 -2.044295 0.182460 -4.592963 -2.878053 -2.615035 -5.596417 -2.637092 -3.293214 -5.734267 -3.683188 -2.087829 -0.102080 -0.610894 -5.306156 0.218576 -4.398165 -3.878329 -4.026314 -4.504251 -2.572247 -2.439260 -6.374820 -4.254181 -2.283542 -5.047047 -0.849426 -5.580006 -4.346241 -3.412832 -2.473917 -4.087315 -2.839002 -3.180581 -2.830654 -1.913420 -7.428560 0.284514 -6.409360 -2.966905 -3.582654 -6.223234 -2.707990 -1.666324 -3.453601 -2.595765 -3.840507 -3.081754 -3.271390 -5.220882 
-3.064852 -2.490091 -1.893581 -2.630229 -2.583932 -2.307360 0.791206 -3.035840 -2.815107 -3.563569 -3.162740 -2.670587 -2.237626 -7.522807 -5.793534 1.710768 -1.636798 -5.596417 -2.485090 -3.818705 -5.358581 -3.641704 -2.087829 -3.359363 -6.183141 -5.313918 0.017281 -4.383586 -3.926317 -3.986096 -4.474773 -2.655261 -2.592931 -3.216771 -3.621572 -2.298178 -5.019427 -0.813860 -5.580006 -4.490130 -6.516359 -2.541974 -4.055064 -2.839002 -0.809915 -0.898540 -5.712053 -1.935185 0.409843 -6.928777 -2.995145 -3.452261 -5.880448 -2.707990 -3.531180 -3.513207 -6.959240 -0.386495 -3.745110 -4.463091 -7.712900 -6.259614 -8.486752 -6.681212 -7.239683 0.473203 0.346730 0.014852 
-3.105575 -6.251619 -1.850371 -2.584385 -2.583932 -2.240229 -6.391656 -2.991040 -2.815107 0.725917 -2.887921 -6.665270 -0.244766 -6.829860 0.399562 -5.984991 -2.955590 -5.418399 -5.090269 -3.643883 -2.647783 -3.598082 -2.391052 -3.421035 0.927129 -6.344038 -2.205592 -4.216219 -4.093441 0.454799 -4.699453 -2.496377 -2.888434 -3.052850 -3.509379 -4.559517 -5.016381 -0.898599 -5.580006 -4.518710 0.230663 -2.471624 -5.628614 -2.775850 -0.366386 -4.182205 -5.602879 -1.957207 -7.176622 -6.501766 -2.979614 -3.305494 -8.038005 -2.707990 -3.185038 -3.361867 -6.057144 -0.064886 -4.099792 -4.556414 -3.135011 -0.233632 1.741488 1.416654 -5.289259 0.925382 -4.780309 -3.285475 -4.069002 -0.423907 -3.762605 1.895849 -6.316459 -4.448777 -3.428002 -3.566437 0.879594 
-3.085783 -1.155600 -1.986926 -2.691356 -2.468339 -0.465744 -6.150223 1.741886 -2.915591 0.205407 -2.030074 1.035172 -1.268903 -5.289259 -3.658370 -1.656183 -3.134799 -5.453310 0.898787 -3.516773 -2.312500 -3.713874 -2.430657 -3.196484 0.821002 -6.286886 -2.455532 -4.290123 -4.093441 -4.099780 -4.334285 -2.496377 -2.769246 -2.862161 -2.969411 -2.371495 -5.016381 -3.256224 -5.513340 -4.518710 0.230663 -2.517133 -6.146620 -2.666291 -0.252826 -6.550351 -5.685834 -2.654471 -1.314490 1.909257 -3.034822 -3.376935 -1.506148 -2.637840 -3.108498 -3.541608 -4.191988 -3.039723 -4.020606 -4.633876 0.277659 -8.015445 1.773574 -3.980535 -7.723067 -4.746849 -3.927088 -2.851396 -7.596672 -5.684483 -4.087823 -1.544048 -1.129441 -5.517813 -6.218575 -6.846479 -1.473684 
-3.082245 -1.130717 -2.037299 -2.581966 -2.468339 -5.509614 -6.065751 -2.198555 -1.378743 -2.529622 -3.794358 -2.396277 -2.315409 -5.165161 -3.598591 -3.241109 -3.030157 -5.407313 -8.353514 -5.538285 -0.522592 -3.747969 0.312287 -3.138177 0.736374 0.561956 -2.131303 -4.342419 -3.944481 -5.154729 -4.562922 -2.468687 -2.476685 -3.198929 -3.031401 -1.557881 -5.070515 -7.507225 -5.540095 -4.601880 0.415215 0.135944 -5.973423 -2.666291 -2.696657 -6.367993 -5.872808 -2.529212 -0.443327 -4.766839 -3.082262 -3.708273 -7.424768 -2.645659 -3.035635 -3.359975 -4.137654 -2.883155 -7.243703 -4.609778 -5.045237 -6.206915 -1.248655 -6.024278 -7.973786 -0.827648 
-3.158782 -1.290887 -7.556931 -2.640033 -2.474863 -1.711896 -5.813479 0.652217 -1.985475 -2.297657 -3.794358 -2.449112 -7.010066 -5.123549 -3.496976 -4.367641 -3.005073 -7.762648 -0.539004 -1.458722 -3.059391 -3.733124 -2.833919 -3.236329 -2.247814 -4.352647 -2.111035 -4.252933 -3.630490 -5.559837 -4.614444 -2.507344 -2.726798 -3.053186 0.187786 -4.055067 -5.010670 -3.441911 -5.540095 -4.142695 -4.494778 -0.323672 -0.513752 -2.685311 -3.280372 0.824592 -5.660179 -6.410747 -6.868868 -5.657247 -3.099366 -3.297912 -1.560576 -2.645659 -3.076820 -3.314909 -0.900725 -6.393700 0.357782 -1.630887 1.154589 -6.231336 0.627513 -5.350026 -6.238999 -7.539469 0.778610 1.084380 
-3.174323 -4.469338 -6.640632 -2.924685 -2.474863 0.152815 -7.729597 -1.493006 -2.082644 -1.060780 -4.005807 -2.416217 -1.105013 -5.164179 -3.496976 -4.416121 -3.084805 -3.112535 -3.066565 -5.606256 -4.688301 -3.534937 -0.839253 -3.345689 -2.762886 -4.736255 -1.920930 -4.252933 -3.833738 1.814954 -4.482082 -2.493628 -2.692084 -3.053186 -4.542590 -4.165451 -5.010670 -3.392400 -5.598806 -0.037254 -6.980205 -0.305362 -7.694196 -2.648108 -3.320857 0.897772 -7.042547 -6.760966 -3.982960 -5.521818 -3.077285 -3.422713 -7.503662 -2.602641 -3.276385 -2.146007 -0.849303 0.953898 0.302719 -3.721723 -1.132309 -5.777134 -2.386956 -3.127617 
-3.199804 -4.605143 -6.198434 -2.939137 -2.482511 -1.754152 -2.207846 -4.187220 -2.046665 0.694811 -4.015943 -2.348651 -1.099426 -5.224555 -3.556794 -4.578918 -3.062543 -2.975717 -6.328468 -5.620555 0.752444 -3.669083 -3.968272 -3.259511 -2.728405 2.268254 -2.111804 -4.207350 -0.672786 -3.281001 -4.346215 -2.494119 -2.594774 -2.873853 0.695339 -4.175821 -5.084917 -3.352584 -5.511301 0.787650 0.582299 -2.923026 -7.040053 -2.659055 -3.268790 -6.151639 -7.674256 -5.186089 -3.982960 -5.569527 -3.030050 -3.548657 -1.201918 -2.602641 1.551407 -4.510818 -8.124620 -3.045885 
-3.199804 -4.564555 -6.000860 -3.011789 -7.848109 -2.171007 -1.691128 -4.013070 -2.302674 -3.026715 -3.996896 -2.198030 -7.392648 -5.361325 -3.556794 -4.578918 -3.062543 -2.409865 -5.439802 -5.801880 0.714303 -3.554925 -3.162887 -3.079171 -2.975768 -2.449971 -1.985451 -4.348772 -6.814629 -3.204901 -4.494756 -2.456154 -2.654374 -2.646638 0.246905 -4.294241 -4.989676 -3.453380 -5.436991 -2.328997 0.314999 -4.909790 -5.523905 -2.659055 -6.719278 -6.371792 -6.862577 -0.184686 -3.977352 -1.545302 -3.030050 -3.548657 -1.134078 -2.548944 -7.604332 -4.897670 -4.979692 -6.676543 0.049833 0.628263 -3.109859 -3.375775 -8.054214 -0.335081 
-3.187219 -4.699558 -6.648316 -5.294605 -3.542678 -5.771106 -2.331207 -3.954208 -5.814900 -1.919594 -4.041245 0.818127 -2.472510 -5.361325 -3.579374 -4.578918 -3.210608 -7.265968 -5.487070 -4.057879 0.751207 -3.745903 -2.203091 -3.096144 1.218994 -3.728727 -1.961162 -3.697768 0.502969 -3.319392 -4.494756 -2.456154 -2.883407 -2.817883 -7.473974 -4.282890 -4.989676 -3.440830 -5.518632 -2.842776 0.626286 -0.480967 -6.120343 -2.659055 -0.640646 -2.732990 -7.202558 -6.636970 -4.168689 -4.090282 -2.984649 -3.613267 -1.497067 -2.545973 -2.976375 -7.451378 -4.410614 -3.349793 -5.985997 0.649487 -2.532787 -1.315129 -2.250467 
-3.187219 -7.761119 -6.628293 -5.801964 -5.768380 -3.535407 -2.347552 -5.951985 -2.294771 -5.578830 -4.041245 -7.719498 -3.876214 -5.359430 -3.579374 -4.631034 -3.110843 -6.644693 -5.617938 -7.121970 0.897406 -3.606368 -1.365996 -3.391904 -4.708284 -0.565368 -1.942820 -3.166706 -6.805618 -1.810516 -4.631846 -2.456154 -2.712472 -2.448737 -1.543805 -4.459363 -4.857444 -4.015527 -5.569099 -4.360064 -4.144565 -7.756395 -0.092807 -2.659055 0.211190 -2.916178 -2.631324 -3.260376 1.012434 -4.591809 -3.039643 -3.546288 -4.778420 -2.545973 -3.058494 -1.533588 0.872421 -1.721229 
-3.143488 -3.119028 0.576344 -2.557339 -6.304441 -3.338156 -2.347552 -7.163331 -0.190196 -5.578830 -3.943178 -2.432139 -3.807124 -5.359430 -4.582735 -4.631034 -3.120412 -7.061733 -0.514761 1.005785 0.926323 -3.637609 -6.077502 -3.271945 -4.704291 -2.433653 -1.849447 -7.547789 -7.247308 -2.704084 -4.507330 -2.406342 -2.598687 -1.654990 -5.503255 -1.192273 -4.834141 -6.456793 -5.521722 -3.026212 0.348314 -5.247197 -0.102472 -2.677077 0.027402 -2.833204 -2.639236 -3.435705 -3.156400 -4.550596 -3.112450 -3.600523 -4.551921 -5.543484 -4.761903 -6.015672 -6.838698 -5.818526 -6.475168 -5.856375 -6.106146 
-3.153359 -3.044742 -3.403694 -2.510264 -3.336060 -2.900564 -2.175125 -5.260367 -0.148191 -5.578830 -3.954643 -2.304094 -3.955328 -5.359430 -4.363359 -4.623108 -3.120412 -5.648152 1.496248 -5.028683 1.373088 -3.747914 -0.251251 -3.108074 -6.073989 -2.221906 -6.254706 -4.193955 -5.626792 -2.131101 -4.835276 -2.293031 -2.575827 -2.885531 -5.445129 -1.903708 -4.834141 -7.745161 -5.689327 -2.921896 -1.652874 -7.028974 -0.475348 -2.601921 -0.096141 -2.412341 -2.761730 -3.346395 -4.906226 -4.939313 -3.139959 -3.663474 -4.081916 -1.049020 -7.486190 -7.796142 -4.942377 -7.311608 -6.182345 
-3.212075 -3.205182 0.116149 -2.510264 -5.908059 -3.165630 0.182993 -4.683441 -2.961954 -6.512320 -3.996500 -2.336750 -3.945151 -5.279153 -4.305614 -4.579567 -3.425170 -6.144715 -7.065020 -5.682845 0.975023 -3.649246 -2.173710 -4.710965 -2.051941 -2.137762 -2.656096 -2.960789 -4.391321 -2.744259 -4.672491 -2.270068 -2.716402 -3.149163 -0.159182 -1.929821 -4.676534 -7.766831 -5.545629 -3.204555 -4.567249 -3.539343 -0.209288 -2.787192 -3.964682 -5.414374 -2.722924 -3.266500 1.083709 -5.080889 -3.139959 -3.594401 -4.431128 -1.180485 0.776571 -4.316087 -1.393710 -2.261934 -7.273451 
-3.212075 -3.397132 -7.021433 -2.568502 -0.460180 -3.559234 0.441667 -4.601848 -3.174597 -3.159711 -3.901693 -2.285969 -7.373386 -5.184131 -4.001354 -4.648908 0.988504 -2.884540 -0.457828 -5.885794 -4.758689 -3.488983 -4.655140 -3.067549 -6.061233 -2.181508 -4.029623 1.295410 -2.248215 0.291266 -4.860012 -2.289763 -2.726802 -0.722839 0.207514 -2.215614 -4.624435 0.970794 -5.660186 -3.069895 -2.951154 -3.771693 -7.481651 -2.754997 1.271833 -5.584616 -2.841194 -3.266500 -3.391732 -5.032780 -3.192769 -3.596173 -4.351073 0.906498 -7.839776 -3.267628 -1.238468 -1.867978 -4.120498 1.761201 -3.842947 -2.057982 -1.014694 -2.054412 2.065613 -7.626402 -7.534781 0.545728 -7.639910 -5.572664 -6.222978 -5.152092 -8.241122 0.350207 -6.508288 0.944835 -0.306268 
-3.212075 -3.120224 -2.154179 -2.568502 1.701466 -2.593688 -2.090359 -4.126081 -3.149245 -3.040340 -3.924105 -2.434339 -7.897679 -5.197543 -3.933634 -4.616598 -3.840519 -2.957000 -3.183606 -5.453359 -4.771573 -3.556158 -4.122807 -6.686720 1.755264 -2.194367 0.032888 -3.556272 -2.248215 -0.917666 -4.755905 -2.330823 -2.788687 -7.349204 -7.358803 -2.517616 -4.426512 0.584855 -5.479059 -7.572465 -1.023853 -3.237169 -3.268179 -4.500396 -7.292634 -5.470078 -2.701005 -3.266500 -4.178496 -4.897244 -3.192769 -3.678532 -4.292300 1.479654 -6.309781 -4.389836 -1.382280 -1.795224 -1.255052 -0.217557 -6.313963 -1.548377 -3.853569 -6.928998 -6.802857 -3.714120 -7.747653 
-3.244637 -3.120224 -2.216090 -2.568502 -6.751190 -2.593688 -5.916126 -1.701892 -3.149245 -3.315617 -4.078161 -2.364804 -3.693321 -5.121459 -4.211168 -4.478253 -3.746018 -2.888715 -3.046393 -1.624385 -4.505406 -3.556158 -1.067291 -7.819316 -7.615952 0.972458 0.324318 -3.693397 -2.265758 -0.555711 -4.561161 -2.324903 -2.665493 -5.558597 -4.810527 -1.879402 -6.325047 -7.322134 -5.510795 -1.592985 -4.328296 -5.009218 -3.310070 -5.285310 -1.994455 -5.522674 -2.619419 -3.266500 -4.139359 -4.976520 -3.232420 -3.573439 -4.282094 0.564515 -4.809013 -0.643673 -6.325505 0.638801 -5.466482 -3.747242 -2.203854 -7.457075 0.399350 -5.647545 -5.838574 -4.693692 -4.287610 -6.165434 -7.123779 -6.598207 
-3.244637 -3.296501 -1.792813 -2.568502 -5.570877 -2.593688 -5.742659 -4.297290 -3.176050 -3.232723 -4.004813 -2.389137 -3.683534 -5.121459 -2.206262 -4.518614 -3.590463 -2.792373 -1.119429 -2.089186 -5.115956 -3.556158 1.490905 -5.362116 -4.242630 -5.354584 -5.475959 -2.090933 -2.265758 -5.956934 -4.561161 -2.324903 -2.621553 0.252373 0.436691 -2.065858 -0.391951 -3.189814 -5.397006 -7.811512 -4.360514 -6.221051 -3.124142 1.073301 -2.182228 -5.431824 -2.604989 -3.266500 -1.265934 -5.075519 -3.232420 -3.623468 -4.214737 -7.613201 -4.576332 -6.563621 -8.125611 -3.393741 -0.983927 -0.297882 -2.236908 -5.631900 -7.694225 1.460863 -0.272711 -4.335724 0.267626 
-3.244637 -3.198756 -6.149871 -2.568502 -0.983971 -2.593688 -5.731958 -4.297290 -3.176050 -3.283585 -2.106264 -2.341082 -6.747627 -5.121459 -0.893795 -4.587052 -0.767269 -2.794736 -5.929255 -2.001102 -0.711102 -3.643474 0.945435 -5.398798 -4.179985 -2.082307 -4.419190 -2.507203 -2.183718 -5.000870 -4.682618 -2.319355 -2.643778 -3.705324 0.268033 -1.582609 -4.169637 -0.496779 -2.201007 2.150792 -7.019627 -4.889346 -3.124142 -3.303564 -2.256399 -5.548953 -2.489469 -3.322700 -5.966523 -5.107214 -3.149380 -3.742606 -4.308763 -7.567461 -4.735769 -0.055576 -2.286283 -6.089337 -1.907809 0.866196 -4.617268 -2.806820 -3.838180 0.260034 -2.235294 -6.249113 
-3.244637 -5.086427 -2.234372 -2.568502 -4.783963 -2.607651 -5.999403 -4.496303 -3.124074 -3.276885 -7.191213 -2.213779 -3.211010 -5.097295 -3.716138 -4.621475 -0.640185 -2.811955 -7.485258 -1.713704 -0.950152 0.064093 -0.674416 -5.412714 -4.427721 1.592390 -6.459991 -6.750988 -2.231265 -3.103535 -4.639675 -2.293239 -2.593058 -3.447067 -6.021866 -1.817135 -3.668137 -2.057841 -6.386525 -1.272406 -4.117751 -4.948670 -3.124142 -3.292275 -3.373357 -5.616394 -2.567588 -3.353692 -1.741938 -4.942967 -1.065671 -3.621760 -4.371982 0.300603 -4.570300 0.031338 -5.811214 -5.950965 -1.819892 -6.437302 -1.973526 -6.947407 -5.364517 -1.570080 -1.034998 -8.320125 -7.355695 0.090085 -6.057073 -1.552225 -6.583996 -6.066105 -5.761427 -3.737984 
-3.244637 -5.045447 -2.308789 -2.566747 -4.690039 -2.572843 0.186565 -4.523512 -3.133172 -2.907999 -3.795656 -2.356527 -3.156709 -5.097750 1.580078 -4.633271 -2.197709 -2.885689 0.261207 -1.349252 -1.105758 -0.866736 -1.369556 -5.566831 -4.098001 -2.848454 -5.883111 -0.681692 -2.299248 -3.062448 -5.019269 -2.507401 -2.563848 -3.480316 -6.033465 -1.652288 -3.730941 -6.339398 -3.861393 -3.905207 -4.237019 -4.948162 -3.124142 -3.452925 -1.804447 -5.693083 -2.352082 -3.311697 0.083620 -6.985916 -5.068339 -7.717409 -4.181592 -0.835058 -4.570300 -0.883758 -0.799431 -5.983725 -2.312709 -4.188227 -7.281683 -5.624250 -0.161940 -4.322625 
-3.244637 -5.589698 -2.224816 -2.627128 -4.701514 -2.707048 -5.642679 -4.575628 -3.133172 -3.092534 -3.766574 -2.490177 -3.190423 -5.097750 -5.109290 -4.633271 -4.497433 -2.844659 -1.496118 -1.938885 0.437720 -1.730339 -0.722916 0.355937 -4.488266 -4.166296 -0.680399 -6.189483 -2.374024 -3.066826 -6.042403 -2.507401 -2.725840 -3.370459 -1.983600 -6.022171 -3.706184 -2.001108 -3.920140 -6.376015 -4.072628 -5.163723 -3.124142 -7.367878 -4.330377 -5.692003 -2.668048 -3.311697 0.208729 1.685947 -7.699296 -6.914073 -0.078241 -5.184577 -6.913872 -1.021197 -7.516582 -7.063818 -4.082381 
-3.248853 -5.589698 -2.199861 -2.651862 -6.111325 -2.695213 -4.380222 0.175793 -3.141010 -5.280494 -3.692656 -0.481950 -3.160705 -5.072614 -3.921265 -4.575038 -4.429079 -2.729121 -3.207918 -6.724236 -3.065958 -6.202498 -3.312518 0.693974 0.692047 -4.210135 -1.005917 -2.967682 -4.417257 -2.926982 1.912023 -2.507401 -2.539323 -3.432055 -2.492978 -4.728096 -3.843384 -2.080981 -3.669068 -2.328844 -7.140493 -5.163723 -3.101033 -0.133601 -4.229354 -5.692003 -2.583020 -3.310378 -2.452700 -5.917210 -2.187754 -6.695582 -1.714072 -6.494291 2.123740 -4.803227 -7.946424 -0.982340 -0.489078 -6.696523 -3.842048 -6.725545 
-3.162183 -5.568031 -7.104381 -2.651862 0.471618 -2.658209 -4.280345 -3.790671 1.487952 -7.384347 -0.897019 -2.079483 -3.163225 -5.233622 -4.194184 -4.603795 -4.830139 -0.960537 -1.784306 0.082036 -3.003310 -5.117323 -5.873524 0.226370 -3.245126 -4.210135 -1.031570 -3.048076 -4.417257 -3.110883 -5.284173 -2.470961 -2.579689 -2.006925 -2.286677 -4.681083 -3.823559 -2.082198 -3.662436 -2.199221 1.452258 -5.176368 -3.101033 -2.062987 -4.330279 -5.692003 -2.572636 -3.374050 -2.463509 -5.719693 -1.088713 -2.783936 -2.030179 -1.626335 -3.953915 -8.301973 -0.514532 -2.098096 -5.544595 0.275433 1.253080 -2.379770 
-3.186822 -5.619533 -0.399006 -2.656566 -6.414741 -2.658209 -6.875208 -3.874471 0.195535 -5.300467 -0.718875 -4.168843 -3.183067 -5.268520 -1.483347 -4.603795 0.370629 -4.004244 -4.102017 -1.215994 -3.057835 -2.130136 -1.884607 0.386839 -3.787836 -1.544023 -0.732952 -2.977577 -4.460081 -2.967560 -2.272151 -2.518505 -2.567853 -2.434215 -2.201854 -4.681083 -3.598866 0.896746 -3.527919 -2.293830 -0.298357 -5.213278 -3.021924 -5.579428 -4.464116 -5.666047 -2.608395 -3.386310 -2.295501 -6.007940 -2.032261 -6.162258 -1.979653 -2.133496 -0.332591 -1.123630 -5.162395 -3.773786 -5.716257 -4.162185 
-3.186822 -5.602739 -1.948208 -2.656566 -7.325247 -2.681370 -4.348304 -6.367175 -5.990999 0.842694 -1.008177 -4.066943 -3.142569 -7.515026 -3.107740 -4.619045 1.617834 -5.616487 -4.132999 -5.205444 -3.018813 -3.931273 -1.978373 0.530266 -3.962270 -2.295812 -1.114687 -3.247906 -4.554173 -3.172183 -2.406781 -2.580519 -2.664532 -4.624455 -2.116888 -6.474207 -3.567338 -6.500574 -3.911042 -6.774981 -5.852435 -5.139547 -3.021924 -6.001299 -4.323323 -5.666047 -2.608395 -3.279354 -2.262851 -0.938039 -1.928182 -3.422855 -1.739759 -2.553077 0.599807 -0.851688 -5.636097 -4.072219 -3.473791 1.774354 -6.340404 -3.475324 0.141391 -4.592693 -5.678613 -6.897850 -5.673693 -6.816986 0.833579 -1.211769 -5.563723 -5.840446 -1.166744 -7.125366 
-3.186822 -3.909278 -5.779072 -2.649606 -6.237752 -2.681370 -6.276500 -2.299621 0.690010 -7.429523 -5.170556 -4.073577 -3.153972 -5.406141 -2.813840 -4.619045 -1.133260 -5.615282 -4.434361 -5.549542 -3.018813 -5.551703 -1.831923 0.574809 -3.543352 -1.038007 -1.704626 -3.184951 -4.554173 -3.172183 -2.289635 -2.523347 -2.604788 -4.663171 -2.145936 -5.679660 0.185483 -7.730756 -4.054664 -1.323365 -6.935565 -5.063674 -3.046764 1.881822 -4.668945 -5.654623 -2.787453 -3.279354 -2.278056 -6.569952 -1.819370 -3.422855 -2.094355 -2.055009 1.287680 -0.188556 -5.548740 -3.909900 -8.255956 -5.486067 -1.685148 -7.765875 0.571408 -0.059748 -1.621770 -1.861797 -7.093737 0.392146 1.482839 -6.020526 0.660610 -5.333896 0.048312 -6.557381 -4.476159 -7.565129 -7.749744 
-3.207566 -4.324998 0.833779 -2.624568 -1.838989 -2.681370 -0.434869 -2.219198 1.032832 -1.338226 -3.547235 -3.992951 -3.153972 -0.212436 -2.783110 -4.621112 -1.102495 -5.569350 -4.543090 -5.549542 -3.126029 -2.018558 0.116309 -3.690412 -3.568230 -5.204723 -1.353879 -3.359023 -4.570836 -3.172183 -2.263805 -2.326737 -2.655261 -4.853324 -2.184418 -6.968608 -1.381228 -0.295336 -4.054664 -5.581034 -5.260090 -5.208778 -3.055046 -6.906841 -4.668945 -5.622205 -2.777037 -3.316848 -2.278056 -1.473763 -2.085558 -3.576577 0.253854 -2.395240 0.837362 -1.726904 -5.424138 1.368664 -0.936032 -5.588278 -5.731472 -2.810069 -2.760882 -7.844297 -6.764337 0.223824 -2.628884 -7.371753 -5.565166 -1.714791 -7.851686 -5.588817 -2.409844 
-3.207566 -0.740720 1.063434 -2.624568 -1.970927 -2.735346 0.087148 -2.185615 0.677645 -6.424485 -3.135145 -3.955946 -3.153972 -3.486239 -2.735247 -4.621112 -0.622823 -5.923873 -4.319945 -5.573053 -3.154537 -4.641792 -6.153120 -4.022316 -3.674805 1.489571 -2.113799 -2.145837 -4.570836 -3.113368 0.548499 -2.412660 -2.588685 -4.866703 -2.189114 -3.324851 -7.982332 -1.931631 -4.109993 -2.801842 -4.378016 -5.266839 -3.056599 -4.776325 -4.641328 -5.668680 -2.771113 -3.316848 -2.278056 -1.555931 1.810599 -3.788634 -0.393390 -5.717008 0.753661 -5.734110 -5.479292 -2.566474 -0.656353 -5.359978 -5.300891 -6.601150 0.301034 -1.598308 -0.278704 -7.507708 -0.554134 -1.872311 -3.253565 -0.874215 -5.537303 -7.200525 0.330138 -5.228937 -5.923383 
-3.186549 -1.392264 -5.107509 -2.624568 -2.226027 -0.282393 -2.793824 -2.408674 -1.491357 -2.217229 -7.196741 -3.955946 -3.153972 -6.340272 -2.735247 -4.621112 -2.021230 -3.684710 -4.452302 -5.453503 -3.119505 -5.038003 0.857782 -1.572038 -3.922106 0.470917 -4.298256 -2.423006 -4.656396 -3.028659 -2.408229 -2.341336 -2.552938 -6.338522 -2.663622 -7.649801 -1.099295 -3.225101 -4.109993 -2.754332 -3.909792 -5.304205 -3.090290 0.184790 -4.571223 -5.666607 -2.793207 -3.277597 -2.240723 -6.496638 -1.379505 -3.830312 -2.115615 -5.620139 1.483347 -6.089879 -5.479292 -5.701911 -1.109626 -4.870013 -6.133415 -5.813150 -2.674259 -6.693233 -1.551307 -0.785771 -2.697739 0.248727 -3.373899 -5.408012 -5.534117 -5.386097 -7.240738 
-3.167400 -5.561855 -5.854039 -2.620673 -2.746539 -2.136445 -0.506962 -2.494570 0.279329 -2.267477 -2.809783 -3.914307 -3.153972 -1.624240 -2.817749 -4.724118 -3.264607 -5.919520 -4.391313 -5.241161 -2.516009 -4.848909 -6.099963 -7.181961 -3.822994 -5.796200 -5.417712 -2.123013 -4.761620 -3.028659 -5.976422 -2.164114 -1.946114 -2.597068 0.578058 -5.760977 -1.087102 -3.741261 -4.030042 -2.916266 1.748967 -5.270421 -3.090290 -7.500634 -4.587530 -7.273220 -2.985305 -3.289453 -2.224440 -5.470985 -3.802405 -3.830312 -2.243701 -5.784224 -3.575921 -2.147506 -4.135368 -7.463001 0.713962 -7.561217 -1.951873 -4.798151 0.077380 -8.449143 -2.686299 -5.664200 -4.181414 -0.587001 -1.586669 -7.347515 
-2.988915 -5.597066 -5.516566 -2.757745 -2.778214 1.061127 -2.886096 -7.606931 -0.031276 -2.267477 -2.810847 -5.972235 -3.192478 -1.370682 -3.909190 -4.624546 -3.412770 -1.726030 -7.207522 -5.241161 -2.376244 -2.725036 -5.131524 -5.393391 -3.822994 -4.094489 -0.406372 -5.631893 -4.816939 -2.950860 -7.103790 -2.153007 -6.481148 -2.342660 -0.578779 -2.476214 -1.375830 -3.760177 -3.722222 -3.787247 -5.485893 -5.215627 -3.138839 0.898077 -4.587530 -1.546374 -3.354277 -3.312046 -2.182486 -5.468334 -1.029042 0.607514 -1.952025 -5.808316 -3.554848 1.626625 -7.039002 -2.371409 -2.063412 0.184853 -3.525155 -0.561383 -5.397024 -4.590307 -0.118529 -4.866535 -6.234944 -0.259400 -1.060515 -5.553313 -0.888650 -2.213356 -5.811483 -3.152808 -1.649989 -5.817081 
-2.791374 -5.636342 2.033041 -2.859918 -2.693842 0.960437 -2.984047 -2.105946 0.184595 -2.229218 -2.867925 -0.945535 -3.212947 -1.222219 0.343448 -4.624546 -3.449766 -1.759704 -5.912346 -5.055359 -2.277692 -6.086113 -2.101543 -1.243401 -3.862458 -4.616482 -7.585082 1.732614 -4.980368 -2.970323 0.367970 -2.244441 -5.685692 -6.381978 -6.347586 -0.601819 -2.616867 -3.573274 -3.736063 -3.798860 0.135281 -5.294837 -3.188739 1.083700 -4.587530 -1.525478 -3.244195 -3.484304 -2.070214 -5.468334 -5.877276 -6.015400 -2.187549 -2.063626 -3.483726 -1.537527 -0.440600 -2.384307 -2.766409 -5.447402 -3.525155 -6.586208 -8.489575 -7.917206 1.067331 -2.501466 -0.481769 -6.637468 -0.320888 -1.315710 -5.167550 -0.226899 -5.324245 -2.944309 0.455070 -6.606819 -6.872335 -5.562286 -5.830221 -4.250845 -7.741760 -1.293692 
-2.815416 -5.624618 -4.782245 -2.859918 -2.896470 -1.050369 -7.018549 -1.839202 -1.767066 -2.196634 -2.867925 1.097294 -3.212947 1.683676 -1.416408 -4.624546 -3.350619 -1.519299 0.321549 -5.055359 -0.034514 -0.658344 -1.114566 -6.334416 -3.887793 -4.560218 -0.884940 -2.811258 -4.554135 -2.966723 0.438322 -2.132456 -1.865544 -3.553706 -2.162334 -2.003759 -2.584087 -3.508761 -3.458971 -3.813331 -1.327689 -5.351434 -3.188739 -7.783195 -4.678800 -2.221521 -2.870049 -3.405174 -3.697389 -5.256101 -2.501466 -1.393517 -2.146106 -2.244482 -5.840963 -5.216719 -2.732403 -2.380494 -2.980419 -5.510270 -4.373252 -3.169946 -6.197041 -1.289953 1.178036 2.061861 -5.689230 -1.754065 0.934359 -4.485695 -6.161795 -5.952330 1.449214 -7.183837 1.606295 -7.572252 
-2.932854 -5.622048 -2.227237 -2.859918 -2.656438 -6.488794 -5.676594 -1.794021 -3.488065 -2.209867 -2.819318 1.172400 -3.221549 -2.502860 -5.810818 -4.784395 -5.675022 -4.403909 0.486399 -5.177221 -2.038858 -1.367411 -1.177818 -5.802011 -3.815865 -4.251601 -1.604237 -7.305130 -4.719487 -2.843735 0.475724 -2.132456 -1.950657 -1.495681 -6.112730 -0.079303 -0.281468 -3.511573 -3.320009 -3.847464 -1.437415 -5.351434 -3.188739 -1.795495 -4.676709 -4.029013 -2.961040 -3.279634 -7.118791 -5.536993 -2.501466 -5.796212 -5.372813 -2.350639 -1.748244 -2.868679 -5.877266 -2.232437 -2.992785 -5.510270 -4.379807 -2.931184 -3.364994 -0.066145 -6.470557 -1.718863 -6.966690 -6.980153 -1.492133 1.943612 -8.015319 -1.774673 -5.181552 -6.704808 -6.214772 1.573743 -4.081114 -5.927346 0.213407 -3.801980 -8.391753 -4.338811 
-2.735648 -5.613898 -2.551225 -2.831349 -2.728122 -6.438762 -4.389493 -1.790758 -3.622854 -2.184297 -1.579774 0.834070 -3.221549 -2.154751 -5.146178 -0.066802 -6.728053 -6.952400 -6.414623 -5.177221 -2.160793 -4.878648 0.015485 -2.594014 -3.737346 -4.380517 -1.358050 -7.816018 -4.690140 -2.968436 0.285103 -2.132456 -2.431360 -1.862599 -6.407113 -7.269901 -2.784789 -3.511573 -3.609746 -3.777430 -0.571850 -5.351434 -3.093274 -4.711612 -4.676709 -6.836233 -2.888997 -3.289549 -1.668798 -5.642972 -2.501466 -4.185944 0.809685 -2.350639 -1.350929 -2.442242 -2.890286 -0.320935 -2.992785 -5.550865 -4.944104 -2.866549 -3.437107 -6.798315 -2.056299 0.502698 -6.434205 -0.047334 -1.046656 -0.933277 -4.127998 1.510859 -8.037833 -5.957716 0.558606 -2.191853 -7.816381 -5.300468 -7.352198 -3.830290 
-2.766873 -5.613898 -2.604038 -2.843819 -2.650060 -5.788361 -4.438428 -1.856102 -4.246848 -2.090750 -1.430483 -5.544749 -3.221549 -3.157360 -5.589911 -6.996768 -0.504243 -2.260901 1.317689 -2.546078 -2.227039 -1.932003 -5.938369 -7.098442 -3.811611 -4.350363 -0.388124 -7.385137 -4.848232 -2.924428 0.349845 -2.132456 -1.150794 1.353857 -0.765579 -5.179062 -5.557798 -3.424057 -3.954375 -3.805818 -5.050988 -5.351434 -3.093274 -4.736731 -4.670007 -3.776551 -1.884647 -5.192012 0.966733 0.461279 -2.501466 -2.441062 -1.569969 -3.349708 -1.129695 -2.562691 -2.947396 -2.864341 -3.141267 -0.474393 -2.217610 -2.799253 -3.358053 0.331734 -1.006073 -7.738025 0.320206 -7.391564 -5.079952 -6.591465 
-2.799929 -5.664698 -2.554452 -2.903855 -2.746821 -2.689849 -4.827116 -1.928457 -5.543241 -2.090750 -5.901911 -6.056988 -3.256071 -7.649146 -0.851410 -3.111447 1.704062 -2.248381 -4.444360 -0.840175 -2.327234 -1.555123 -1.149455 -6.678964 -3.811611 -7.348120 -0.896661 1.850234 -4.783400 -2.924428 0.258779 -2.342393 -4.599432 -6.898554 -4.720471 -2.488681 -4.779919 -3.255966 -3.897069 -3.856182 -5.061917 -5.351434 -3.097359 -4.573031 -4.670007 -3.746442 -2.765716 -0.503096 0.902930 -7.289611 -2.471571 -7.791118 -6.558091 -3.425290 0.106965 -2.272943 -2.916715 -2.919558 -3.175289 0.198879 0.232358 -5.613099 -4.414155 0.148163 -1.527594 0.931278 0.692887 -1.982880 -1.739868 -5.325655 -5.748083 
-2.796740 -5.646508 -2.323216 -2.903855 -2.629037 1.692225 -4.923011 -0.490185 -5.774735 -2.159184 -6.169170 -6.017657 -3.256071 -2.021419 -7.055969 -3.042939 -3.734122 -7.142619 -4.389635 -1.738344 -5.544992 -2.514284 -1.233681 -6.312023 -0.043929 -1.887534 -1.219942 -6.519756 -4.806142 -3.086810 -6.045915 -2.493430 -4.718232 0.103136 -5.795571 -2.080993 -3.870936 -3.255966 0.854666 -3.805117 -4.947884 -5.198673 -3.097359 -4.600565 -4.670007 -3.578037 -2.822956 0.575985 -5.800350 0.071683 -6.413631 -2.223332 -4.013116 -3.487112 -0.182732 -1.995110 -2.916715 -3.050929 -3.175289 -5.961072 -3.484904 -5.629516 -0.773962 -0.846354 0.371883 1.727481 -0.229389 -4.988201 1.844320 -6.440909 -8.109582 
-2.796740 -5.646508 -2.564442 -2.903855 -2.654512 -5.820190 -4.648745 -5.700377 -5.726253 1.483908 -5.849266 -0.116110 -3.256071 -2.015490 -3.410760 -3.059580 -3.734122 -6.717397 -3.940394 -3.243499 1.691793 0.178682 -0.962842 1.308643 -3.175289 -1.869122 -4.736094 1.815715 -3.289858 -3.195245 1.310219 -2.281505 -4.718232 -2.555823 -6.176494 1.439028 -3.788894 -3.274855 -0.251164 -3.913247 -4.982617 -5.312398 -2.074827 -4.727595 -4.728321 -2.891085 -2.741724 -3.897719 -4.337129 -6.572326 -3.577856 -2.362211 -1.070056 -3.371760 0.073957 -1.718438 -2.956583 -2.977439 -6.260006 -2.364493 -6.010154 -2.170417 -6.715345 -2.178692 -2.605566 -1.217088 -4.906010 -4.582805 
-2.732240 -5.681359 -1.726793 -2.820988 -2.579667 -6.163574 -4.166913 -5.648494 -5.568420 -6.889981 -5.576180 2.110028 -3.256071 -2.434781 -6.281853 -2.914956 -3.823363 1.013227 -4.390138 -3.158944 1.150724 0.308969 -2.627655 -0.035763 -3.175289 -1.604766 -4.736094 -2.110487 -3.329580 -3.120038 -6.086060 -2.085605 -4.672741 -2.673581 -7.815526 -5.070329 -3.783159 -3.311090 -2.415655 -3.924953 -4.973391 -5.191107 -3.640944 -4.666206 -4.448441 -1.253446 -2.721028 -8.172030 -2.003900 -5.964277 -3.616920 -2.261955 1.487084 -3.522754 -1.606108 -1.938251 -2.909687 -1.493395 -2.061242 -2.021290 -1.130081 -3.854374 -2.583362 -3.097600 0.260586 0.116106 -1.303471 
-2.699571 -5.681359 -2.273231 -2.981584 -2.689223 -3.239468 -4.300141 -5.702368 -5.715496 -2.027125 -3.067764 -4.002077 -3.284609 -2.690723 -4.762568 -5.803677 -3.865371 -3.198970 -3.368261 -3.658966 -2.072658 -8.158552 -4.592700 -1.668535 -3.149821 -3.115377 -4.715379 -5.899500 -2.247220 -3.023044 -1.437930 -2.048486 -4.685781 -6.071836 -2.867111 -0.248208 -3.991969 -3.268878 -2.609064 -3.889598 -5.158289 -5.185837 -3.368309 -4.670295 -4.610641 0.056861 1.915120 -1.513185 -3.065924 1.355142 -3.948712 -2.425519 -3.568726 -3.331107 -5.972709 -2.116837 -2.895347 -1.009169 -0.185034 -0.327418 -0.449856 -2.387091 -0.162784 -3.410973 -6.699186 -7.096389 -1.059195 -3.545933 -1.987352 -1.679209 -3.409866 -4.263586 -6.822768 -3.700518 -1.628874 
-2.756630 -5.681359 -2.233253 -2.981584 -2.596863 -3.365390 -4.079572 -5.574002 -5.575568 -3.287742 -2.314454 -6.700383 -3.320341 -1.445940 -1.642593 -5.535280 -3.918138 -3.076108 -0.208352 -3.343846 -2.565626 -0.928185 -0.667801 -4.640273 -3.893097 -7.179069 -4.746348 1.205303 -3.228419 -3.023044 -3.334637 -1.569984 -4.444462 -5.919566 0.169842 -0.551746 -3.980321 -3.609445 -2.736374 -3.908641 -5.175874 -5.185837 -3.236603 -4.532610 -6.315841 -6.065105 -6.091855 -2.146482 -2.935829 -2.113265 -4.593910 -2.363866 -2.162879 -3.337194 -0.940620 -2.290957 -1.314593 -6.178330 -1.272406 -6.970960 -8.223050 -2.282625 -2.756108 0.119084 -2.638583 -5.802670 -1.585567 -1.862290 -4.963027 -0.133313 
-2.791778 -5.681359 -2.609779 -3.030551 -2.603828 -3.144579 -6.539836 -0.956380 -5.575568 -0.377000 -3.255659 -7.690388 -6.892976 -1.389138 -4.688712 -5.827536 -3.919752 -6.188810 -1.652258 -3.324270 -3.198697 -0.272433 -6.679749 -4.585122 -3.679134 -0.165742 -4.639819 -1.822579 -3.102851 -3.023044 -3.560281 -1.736472 -4.698746 -5.431417 0.294525 -3.368760 -3.959544 -3.610904 -2.736374 -3.908641 -5.193676 -5.185837 -3.231435 -4.581121 -2.402175 -5.968354 -6.355329 -2.394871 -2.406852 -2.179654 -4.263535 -2.448577 -6.689185 -3.372127 -1.757486 -3.069236 -3.114203 -6.233098 -1.670715 -0.184363 0.751380 -2.087453 0.073858 -3.007744 -2.634098 -1.300011 -1.573567 -1.668470 0.585399 1.086477 0.706802 -2.543453 -4.364687 -1.894852 -5.318049 -7.397776 -2.796907 -5.349899 -1.335272 -6.572734 -2.102558 
-2.791778 -5.681359 -2.244736 -3.030551 -2.555451 -3.071184 -1.499912 -1.381096 -5.372308 -1.367084 -3.238113 -3.251776 1.853411 -1.318580 -3.951314 0.010710 -3.896639 -6.077017 -1.376722 -3.332856 -1.699366 -3.582374 -7.362994 -4.550767 -4.171652 0.985313 -4.638187 -3.983505 -3.045359 -2.989901 -2.349889 -4.913227 -4.808828 -5.172541 0.220940 -3.368760 -3.945711 -3.651895 -2.735584 -3.908641 -5.204888 -5.240708 -3.256739 -4.585969 -1.620395 -6.384113 -4.781791 -1.169789 -6.360668 -2.080195 -3.971665 -2.617478 1.403245 0.248690 -1.595508 -3.501299 -3.001010 -5.976827 -1.804366 -0.115212 1.689614 -2.304706 1.026432 -3.077595 -2.637693 -1.478090 -1.709572 -4.652864 -6.276520 -2.413173 0.804662 1.642007 -3.900773 -2.006065 -0.873422 1.958021 -1.414695 -6.415797 
-2.835997 -5.591063 -2.218707 -3.030551 -2.641560 -3.261561 -4.634453 -3.077595 -4.446473 -1.603194 -3.215433 -3.214060 -0.161076 -6.595512 1.062049 -6.768418 -4.015833 -5.574215 -1.466239 -6.302977 -7.653632 -1.787006 -5.357941 -4.634303 -4.171652 -1.890448 -4.612699 -2.804638 -3.061088 -2.943593 -2.525024 -2.840997 -4.808828 -5.438741 -3.635139 -3.343594 -3.807607 -3.716440 0.737741 -3.908641 -5.204888 0.205600 -3.236465 -4.506609 1.621115 1.340784 2.306594 -5.083100 -7.799381 -2.476444 -3.414003 -2.529164 -2.006065 -1.916710 -0.582374 -3.553953 -4.409163 -6.459927 -0.539764 0.650029 -7.328601 -6.859840 1.473240 0.493382 0.703376 -1.520954 -1.237592 1.990213 
-2.835997 -5.591063 -2.074322 -3.030551 -2.787554 -3.179453 -8.122735 -6.520613 -6.127170 -4.086806 -3.229205 -3.130444 -1.928950 -4.198766 -4.720010 -4.552361 1.420205 -5.389696 -1.732211 -6.133311 -4.754519 -2.128287 -5.307534 -4.634303 -3.795682 -2.169501 -4.485286 -2.804638 -2.921172 -2.944886 -6.248911 -2.837381 -6.225811 -5.393847 -3.068337 -3.331241 -3.920173 1.045220 -5.224930 -3.910995 -5.105592 -3.752074 -3.175914 -4.518719 -7.563848 0.168919 -5.582732 -2.436783 0.180266 -2.417112 -4.340990 -2.453733 -1.027663 -2.000636 -6.081492 -3.579393 -3.710749 -4.208732 -0.840110 -1.358989 -1.522188 -7.715146 -6.291642 -7.128117 -2.786310 
-2.719039 -5.624141 -2.251969 -3.053630 -2.499091 -3.271351 -6.103355 -1.966620 -6.581234 -1.606209 -3.367064 -5.919038 -3.656667 -4.199124 -4.720010 -4.591845 -3.408450 -5.454887 -1.812523 -7.037124 -4.387027 -2.313047 -5.317666 -4.695043 -3.516961 0.121568 -4.616706 -2.688359 -2.921172 -2.925348 -6.508858 -2.767352 0.331034 -5.119745 -3.078888 -3.472102 -3.932017 0.955758 -5.562798 -3.910995 -5.105592 -3.752074 -4.919989 -4.713729 -5.870861 0.301041 -2.712673 -2.130673 -6.133698 -1.985451 -5.176132 -2.295493 -0.536194 -5.402934 -2.299507 -3.740665 -6.510815 -0.741984 0.425413 -4.061680 -6.145554 -1.081731 -1.582367 -6.051867 -4.850917 -7.365559 -2.274180 -0.890016 -2.413506 1.331563 -4.871793 -6.149168 -7.709989 -6.375348 -7.272920 -6.673468 
-2.719039 -5.528804 -2.136539 -3.168379 -2.494857 -3.515327 -0.316854 -2.057842 -1.557122 -1.633004 -3.367064 -5.091707 -4.090075 -7.705603 -4.566500 -4.591845 -3.447629 -5.256712 -2.004528 -6.259638 -2.004745 -2.317964 -5.363293 -4.637372 -3.530467 -4.579304 -4.624070 -2.715337 -3.172432 -3.038309 -1.582980 -2.501715 0.883001 -5.067933 -3.285524 -3.472102 -3.793002 -6.282070 -5.393672 -3.796800 -5.105592 -3.533666 -6.623198 -4.625201 -7.685739 0.256561 1.852998 -2.619020 0.653502 -1.924369 -5.916354 -2.222663 -0.629237 -5.402934 -2.143171 -3.706482 -6.330693 1.004891 -2.038230 0.453240 -6.907926 -2.137283 -0.875368 -0.048675 -0.810928 -4.028007 -7.477137 -6.689128 
-2.719039 2.037156 -2.374779 -3.168379 -2.560911 -4.084020 -0.281326 -2.105752 -1.868732 -1.887265 -3.351186 -5.130595 -3.775092 -5.637502 -4.599936 -4.029190 -3.491824 -5.672874 -2.004528 -5.888428 -1.912793 -6.490873 -5.363293 -4.631008 -3.694453 -6.044333 -4.615041 -2.720156 -3.138072 -2.826794 -2.555485 -2.501715 0.541312 -5.335726 -3.201988 -3.416010 0.289384 -6.077591 -5.393413 -3.890739 -5.026840 -3.619147 -4.275465 -4.657570 -0.091327 -0.074944 -4.768294 -2.509072 -2.297690 -1.767630 -3.301870 -2.328412 -2.085774 -5.515759 -2.244673 -3.674961 -6.410589 -2.438111 1.448561 -7.653368 -5.613079 -3.054083 -1.263116 -0.106302 -5.037761 -3.478455 -7.525405 0.029006 -6.747679 -3.355206 -6.502388 -6.482442 -0.940951 -4.721563 0.058085 0.792053 -6.783712 -4.519615 
-2.840235 -2.193977 -2.292455 -3.168379 -2.622957 -3.532961 -1.928605 -1.918489 -0.080045 -6.759563 -3.379824 -5.382836 -4.021268 -5.703675 -2.099661 -4.269249 -3.242165 -5.628599 -1.901886 -5.912325 -7.035229 -6.295038 -5.379044 -4.675703 -3.694453 -6.037621 -4.506269 -2.813957 -3.129780 -2.899735 -1.958986 -2.522516 0.663756 -5.473577 -1.043355 -3.416010 0.476375 0.314040 -5.490122 -3.861098 -5.026840 -3.580709 -3.929092 -4.736495 -4.374285 -2.298796 -4.726437 -2.437961 -2.349993 -1.204218 -4.615211 0.445910 -5.684124 -5.494414 -2.211089 -3.634224 -6.414289 -2.438471 -1.734710 -7.102029 -7.625582 -3.292181 -1.142268 -0.079105 -0.801513 -3.472978 -7.063050 -1.887464 -6.348499 -3.442221 -4.577491 -5.523959 -5.892821 -1.721473 -1.472879 -0.621745 -7.087004 0.042914 -3.600418 0.698702 -5.215148 -7.470070 0.951822 -5.885977 -4.737616 -4.442633 -7.355749 0.365981 -6.665028 
