58.597554 59.259685 53.544954 53.579749 
58.877738 59.424361 53.455831 53.314210 
58.541234 59.556946 54.281567 53.604228 
58.786664 59.514146 53.994947 53.104805 
58.658408 59.360720 54.137334 53.371333 
58.917271 59.360720 54.420456 53.834096 
58.803572 59.273016 55.043088 54.314830 
58.803572 59.046928 54.762429 54.169383 
58.737206 59.046928 55.024199 54.557538 
58.737206 59.452341 54.532319 54.139268 
58.492134 59.505342 54.375306 54.475854 
58.695623 59.505342 53.483831 52.812268 54.528798 
58.695623 59.505342 52.037917 50.212687 53.537932 
58.803537 59.505342 54.606659 52.815221 51.314614 
58.803537 59.496077 52.988819 53.537929 
58.703761 59.496077 52.967032 52.792442 
58.531030 59.496077 52.967032 52.792442 
58.784847 59.496077 53.097515 52.855443 59.545914 
58.457254 59.493409 53.088768 52.910416 
58.457254 59.375149 53.088768 52.910416 
58.599948 59.375149 53.088768 52.910416 
58.919927 59.375149 53.088768 52.938422 
58.659150 59.375149 53.088768 52.938422 
58.645213 59.326681 53.088768 53.033144 57.820153 
58.645213 59.389344 53.088768 53.016233 
58.645213 59.404230 53.015269 53.016233 
58.686619 59.404230 53.022206 53.016233 
58.780354 59.080922 53.318510 53.352597 
58.978630 59.440820 53.828331 53.068038 
58.624722 59.440820 53.828331 53.492462 
58.515982 59.552519 53.309057 53.379538 
58.515982 59.552519 53.309057 52.859768 
59.121118 59.233649 53.309057 53.128259 
59.121118 59.233649 54.086135 52.972411 
59.121118 59.233649 55.320401 54.723413 
59.121118 59.233649 53.971177 53.149585 
59.121118 59.233649 55.396465 52.489963 
58.847597 59.438773 55.396465 52.489963 
59.156719 59.488738 55.396465 52.489963 
59.032847 59.488738 55.396465 52.489963 
59.032847 59.243921 55.396465 52.489963 
58.634794 59.243921 54.189103 52.778548 
58.882162 59.423986 54.360960 53.565307 
58.976968 59.423986 55.103203 53.604089 
58.719686 59.142978 55.178903 52.787752 
58.954183 59.142978 54.442313 53.111080 
58.954183 59.287337 54.356555 53.056143 
58.954183 59.287337 54.821228 53.952351 54.775842 
58.954183 59.287337 54.425934 53.643131 
58.922159 59.494668 55.016854 55.034211 
58.636130 59.406168 55.023417 54.085470 
59.038878 59.406168 55.976756 54.936610 
59.038878 59.406168 55.075585 53.640503 
58.554711 59.246427 55.184624 52.435140 
58.554711 59.473543 55.318064 54.184930 58.616321 
58.554711 59.546915 54.395761 53.560525 
58.554711 59.432975 54.440041 53.882624 
58.554711 59.432975 54.571146 52.866781 
58.782989 59.498418 54.464584 52.571249 
58.782989 59.451008 55.470179 53.342389 
58.782989 59.434283 56.999814 54.038777 
58.833536 59.491792 53.822707 
58.833536 59.491792 52.514600 
58.372853 59.452945 53.055324 
58.721309 59.452945 51.736333 
59.094960 59.233672 52.000137 
59.094960 59.233672 53.785284 
59.094960 59.233672 51.747301 
59.094960 59.233672 51.821955 
59.068927 59.233672 51.530306 
59.068927 59.150887 51.537182 
59.068927 59.150887 51.826485 54.579821 
59.068927 59.150887 52.125059 54.351182 
59.068927 59.150887 52.316136 54.824726 
59.068927 59.150887 51.895122 55.128034 
59.068927 59.150887 52.568233 55.128034 
59.068927 59.150887 54.700433 55.497115 
59.068927 59.150887 54.121473 55.489211 
58.696201 59.285224 53.141507 54.821315 
58.696201 59.339760 53.329529 54.631089 
58.732567 59.360275 54.325593 54.922479 
58.732567 59.360275 53.435169 55.017804 
58.562083 59.252494 52.838220 55.267969 
58.811169 59.527133 53.855853 55.361509 
58.574452 59.373070 54.386536 55.116855 
58.527793 59.510544 54.464560 55.249458 51.750050 
58.528540 59.433315 54.464560 55.700421 
58.803722 59.306895 54.184324 56.077294 
58.803722 59.091019 54.184324 56.077294 
58.401232 59.091019 53.329594 54.795188 
58.399206 59.091019 52.668468 54.795188 
58.477715 59.091019 52.668468 54.795188 
58.477715 59.091019 52.659558 54.169465 55.395733 
58.477715 59.368453 51.892718 54.169465 
58.917025 59.368453 51.958519 54.169465 
58.590447 59.368453 53.432259 54.028548 
58.590447 59.368453 52.331300 54.028548 
58.539942 59.476276 52.331300 54.498009 
58.539942 59.476276 52.331300 55.273962 
58.539942 59.476276 52.331300 55.273962 
58.539942 59.476276 52.331300 54.233782 
58.539942 59.485892 52.331300 55.330976 
58.579007 59.485892 52.331300 55.330976 
58.579007 59.485892 52.261510 55.330976 
58.579007 59.485892 51.979586 55.330976 
58.579007 59.296064 51.979586 55.330976 
58.579007 59.296064 52.173451 55.330976 
58.579007 59.408839 52.173451 55.361791 
58.641331 59.408839 52.173451 55.361791 
58.646616 59.408839 52.173451 55.361791 
58.640089 59.296886 52.173451 55.347471 
58.640089 59.296886 52.173451 55.347471 
59.006965 59.221019 54.581710 54.594006 54.336436 
59.006965 59.221019 53.252030 55.235745 
59.006965 59.221019 51.566762 
59.006965 59.386111 53.501598 
59.124492 59.386111 52.127625 
59.124492 59.362953 52.095777 
59.124492 59.428816 52.262184 
59.124492 59.378203 52.669484 
58.169030 59.378203 55.754455 
58.638830 59.508705 52.330438 
58.746413 59.416324 53.829924 
58.725706 59.317061 55.172576 55.489745 
59.005950 59.465885 54.414483 56.019996 
59.063048 59.465885 53.945907 56.456609 
59.140302 59.465885 55.205975 55.361899 
58.881996 59.465885 54.147817 56.382953 
58.881996 59.282614 55.090495 
58.881996 59.453141 51.849831 
58.825339 59.453141 50.873473 
58.884079 59.453141 53.632159 57.028732 
58.874809 59.453141 52.801635 54.829322 
59.015397 59.384761 52.155041 54.258866 
59.015397 59.384761 53.557526 56.538127 
58.788347 59.384761 53.557526 56.538127 
59.005976 59.438527 53.557526 56.538127 
59.019439 59.376332 53.336955 56.538127 
59.019439 59.407373 53.336955 56.538127 51.278368 
58.949786 59.191179 53.336955 56.098078 51.738033 
58.949786 59.191179 53.009823 56.098078 51.439089 
58.949786 59.347873 54.107473 56.098078 51.439089 
58.923103 59.347873 54.484614 55.928064 50.989333 
58.701989 59.347873 53.968681 56.131424 51.045699 
58.997969 59.285171 52.785501 54.747905 
58.997969 59.209067 52.522535 54.747911 
59.039839 59.209067 51.460331 54.567866 
59.039839 59.180307 52.117533 54.567866 
59.143604 59.180307 52.542169 53.958043 
59.045321 59.298258 54.691295 55.345417 
