59.141503 53.975403 54.209745 51.864034 56.824880 57.691145 57.891073 54.517029 56.616135 51.501299 55.195917 52.487225 55.246397 52.315226 54.193182 53.797016 54.016853 51.490075 55.394978 52.777533 55.230012 52.669902 58.257256 54.923714 53.657208 53.157989 58.421077 51.494734 52.411472 52.143675 52.272902 54.619048 56.177998 58.950120 52.638773 56.146219 52.966816 51.928947 55.735656 51.675466 51.652963 58.714739 54.794921 50.649162 53.584163 50.424681 58.235633 50.835812 57.611891 51.412321 53.252044 55.325147 53.784519 52.706835 51.440635 54.394083 54.563943 54.278928 55.472847 58.996856 50.333058 
58.904973 55.407848 54.492493 51.864034 55.145000 51.616446 55.004371 52.582485 56.624912 56.100878 55.174993 52.670682 57.296886 52.066001 54.329292 53.797016 51.249608 51.408253 53.934159 55.031807 58.274134 52.606013 58.332313 54.923714 50.570263 57.829139 58.420031 51.524241 52.944074 55.180177 52.265086 54.658701 52.804231 58.846243 52.677040 56.157564 52.966816 51.928947 55.762003 58.487086 51.693279 58.714739 54.855982 54.412836 52.347772 50.538103 52.800903 51.173918 57.653754 51.487065 55.976844 57.579002 50.289348 56.446506 54.495216 57.031373 58.679026 54.639344 55.382576 55.308402 56.004620 57.980100 
59.040843 55.245617 53.056856 51.901176 58.143943 51.619173 56.210170 50.881614 52.441783 57.659160 55.174993 52.374097 57.947393 52.216944 54.222430 53.841148 56.887271 51.408253 54.946974 54.404881 54.558340 52.606013 58.210166 55.086743 50.692740 50.187978 58.388244 51.514987 52.270191 57.798085 52.340173 54.687608 53.004457 58.891767 52.719185 56.157564 52.966816 51.928947 54.983753 56.423250 51.647104 58.716896 54.773579 51.647351 50.346422 56.718948 53.131630 57.364981 55.637294 54.836780 52.849774 54.267031 57.128300 50.553102 56.710007 54.689112 52.992237 55.068709 55.266869 52.532256 52.430504 58.961780 58.273365 55.835604 
52.261551 57.317530 52.557490 51.901176 57.057082 51.642247 54.474218 50.921110 58.047597 57.794256 55.150138 56.514751 59.013776 52.133076 54.423286 53.841148 56.490939 51.419592 51.626569 53.007775 58.260000 52.466027 58.345942 54.910868 50.579574 50.964261 58.459225 51.514987 52.280148 54.935396 52.207669 52.460751 52.958376 58.791414 52.719185 56.169860 52.956096 51.928947 55.724779 57.611657 54.741348 58.699189 54.904200 51.667216 50.405889 54.049964 55.820006 53.235601 54.596725 53.730196 54.309736 53.979843 
56.045327 51.615626 55.298169 51.901176 55.358319 51.560727 54.645587 52.467295 50.423269 57.339767 55.470609 52.157393 59.078536 52.466236 54.687833 53.831788 59.121058 51.386919 51.853032 50.733167 55.079523 52.525169 58.282734 54.910868 50.539833 54.781232 58.537992 51.516850 52.167513 54.647972 52.207669 56.639891 52.942888 58.709160 52.719185 56.174402 52.943103 51.986172 53.164166 51.511800 50.405889 58.442551 54.999426 52.858920 57.439774 54.114063 58.398974 56.320066 54.016223 
54.085022 51.527995 50.344522 51.883023 54.547682 51.456794 54.863113 50.482574 54.644346 57.728385 55.389226 53.437415 51.358857 52.359040 53.645317 53.831788 50.713014 51.169163 51.759861 54.999426 52.791905 52.565339 58.294048 54.731768 50.641074 58.398974 52.953701 51.579550 52.328295 54.034231 52.214337 51.355277 52.831849 50.150009 52.761920 56.205746 52.943103 51.986172 50.456173 54.681247 56.738409 58.741276 56.781123 54.193070 52.291048 55.394512 52.631192 55.956182 54.111478 58.894508 56.638995 59.057936 50.952441 53.684416 56.607326 53.677674 
54.007490 51.527995 50.289173 51.882557 54.222328 51.856547 51.724941 57.912701 56.676752 58.453921 55.389226 54.534797 56.955120 52.359040 55.972328 53.731667 50.630687 51.328896 51.665722 54.999426 51.474174 52.528348 58.268822 54.642672 50.478377 58.457271 59.235036 51.579550 52.570482 53.658364 52.146482 50.803286 52.950428 57.513888 52.711131 56.205746 52.943103 51.986172 51.919110 54.484115 52.386233 58.643724 51.479318 52.535369 58.878055 52.928637 53.893563 55.806257 58.468288 58.236000 55.339372 54.597512 56.097634 55.366838 56.732593 54.946824 53.246434 54.043961 54.505232 57.879727 58.084227 51.545043 
55.631439 51.613350 50.720470 51.882557 54.121184 51.786864 54.163326 57.357096 58.782864 53.361378 55.865858 53.145151 51.878787 52.325265 55.399651 53.653486 50.200314 51.421000 51.773660 55.386720 52.229342 52.528348 58.297640 54.881863 50.651868 58.303934 59.134803 51.562495 57.210294 58.128067 52.155919 54.866235 52.937251 55.909836 52.716452 56.205746 52.943103 52.066907 51.983902 54.246037 51.815055 58.460017 52.352337 57.759371 54.731209 56.103563 54.699697 51.378157 50.844491 56.278176 49.989292 55.994435 56.948594 56.692637 57.236723 53.400493 58.556195 
55.795199 51.612286 50.582391 51.882557 54.267110 51.418335 54.462787 57.806093 58.841271 53.381707 55.028528 51.375946 51.755302 52.377834 55.865667 53.622555 56.001690 51.421000 51.708625 56.961629 56.649812 52.575957 58.267516 54.845027 50.714105 58.390711 59.157456 51.577846 55.488271 54.764042 52.339489 58.180342 52.903305 58.282054 52.810516 56.143748 53.052475 52.066907 51.916465 53.981124 54.737345 58.700521 52.081763 58.480172 54.512712 55.869356 54.491870 56.626576 50.989721 50.358464 49.867340 51.585978 53.488785 56.269734 55.841987 57.920421 57.445783 57.920427 50.000084 56.715982 
55.042868 55.890718 50.481387 51.882557 50.873412 51.692128 54.743803 52.053516 58.794868 58.435116 57.792860 51.593667 51.205281 52.365653 55.876947 53.659964 54.222764 51.421000 51.679521 57.638925 51.142899 52.510571 58.300468 54.845027 50.476837 58.463744 50.134675 51.577846 59.027996 55.012030 52.241418 53.294037 58.046966 51.225592 52.858501 56.143748 52.948339 52.086017 51.784152 54.215507 55.235119 58.638106 57.234747 53.692313 55.996376 54.152623 54.525181 56.649930 54.702366 58.811030 55.854105 58.122431 
51.895901 50.547063 50.546105 51.834608 55.108985 51.692128 53.387241 52.057073 58.967637 58.422891 57.716071 51.623395 56.572645 52.426127 55.647147 53.594728 53.283648 51.421000 51.654237 51.430625 51.630110 52.636676 58.283971 55.032810 50.574514 58.457433 56.499581 51.593690 59.173411 51.859646 52.319228 53.524579 56.873815 56.016101 52.679605 56.256117 52.990029 52.086017 52.268472 53.980556 58.306611 58.748896 55.892156 53.169900 55.798987 55.262303 54.357077 58.189028 58.658139 51.402640 54.998753 57.271649 52.253127 51.200005 56.720246 57.584105 
54.244698 55.080689 50.334256 51.834608 54.558749 51.668482 50.557877 51.727299 58.920717 51.517630 57.919493 51.653636 55.742878 52.338035 55.927301 53.524310 52.613723 51.421000 51.758134 56.482846 56.115009 52.641811 58.273125 55.032810 50.559379 58.315141 58.344259 51.544066 59.221787 53.009971 52.246328 53.700808 52.282383 55.916157 52.679605 56.232563 53.042851 52.067774 52.511762 54.117783 58.115804 58.682394 53.842533 57.031839 57.066911 54.968501 57.182425 58.050642 56.490254 57.723976 58.594123 52.989118 56.804315 54.316148 57.606808 58.126574 54.333471 55.193504 52.739242 55.700303 54.214319 54.833441 
58.090742 55.009328 51.198860 51.864190 50.859577 51.745039 50.633594 50.726871 58.866118 55.429167 57.537789 51.543563 58.453104 52.238305 55.768299 53.576660 58.617299 51.414422 51.699135 55.642931 50.748302 52.738808 58.305181 55.340495 56.596559 58.386260 52.495553 51.558632 59.141532 52.725292 56.209906 53.726240 52.180293 52.474481 52.644784 56.258771 53.058907 52.067774 52.138334 50.539201 56.651340 58.530496 53.779171 51.600571 53.952619 53.718117 58.874762 55.640630 54.281723 58.279813 53.305601 51.652959 52.051876 55.110000 50.489475 54.200984 54.103424 52.642699 53.541843 57.265416 57.592703 57.118473 58.181175 52.917966 58.714423 53.775965 56.509149 
57.237729 55.068076 53.153474 51.864190 56.509545 51.696887 50.562852 51.966234 58.938180 56.011747 56.738679 51.633912 55.557150 52.170609 55.781164 53.660672 56.775598 51.421955 53.142391 55.819515 51.730510 52.696267 58.305181 55.362483 50.261409 58.386260 57.478179 51.533635 59.347410 52.827596 58.583876 53.726240 52.132662 55.947848 52.674830 56.201344 53.058907 52.067774 53.639147 50.899330 53.100613 58.474437 53.699682 52.339988 57.013347 53.718117 51.663565 51.049194 55.002088 56.961523 54.155401 53.784529 58.086217 53.447154 
53.984697 55.068076 51.589021 51.853336 55.883225 51.457796 50.649864 52.361398 58.998289 56.381725 54.071095 51.467057 54.401141 51.986484 55.612737 53.518359 52.614770 51.421955 53.444132 55.840875 50.917331 52.555365 58.305181 55.277417 50.349516 58.297138 57.462869 51.549846 59.364834 53.775662 53.542526 53.765080 51.907015 54.471113 52.826715 56.257490 53.058907 52.008224 53.248701 55.279006 53.142426 58.498602 53.834426 51.885756 53.944757 55.344403 51.663565 56.846316 54.563441 56.385270 51.347174 51.345969 56.511818 58.079419 55.602745 53.004947 
53.785067 51.470876 53.332233 51.853336 56.710629 51.561337 50.564032 52.263590 58.885238 56.887895 54.242901 51.479201 55.071692 52.440580 55.505103 53.574156 54.166697 51.421955 56.322194 55.970110 51.611228 52.602187 58.305181 55.277417 50.322883 58.410019 57.654824 51.549846 59.301821 53.911277 52.102464 53.765080 52.206094 55.804371 52.746674 56.315390 53.007475 52.008224 50.640437 56.224049 51.698116 58.569931 58.667384 52.560672 51.420191 52.781390 55.711786 58.599500 52.216198 57.126612 58.651614 52.271016 58.568539 58.813564 50.812504 50.581366 58.651912 58.547306 
56.510231 50.538940 54.587508 51.853336 51.878020 51.570919 50.665587 51.010035 58.925640 55.309353 54.201893 51.579719 56.347794 52.325914 55.575541 53.448721 51.156898 51.474013 56.175211 56.229473 57.529871 52.602187 58.305181 55.277417 52.090856 58.332323 57.742813 51.571702 58.879622 52.514903 50.359656 53.685466 52.375653 55.656254 52.790552 56.315390 53.007475 52.008224 58.383770 53.125214 51.698116 58.659496 58.701862 53.310744 55.279431 54.815827 53.400938 57.805174 50.980169 50.954039 57.942293 55.018050 50.202474 49.946331 54.757970 
56.777004 54.662610 53.716078 51.853336 51.540789 51.468699 58.641655 52.224244 58.918532 55.216999 54.201893 51.597524 50.579093 52.333095 55.575541 53.448721 50.869430 51.474013 57.288533 56.059291 50.498352 52.597563 58.256667 55.277417 52.170813 58.294015 53.465248 51.571702 58.954378 58.440348 50.498706 51.334466 52.417637 51.383475 52.756299 56.315390 53.007475 52.008224 58.077818 50.543286 51.698116 58.650244 55.233802 56.138287 52.599610 56.512206 54.987384 53.844381 55.364747 58.626025 57.629156 50.721438 50.847723 55.987178 58.289495 57.565300 53.130407 57.638931 56.965716 57.084767 50.776108 
56.750229 54.612244 50.115332 51.853336 56.008335 52.331549 51.175824 52.219935 58.821759 55.312474 54.213212 51.455314 53.849168 52.438021 56.088118 53.429685 51.430243 51.474013 55.078314 51.631636 53.179520 52.608528 58.217813 55.234985 56.356323 58.376445 53.334289 51.552516 58.966587 57.559779 50.339780 53.002760 52.437991 54.258194 52.739140 56.272171 53.007812 52.136054 57.549970 57.950835 51.676495 58.668426 56.707182 50.943070 53.101200 52.715609 55.722564 53.721079 55.468734 50.519801 52.671003 50.766734 50.716868 56.219001 55.701387 58.332817 57.754837 55.330766 52.315960 56.664586 50.779857 58.527084 56.679075 57.185296 52.761552 
52.264385 53.395556 55.082483 51.853336 55.716889 57.928514 58.381812 54.880989 54.228225 52.428952 54.427510 51.672494 50.029241 52.148404 56.088118 53.416602 51.643253 51.511268 52.710176 54.964199 58.802374 52.608528 58.058777 55.124603 53.698876 58.390385 53.695458 51.552516 59.020241 53.446544 50.406337 58.418696 52.357607 50.727588 52.755845 56.272171 53.022193 52.136054 51.697144 55.021234 51.709111 58.867557 56.653301 55.325934 58.196298 52.317729 52.638594 53.675902 55.529519 50.376352 52.821770 58.057401 58.734525 55.071625 56.383442 50.684117 52.146559 57.218835 52.010290 53.881678 56.848799 56.701956 52.626909 
53.668703 50.891396 54.622816 51.853336 55.891317 50.955035 52.490539 57.484435 57.256832 52.337636 54.474947 51.722353 55.731395 52.043753 56.040354 53.416602 51.745252 51.504280 57.139608 50.503904 58.964963 52.624574 58.185718 55.138892 50.732397 58.390385 53.619251 51.459625 58.924128 51.108256 55.302009 58.514900 52.294989 50.449790 52.732854 56.324271 53.250816 52.136054 52.869596 50.252802 51.709111 58.754412 56.818027 55.635212 50.225615 55.231193 54.358092 53.427592 55.522359 50.608517 50.288908 58.296139 54.156390 53.660281 58.422668 53.886276 
53.652200 54.501445 54.665029 51.853336 55.817572 55.694534 52.578819 57.892827 58.040824 51.350284 54.506754 51.460008 57.941235 52.441611 54.508651 53.593327 51.452407 51.504280 56.113435 50.254538 58.380774 52.526456 58.140888 55.138892 58.494813 58.390385 54.558096 51.459625 59.208924 59.027191 54.999018 58.421602 52.204148 56.984146 52.714540 56.324271 52.949372 52.136054 53.387834 51.039921 51.694516 58.653631 56.744426 56.682784 52.652383 55.764285 50.719248 53.526367 57.684266 50.750178 57.986132 54.222390 57.191844 58.295196 53.689729 49.991216 57.382376 56.836629 56.301878 55.784942 
53.609682 52.047397 57.326656 51.853336 55.664678 55.703990 53.780127 52.065715 54.079267 51.823463 54.395559 51.559547 56.711152 54.598596 53.964749 53.753114 51.408406 51.504280 55.888388 50.497326 58.281980 52.673558 58.140888 54.845055 52.408345 58.390385 55.925948 51.432770 59.213119 50.094611 54.874949 53.165883 52.072294 53.007442 52.735825 56.343940 53.075286 52.136054 55.214740 55.158529 51.694516 58.464285 53.503600 57.752938 56.739038 58.102168 50.864302 58.961723 51.024225 51.182281 50.447868 51.779426 53.918998 
54.876765 54.773258 52.760909 51.853336 57.650931 55.578645 50.738366 51.911864 55.343178 58.892998 54.310739 51.658136 56.755060 52.662734 55.338400 53.753114 51.525463 51.381816 55.731145 50.207647 58.274449 52.584639 58.194316 54.915611 52.344740 58.385396 55.629048 51.537940 51.144356 53.477224 54.820473 51.616887 57.756695 54.302845 52.735825 56.551836 53.074635 52.136054 56.757199 55.138570 51.694516 58.614018 53.616103 57.228913 55.472168 58.916775 59.256840 53.153974 57.841730 51.411123 54.439896 58.488639 53.503760 
58.766775 57.384186 53.725437 51.853336 57.407414 55.578645 50.485574 51.775869 51.784409 58.889041 54.280426 51.709455 56.692854 53.014220 58.144191 53.753114 51.686565 51.381816 52.191340 50.246384 51.196165 52.605290 58.177396 55.066665 58.759025 58.382533 55.491729 51.580797 51.627191 53.679246 54.834664 56.833269 58.880584 54.467922 52.735825 56.551836 53.074635 52.136054 55.404424 51.613138 54.515238 54.096314 51.953070 54.560246 57.291032 56.853955 55.954055 57.383733 57.201528 
58.629638 55.705957 53.671248 51.853336 53.079934 55.544164 54.665704 51.784837 51.481330 58.760385 53.463701 51.709455 56.630727 52.107755 52.002641 53.611453 51.590245 51.381816 57.725085 50.157754 50.635721 52.489202 58.190657 55.305652 53.641909 58.382533 54.140486 51.580797 51.627191 52.903591 54.705862 54.305732 59.133089 57.584116 52.893470 56.561776 53.016751 52.136054 56.721033 50.412142 56.374626 57.885817 52.942815 58.445448 53.793720 53.921647 53.705175 52.736068 51.670881 58.387288 58.437922 54.793372 
58.550034 58.142046 53.625022 51.853336 55.958047 55.544164 53.954414 55.078559 51.791072 58.829084 54.066275 51.709455 56.758307 57.133016 55.737465 53.479918 51.720664 51.340945 54.075894 50.300728 57.981570 52.599796 53.166025 55.305652 53.681724 58.376675 54.173597 51.580797 51.627191 53.845474 54.791586 51.175602 58.984356 57.574101 52.805560 56.561776 52.991762 52.136054 52.532463 50.187611 52.033071 53.067411 52.799600 58.483789 58.600476 50.012193 51.993964 57.370088 53.605688 51.385354 54.928592 57.075511 56.710603 53.607979 53.736778 54.372738 57.790888 
58.654197 58.163898 53.643823 51.608453 58.246904 55.716261 52.652623 57.628050 51.995726 58.970895 52.714173 51.696982 56.810276 53.837644 56.277326 53.426202 51.705432 51.340945 53.373461 50.309070 50.053894 52.468259 53.073720 55.367981 52.545389 58.308591 54.163900 51.580797 51.627191 53.725037 55.004160 51.025639 58.856699 57.541675 52.827380 56.635314 53.169545 52.136054 51.002302 50.261033 52.972189 53.825168 58.665608 58.571058 58.599789 55.800927 51.351313 51.494765 54.334401 56.354336 50.960704 56.482255 56.294582 
58.654197 58.087246 53.031127 51.608453 54.055242 55.793212 53.667217 55.633465 52.047024 58.730986 52.749659 51.503090 52.833636 53.656640 56.134748 53.646459 51.806678 51.342337 56.815636 50.136778 49.917415 52.628737 54.909587 55.367981 53.846363 58.292909 54.255940 51.582070 51.627191 53.948627 55.176794 51.993636 58.878405 57.463944 52.844793 56.635314 53.140722 52.136054 51.372006 50.508664 57.561189 54.805853 52.873619 57.479720 58.259527 55.773399 57.305765 57.286500 58.289657 52.297801 57.372362 57.196995 53.588855 53.549960 55.014530 54.269692 54.423671 52.601900 52.014519 
58.656169 58.055302 51.725436 51.608453 50.175007 55.793212 52.310263 57.217308 52.378726 58.674129 52.449983 51.391335 57.225326 57.517953 52.004573 53.646459 51.568246 51.342337 56.731059 51.722988 50.158915 52.711235 52.358578 55.319820 53.705073 58.233444 54.267053 51.512377 51.671537 54.130229 56.772521 53.898178 58.971756 56.790503 52.657308 56.635314 53.175766 51.892897 55.662391 50.694380 54.841660 54.887706 53.045336 52.156792 58.237102 51.661610 55.778460 54.662241 58.056159 54.392422 52.061929 51.208115 57.759534 56.414379 54.629945 54.733635 54.615612 53.426970 
58.608451 58.175897 54.692351 51.608453 50.321011 55.631430 52.241749 52.348575 52.157871 58.663330 55.445687 51.445293 53.704485 52.256145 53.723202 53.646459 51.853728 51.342337 56.659107 54.167799 57.527036 52.710288 52.475332 55.203825 53.733029 58.186806 54.082016 51.532754 51.732548 53.962933 50.992968 57.426766 58.997164 53.877152 52.598292 56.596095 53.085646 52.059753 55.716396 50.580296 52.377850 54.817540 52.983793 53.860021 58.067220 50.600709 57.270901 55.391129 50.172205 56.635026 
58.608451 58.115092 52.946973 51.688929 50.170985 55.445856 52.346344 55.574471 52.256466 58.655908 57.929442 51.596239 53.656597 51.699231 57.572217 53.561793 51.705119 51.286727 56.795226 52.283428 50.172967 52.729721 52.275100 55.203825 53.684453 58.278606 54.378986 51.591643 51.798344 50.971288 54.479982 57.620992 58.994824 53.499447 52.598292 56.525270 53.011055 52.057173 55.506704 50.567861 54.474190 54.817540 52.932902 54.264748 57.618479 52.060465 50.805939 53.668206 54.334174 56.027721 58.155680 57.738043 
58.683285 58.115092 51.232568 51.723603 53.953164 55.407392 49.987711 55.455811 52.102807 58.921101 51.060368 51.666365 53.881894 57.010290 54.512648 53.639000 51.667002 51.148913 58.453169 53.549574 50.123609 52.703086 52.335577 55.239626 53.554893 58.378900 53.621448 51.459449 51.863753 50.779719 58.737363 57.471413 59.015658 52.805042 52.624390 56.534781 52.904880 52.140611 55.321356 50.336232 58.740439 54.766877 57.048117 53.893995 56.015884 51.281289 56.650325 52.218054 57.867561 50.767402 49.955282 52.415502 54.091365 52.691291 53.668908 52.646630 50.289019 54.188158 57.728177 50.066560 58.281950 54.503506 53.953316 57.938677 52.701823 57.427790 53.355125 55.268713 
58.548916 58.182718 53.784801 51.796643 50.957915 55.279698 51.396723 55.066429 51.868367 58.665908 51.215818 56.853515 56.683415 58.445782 54.379522 53.639000 51.774689 54.224048 51.021488 52.847925 49.953343 52.703086 54.685298 55.048482 53.558666 58.378900 55.181300 51.450489 52.027021 50.387575 52.218013 57.423550 59.046265 51.589540 52.563350 56.534781 52.904880 52.190375 55.235706 50.358609 54.993073 54.875719 54.912529 54.988677 53.602900 51.758572 55.244741 52.100618 50.750928 50.767402 58.297500 54.836488 51.505347 54.632775 
58.562536 58.182718 57.793683 51.773730 55.677428 55.340240 51.552311 52.310845 55.278835 57.100073 51.215818 58.375158 56.820203 58.030847 54.309835 53.639000 51.656295 54.174950 53.215939 52.804200 55.345848 52.703086 51.637806 55.002572 53.515986 58.378900 55.283035 51.397740 51.856972 52.187885 52.292142 57.754374 59.056270 54.508602 52.563350 56.707384 52.883408 52.078038 56.164283 50.361606 58.444761 54.978098 49.982230 50.924568 50.775552 50.461840 58.867604 52.215977 55.276243 
58.408119 58.182718 50.588869 51.796056 55.929244 55.356003 51.714974 58.143516 55.524671 51.566106 51.302328 54.643063 56.663211 52.031035 54.309835 53.639000 51.710345 54.244435 53.079443 56.837757 49.831720 52.743012 58.787942 55.002572 53.515986 58.386765 55.323718 51.480395 51.939326 52.160674 52.211067 56.963497 59.158903 54.551530 52.659941 56.385784 54.345171 52.077106 52.922297 50.589299 52.703836 55.012882 58.204298 54.202167 51.314493 51.995927 54.499507 49.940919 57.580385 49.837397 57.827990 50.696676 58.135972 56.945363 58.234184 55.322558 54.246727 53.940719 
58.552641 58.182718 50.654830 51.796056 49.857687 55.414549 49.874406 58.370170 57.643027 54.858964 51.266822 51.070788 56.586560 52.031706 50.152553 53.577223 51.928312 54.149232 53.055411 50.557153 49.896559 52.678031 58.932888 55.097208 53.486067 58.386765 55.614804 51.503420 51.770999 52.163105 52.203162 55.517436 59.325798 52.569885 52.622057 56.295971 57.840973 51.879898 57.218621 50.593079 51.932978 54.897295 58.845125 54.961604 54.395183 50.260360 54.452834 52.366593 54.055084 52.796891 57.567218 56.338588 56.643891 57.822328 58.141999 
58.452383 58.245270 50.366688 51.796056 58.385097 55.199602 58.097554 58.534069 57.683539 54.501069 51.207177 54.650064 56.664408 52.099080 51.996485 53.593846 51.850696 54.112346 53.193624 52.917205 49.871287 52.619673 58.973945 54.991791 53.333257 58.386765 55.655208 51.650991 51.820015 52.056147 52.224815 55.932581 59.091522 56.413267 52.671805 56.431657 57.487972 51.879898 53.144746 50.629595 54.466992 54.915670 55.113873 50.543521 54.643787 50.936897 58.030730 56.199265 54.302308 53.976771 51.819132 
58.397313 58.176203 50.680766 51.796056 57.278575 55.170732 52.724100 58.057442 57.799824 57.819951 51.238057 57.273265 56.691006 52.056676 51.982594 53.593846 51.584799 54.133025 53.054772 52.871424 55.600594 52.759886 58.570306 54.962161 53.083024 58.252752 58.450555 51.488889 51.893720 57.274368 52.238543 55.758574 59.080047 54.036066 52.694804 56.431657 54.196056 51.897742 53.146822 50.738070 52.572289 55.016840 55.236948 53.820070 54.574599 52.107509 54.373330 54.394461 52.239642 50.736157 55.257596 58.135863 
58.416650 58.127018 50.498262 51.858360 53.664129 53.969711 52.823931 51.802715 57.539737 54.450523 51.238057 57.808235 56.583758 52.066818 55.479944 53.729831 51.866004 54.040115 53.100531 53.312469 55.310876 52.590692 58.560645 54.962161 55.672409 58.069776 52.730221 51.579011 51.893720 54.652337 52.329686 55.731058 59.039022 52.212282 52.624240 56.431657 57.793821 51.941834 53.013128 50.687544 52.584786 54.873190 56.199364 58.321438 58.072645 52.027040 56.299907 54.872512 57.349449 54.613854 57.434063 57.914065 53.306456 57.266374 56.649293 
58.508718 58.117740 50.372425 51.858360 52.495184 56.806000 53.255296 54.554758 57.400275 54.412669 51.238057 55.405033 56.544123 52.025244 55.237197 53.749116 51.670632 54.026849 53.130566 53.092036 55.321216 52.782178 54.319975 54.962161 53.775270 58.033922 52.092032 51.591228 51.916724 54.649839 57.249640 57.299628 59.077832 56.617250 52.624240 56.377948 54.182894 51.941834 52.967816 50.687544 52.584786 54.915719 54.561818 52.164588 52.608476 52.243376 55.322149 58.840235 54.136800 50.911791 57.664049 55.127187 
58.549765 58.117740 50.593175 51.858360 52.194439 52.744675 53.353917 57.971154 54.214617 58.804356 51.200419 55.643174 56.199582 51.960147 54.937336 53.610719 52.020992 54.044205 53.111697 53.287374 55.540651 58.278924 51.264642 54.835940 52.326899 52.807228 57.352574 51.453738 51.916724 56.819033 55.922809 56.224697 59.181965 54.408800 52.510462 56.112835 55.768260 52.212379 53.007360 50.720502 51.908638 54.952663 54.561818 52.305173 51.671091 55.515830 54.953106 57.578683 57.238289 53.149873 58.606668 55.565614 56.517708 55.460615 55.473766 57.459057 
58.514487 58.023938 50.442167 51.858360 52.207948 52.666822 51.614096 58.398960 55.650230 58.804356 51.200419 52.052122 52.360231 52.162727 58.632653 53.636880 52.040046 54.119650 53.091902 53.118030 55.433537 58.430988 52.438519 54.891982 52.989589 52.708135 57.630858 51.480691 52.011786 55.628130 50.508345 54.793798 59.212196 51.674768 52.450973 55.990013 55.887024 52.145950 52.975395 50.762942 57.868673 54.894251 52.434881 50.900262 51.812646 55.010036 55.880365 50.768145 57.034721 53.094992 54.386002 51.460929 54.050131 54.564460 56.775234 56.741823 55.663110 52.211034 51.055923 
58.597455 58.023938 50.513524 51.957574 52.359764 52.809856 51.706954 53.192089 57.414964 58.768116 51.160848 55.360947 52.262730 52.159421 53.745932 53.675138 52.132992 53.003195 53.182187 56.605651 55.433537 55.253472 52.376362 54.966840 53.140672 56.900998 57.533939 51.447388 51.955080 50.981713 54.914455 54.793798 59.269866 51.637775 53.145305 56.123319 55.947280 52.145950 52.975395 50.762942 56.476096 54.934525 57.132009 55.910235 51.269019 55.396355 53.872971 55.873955 57.150934 53.092468 54.893780 50.929037 51.150279 54.626386 51.525198 58.085171 58.343569 54.440163 49.928380 51.466825 55.456236 56.693050 
58.466299 57.926851 50.437625 51.781866 52.636315 52.823122 54.879249 53.015832 57.126395 58.761546 51.160848 56.202044 52.301363 52.158134 56.436457 53.626636 52.292840 54.725725 53.035626 50.308107 55.363853 52.868431 52.511384 54.966840 53.126673 58.475100 57.570325 51.447388 51.955080 56.612657 55.318320 54.611983 59.251616 51.689914 53.137149 56.123319 55.860433 52.155350 52.862154 50.432886 54.721442 54.934525 53.764293 55.521986 56.743105 57.510720 53.965540 55.891030 56.621275 56.712823 54.608745 51.219319 51.608599 57.430473 57.879131 51.444128 52.106387 50.217918 52.358637 53.974840 50.462756 54.409307 55.777235 52.268760 55.544852 
58.391442 58.081960 55.499920 51.783171 52.405811 52.823122 53.783895 53.104841 57.978029 58.761546 51.160848 57.532128 52.321388 52.068865 55.022207 53.626636 50.461265 54.473645 53.035626 50.745187 55.492584 52.797327 52.508272 52.260375 53.354511 54.945842 57.584918 51.486478 51.955080 56.633684 55.092570 56.321875 59.254995 51.689914 52.851310 54.639209 56.668876 52.155350 52.862154 50.556403 50.594266 54.926928 53.283884 55.500139 58.478391 57.414956 53.901862 55.961828 56.618060 56.878130 54.635981 51.120127 54.034759 56.238150 52.170049 56.279875 54.455560 49.980433 54.204487 51.915581 54.520506 51.205619 52.074057 55.092267 50.685126 57.206782 55.491749 57.558648 
58.492632 58.081960 52.386217 51.783171 52.367268 52.805702 56.986404 53.201212 50.629614 58.761546 51.126494 54.484393 52.269649 52.141394 50.600246 53.634064 57.782364 54.722797 53.035626 50.645649 55.437781 49.778422 54.411762 52.137687 53.027731 54.945842 57.416355 51.486478 52.011081 56.633684 54.548943 55.886076 59.297579 51.744178 53.572716 57.535199 51.305811 52.185156 51.847041 53.703405 53.667007 54.935270 56.131751 55.414103 57.117454 52.205569 53.854713 56.004645 56.618060 56.809833 54.635981 55.220270 54.627531 56.584141 51.255264 56.093569 54.056863 50.254164 54.735453 53.064022 54.610917 57.770019 50.162301 50.696778 49.832516 
58.552031 57.931047 55.293018 51.783171 54.537030 52.773326 52.924209 52.362693 50.629614 58.722906 51.126494 53.022758 52.325179 50.115869 52.281828 53.714264 50.312249 55.084638 53.082838 50.383596 55.353269 52.017031 54.483665 52.289851 53.518436 54.945842 50.543378 51.486478 52.017276 56.633684 54.456792 50.946479 59.276299 51.686221 52.611863 56.731307 55.922986 52.241881 52.945678 57.973861 55.819833 54.995534 54.207721 58.540127 51.274453 52.322852 54.037056 55.916475 56.686028 57.025666 54.681367 57.548081 54.452880 50.719730 55.722820 57.236484 54.352273 50.119195 55.315507 52.319159 57.069556 50.850099 54.278542 51.629806 54.386472 50.594317 55.273243 
58.552031 57.990416 55.262934 51.781854 50.248278 52.599047 50.036902 54.122828 54.803772 58.722906 51.180755 54.224637 52.289440 49.924740 53.162120 53.714264 52.361649 52.104823 53.052456 50.611146 55.551719 52.145784 59.109258 52.408830 53.583846 54.718919 57.282669 51.486478 52.017276 56.633684 54.456792 54.444974 59.178928 58.378856 52.600804 52.956030 55.628236 52.468181 51.248223 52.676517 50.409734 55.092069 52.922197 57.921431 51.914485 52.263664 53.893200 56.073382 56.654339 56.889271 54.605654 57.711053 53.932192 55.928560 54.732060 51.795297 57.260551 50.745800 55.636346 57.876274 54.288454 54.049353 55.129222 54.429663 58.003375 58.546859 
58.453943 57.990416 55.140739 51.793036 50.397055 51.563751 49.890581 57.540365 54.995434 58.733348 51.215308 54.197072 52.249972 49.946540 56.312670 56.028466 52.192762 52.255186 53.052456 50.114811 55.343077 52.013803 57.386437 57.046312 53.725394 54.789417 57.031903 51.486478 52.017276 56.683297 58.488119 52.237810 59.075682 53.655840 52.621027 50.769578 52.315318 52.277198 53.021149 52.749514 50.631500 55.054493 52.873133 56.160521 57.786862 52.297643 51.784421 54.216212 56.663116 56.792272 53.733567 51.711132 50.630894 54.919288 56.760005 54.412905 50.808457 56.573942 58.136830 57.316289 58.183040 57.457473 
58.453943 57.990416 55.534885 51.793036 55.759465 53.727176 49.971655 52.975254 54.861398 58.755591 51.225447 51.857951 52.409975 56.749705 50.581121 52.542881 52.231042 52.207807 54.357044 53.493349 55.306784 52.102393 50.454039 58.361608 53.725394 54.796276 51.127892 51.471361 51.973536 56.683297 55.819735 50.627367 59.178028 56.744792 52.710486 50.579759 53.032416 52.228290 51.200627 52.749514 53.101818 52.342218 53.095946 55.848444 57.828073 55.934011 54.779370 54.251000 56.636273 56.792272 53.670764 51.888030 54.890311 56.656757 55.484075 57.118744 53.671850 55.196193 56.325521 54.082025 58.013268 56.265120 54.246106 52.147604 57.905024 56.018749 
58.453943 57.990416 55.373612 51.793036 56.877875 56.339794 52.608846 53.087843 54.796001 58.743773 51.220119 58.391374 52.563254 54.786051 50.581121 52.359787 52.162700 52.150303 52.100677 54.114975 55.138147 52.153455 50.444351 50.326804 53.705157 54.834962 55.658788 51.471361 51.973536 56.677136 51.365440 57.810961 59.299329 56.982149 52.731089 50.821058 51.982627 52.288127 52.172626 52.502125 50.854563 56.052259 51.193385 56.649008 55.131500 56.088999 54.518316 54.211821 56.633377 56.792272 53.722254 51.925822 50.335678 51.752656 53.542426 53.579663 54.626252 55.360178 56.325521 57.315563 58.564290 56.671151 50.344125 53.151775 55.694503 58.084966 54.997291 56.453112 58.492461 52.620975 58.088297 54.903743 50.809369 50.652697 51.430938 
58.453943 57.990416 56.867894 51.764645 55.790753 57.873537 56.658938 53.078367 54.860456 58.743773 51.220119 55.198562 52.391148 55.553354 50.768998 52.359787 53.450099 52.272074 53.123214 56.325521 55.392933 52.153455 50.399588 53.114260 54.197473 54.604790 55.592517 51.488124 51.973536 56.677136 49.909828 51.891987 59.180941 56.635789 52.834180 53.391090 56.236312 52.271919 51.037444 52.493767 54.633045 54.369177 52.441757 53.451186 54.044343 56.020925 57.180732 54.280592 56.633377 56.804556 53.615547 52.104547 56.129160 56.525924 56.338248 50.004634 52.019149 50.313580 57.858725 58.346937 50.440375 57.732286 52.269312 57.626905 55.238635 50.607095 51.406229 55.417709 57.411302 
58.492374 58.044224 56.896171 51.702257 55.713538 54.628485 51.111737 53.080071 54.814284 50.094140 51.455922 50.412454 52.430152 57.478486 50.768998 52.351478 53.182313 52.171826 58.031934 56.179529 55.840832 52.107794 50.539618 52.465453 54.321732 54.801432 55.554956 51.488124 51.973536 56.677136 58.804188 55.297231 59.299085 51.051900 52.965247 53.570528 56.924902 52.104624 53.439750 52.493767 51.301900 58.568401 52.453848 54.909941 53.280092 56.145244 57.504868 54.472849 56.617145 56.804556 53.615547 51.987314 56.356185 56.538483 56.000746 49.836369 57.352974 49.883478 57.185346 52.182295 56.921351 54.596059 54.369529 52.346719 
58.492374 58.044224 52.345112 52.992879 55.575395 51.917276 51.871195 52.933852 54.755558 58.963069 51.213603 50.601818 52.208769 52.206904 56.065109 52.351478 58.797103 51.924031 52.394737 56.400535 57.703817 52.004515 55.294711 53.615547 57.056959 54.628007 55.764142 51.576457 51.966913 56.655523 54.631518 55.257032 59.358751 51.991853 52.927885 53.273982 50.513930 51.838073 51.038055 52.493767 53.017208 50.719970 54.932513 56.395236 50.174294 56.390935 51.758880 54.532553 56.617145 56.727851 55.600067 52.265633 54.442746 54.196804 54.319452 52.479343 50.807943 52.715513 
58.492374 58.044224 52.427398 54.568876 55.479840 50.126549 51.939731 52.941231 54.725540 51.382985 51.157167 50.862715 52.466200 56.640876 55.849144 52.569167 58.773348 52.624499 54.545417 55.868405 51.856946 52.046365 55.233716 53.797249 57.176803 54.691918 57.522399 51.725282 51.792374 56.655523 51.113748 53.492230 59.226555 54.846050 52.901444 51.336870 50.427507 51.838073 53.521648 52.549232 53.298234 55.764004 56.727851 52.281962 57.597111 56.412423 57.379628 54.289987 51.972958 
58.492374 58.075121 52.419408 56.245911 54.102161 50.478353 51.825686 52.882396 54.641776 57.639423 51.230676 52.239697 52.406378 56.640876 56.416672 52.690383 58.793167 52.117748 54.545417 56.031424 54.216152 51.893979 55.289256 53.789105 57.454080 54.646546 57.959990 51.364240 51.953411 56.655523 53.921879 56.631649 59.171074 52.558577 55.596269 52.524515 50.203478 51.838073 53.945169 52.544014 53.786802 54.119403 56.830494 51.526845 53.322214 58.476403 57.298336 56.609748 54.772932 55.537049 56.971904 56.711592 58.564224 54.873609 52.113936 56.083912 
58.458218 57.982951 52.375719 55.425927 57.323000 50.469381 51.776949 53.027781 54.640410 54.580553 51.242636 53.102558 58.401670 56.650064 53.318562 52.741939 58.796355 52.175334 54.545417 56.878583 52.087863 51.869969 52.014717 53.789704 56.191794 54.646546 52.399741 51.490025 51.865128 56.626651 55.671423 56.724451 59.247672 51.795350 56.003160 57.050287 50.445494 51.838073 53.951128 52.565511 57.052734 54.200802 50.837600 57.674125 52.503489 53.099182 54.352957 59.515916 55.266583 58.074521 
58.495552 57.973725 52.398836 55.469927 52.888586 50.304612 51.923164 52.979779 54.789249 54.043759 51.242636 54.484717 52.160454 55.530308 51.849952 52.545182 58.796355 52.113113 54.454629 57.540220 56.741519 57.282457 51.278672 53.789704 52.061887 54.598188 52.329677 51.620253 51.744380 56.604416 56.228023 56.823429 59.344262 55.941087 54.797037 56.901916 50.541315 51.805209 54.129420 57.067770 56.816131 56.924330 53.128310 54.830287 57.879856 52.827791 
58.527135 57.991376 52.419984 56.213701 52.877164 50.554960 51.797395 52.991553 54.789249 54.343917 51.242636 50.412456 56.070809 55.499799 56.505949 52.638664 58.785511 52.009310 54.634927 55.841518 56.785515 58.359477 51.212735 53.621275 55.919816 56.034718 57.510140 51.453428 51.903791 56.423199 52.464636 56.893996 59.083650 52.101400 52.267832 56.904772 50.465468 51.754412 54.132201 55.217930 52.414867 56.762149 53.082701 56.114461 51.797875 52.089302 54.653417 52.626786 55.054549 51.721246 58.541904 57.906061 54.394577 54.082791 57.712355 58.532489 
58.496971 57.956889 52.524269 50.765264 57.160870 50.320464 51.822419 53.084859 54.762105 54.214885 51.470808 52.612082 56.563544 55.166930 52.925691 52.677909 58.820257 52.134874 54.704978 54.748834 56.830776 54.315340 56.160764 53.657349 56.046224 56.471791 51.906318 51.368435 51.909205 56.468969 52.984615 56.891635 59.176211 52.131518 52.460378 56.855673 50.573174 51.754412 55.904738 55.802089 50.721056 53.316739 53.414298 52.295439 51.795731 52.218324 54.755627 52.332678 52.707015 54.524133 50.674122 57.118320 57.578802 57.035095 53.347945 56.509243 56.872615 56.441826 54.035579 54.559227 51.605001 50.092687 53.842838 51.482773 53.771223 55.806804 57.202881 57.585143 58.315496 53.240889 52.262923 
58.496971 58.167794 52.421486 51.401035 49.911837 50.642737 51.822419 52.980967 53.691267 57.162315 51.450589 53.636000 55.920295 55.229618 53.118481 52.803356 58.797572 53.740344 54.770307 56.965238 56.721236 54.004863 51.585969 53.662560 52.415656 56.300239 52.942930 51.368435 51.773865 56.551126 53.114992 56.990113 59.051472 52.191338 54.071645 56.446784 50.642974 51.754412 53.774013 54.953225 50.708631 53.462375 58.030573 52.627589 51.824685 52.227405 54.682947 52.447291 52.628188 53.933632 53.856860 55.941304 50.845186 56.666170 55.131709 57.344056 58.197905 52.193738 51.220655 53.878886 54.493595 57.335516 54.797788 53.436482 52.684882 51.976741 
58.511671 58.158482 52.461950 55.629366 52.852123 50.873277 51.929255 52.974645 50.293092 51.997242 57.045434 54.637330 56.097173 50.534277 53.417055 52.750728 58.848612 52.488454 57.417518 56.778412 56.769826 58.034154 51.239019 53.668382 51.273956 56.168446 58.088901 51.552744 50.508020 56.636555 53.931146 56.748567 59.183481 52.089938 54.403966 51.843130 50.751132 51.982309 52.685891 54.882882 50.699934 53.691800 52.896165 56.665907 51.688349 51.971651 54.705155 52.474271 52.919947 53.867926 50.388920 55.677913 56.853533 56.873191 51.359873 57.174061 51.403891 52.116684 50.961818 51.357373 54.518084 54.178128 55.118181 53.892073 54.730153 51.079882 51.339361 57.833539 58.301048 57.772447 54.041936 51.835637 57.593670 58.408290 53.408000 52.638479 
58.511671 58.213331 52.503919 55.455160 53.221235 50.050843 51.814263 52.974645 58.643267 56.196231 53.197667 54.888762 58.081393 56.950069 58.220424 52.693536 58.815858 51.667926 51.224954 54.394447 50.853284 57.681447 51.270762 53.673598 52.199540 56.418141 53.138258 51.607430 53.512488 56.612423 50.248047 57.048639 59.126636 56.730964 54.030401 51.726202 50.873938 51.950357 50.352005 52.557202 50.763018 53.555656 52.896165 50.560462 51.944687 51.960526 54.705155 52.507616 52.587646 53.882784 52.473119 55.385153 57.400589 51.182452 50.672230 53.955400 50.163316 51.795622 51.009036 52.308472 54.370796 51.552696 55.078707 57.401814 50.767865 54.493284 57.685202 54.068215 57.163751 57.839403 52.306343 52.339857 56.105943 56.788211 51.850603 58.411764 56.369398 57.307221 51.416969 50.661880 52.484934 56.363345 
58.511671 58.155429 56.906528 55.357614 53.116369 56.710593 57.736295 52.963947 52.861806 56.780640 52.512242 51.067843 57.983002 50.695540 54.059659 54.446679 58.825274 57.920111 55.928065 53.013543 57.579859 56.029203 51.203114 53.616335 56.066523 53.949119 52.224194 51.607430 54.503777 56.653000 52.088663 54.678581 59.060418 56.894920 54.036795 51.690545 50.687951 52.003584 50.425635 51.909810 52.513676 53.638536 52.896165 54.304927 51.944687 52.056423 54.594425 52.639224 52.640273 58.222020 52.221931 57.816307 57.757781 51.119860 50.440313 53.665536 55.512541 53.653089 56.500999 52.558782 54.616746 57.919198 57.760344 56.384493 54.645364 53.427131 54.735517 
58.421740 58.167148 53.048391 55.581300 54.633281 54.294568 58.216106 52.903255 52.903783 56.815459 52.482628 53.828412 56.309863 51.862473 53.808725 55.179966 58.825274 57.776844 52.497281 57.959254 57.936410 54.371196 51.275782 53.616335 49.909862 55.215263 52.678079 51.607430 50.615928 56.697979 52.002684 54.657017 59.455214 52.643179 51.228855 51.690545 50.653810 52.064399 54.641598 51.737904 52.013637 53.688470 52.856918 57.256487 51.888834 50.462508 54.366991 57.048942 52.792693 53.169238 52.275262 51.087101 57.555366 51.650346 58.737243 51.204401 58.725683 
58.421740 58.345261 52.433823 55.640646 54.730827 52.175612 56.761133 52.917172 52.965878 56.950145 51.490133 54.491915 56.351150 55.348980 53.580480 55.340327 53.278568 53.858851 51.950399 53.730331 58.238053 54.282506 57.537327 53.520770 50.361416 55.036961 54.211383 51.607430 50.363762 56.697979 51.944798 54.669301 59.079891 52.510208 51.317281 51.690545 50.468393 52.016180 54.739728 51.652146 59.328065 53.710050 53.090840 57.360733 51.955650 58.680300 53.241760 53.106458 52.642676 53.307458 52.275262 58.196079 58.209069 54.008277 56.527002 55.571104 51.282329 51.755839 51.019771 58.163101 57.102570 
58.488250 58.460443 56.673335 55.780804 54.719242 57.076742 55.656418 56.714334 52.986883 51.371008 52.033890 54.653414 56.629956 51.607860 53.580480 55.822049 58.310922 54.539561 53.300648 56.746238 58.094615 54.162602 53.668958 53.520770 54.703931 52.720747 53.366751 51.607430 50.420140 56.911295 52.161086 54.669301 59.212704 52.491198 51.293212 51.708714 50.458389 52.016180 54.234016 51.652146 54.213100 53.588342 52.994672 57.394652 51.980613 59.030915 53.361776 52.818650 52.515791 53.420870 52.260469 58.196626 51.565948 57.055695 57.786425 58.445871 57.721043 57.628231 49.945379 56.345529 50.857896 51.987274 56.591801 54.006813 51.351563 54.987992 54.522285 54.967932 
58.488250 58.460443 56.723065 55.425142 54.719242 50.861953 57.998071 55.800343 52.896328 51.427485 52.445049 54.704937 56.536987 53.523770 57.044391 55.468688 50.720055 50.461878 56.028777 52.001147 57.890486 54.244450 57.688314 53.580312 53.988325 52.211265 58.243919 51.607430 50.366024 56.542236 51.981663 54.871722 59.082531 52.393650 51.402290 51.708714 50.723446 51.961599 53.736457 51.497691 55.716365 53.799486 52.991396 57.683271 51.791929 59.032159 53.201007 58.277156 52.756502 53.078970 52.093270 58.248625 56.932924 57.094789 52.208733 56.417005 51.042857 54.936013 53.384934 50.799450 55.517394 52.136282 
58.480906 58.430768 56.645423 55.508127 54.759438 58.279233 57.234287 52.782689 52.865670 51.363802 54.494462 51.292769 56.536987 50.372871 52.495016 53.438470 58.099607 50.329980 50.468331 56.883685 57.177782 54.346191 50.186157 53.566789 51.414617 59.188589 54.556902 51.607430 55.688135 52.940448 52.524964 54.861783 59.227267 52.492471 58.264346 51.708714 53.924050 51.906892 51.581748 51.646174 56.259719 53.672001 52.989745 52.420299 51.862179 54.483757 53.167502 50.852781 52.589420 53.228474 52.217807 55.146876 51.217101 55.479861 50.445091 56.769403 56.798724 56.473673 54.180850 54.884281 54.470776 58.708927 52.050525 
58.456540 58.432435 56.645423 55.611733 54.759438 55.482152 57.230279 55.772372 52.999677 51.363802 58.686325 57.235854 56.488592 50.497159 56.329359 53.317070 58.085791 51.949759 51.894147 56.355882 57.312112 54.387319 54.307232 53.566789 54.960160 59.309753 53.966678 51.607430 57.960426 54.563181 55.575097 54.638801 59.262828 52.336808 58.368092 51.855204 55.776072 51.906892 51.217181 51.702463 56.386745 53.314250 53.007774 52.214202 51.867312 52.984310 57.669423 50.547216 52.818793 53.463909 52.045031 56.720058 53.379207 53.970071 51.804964 53.821719 56.879173 50.875395 56.947743 58.246422 58.782834 
58.504750 58.320494 56.778981 55.611733 54.947796 55.777807 57.236358 55.618621 52.999677 51.367237 52.072260 52.183032 56.514104 50.231301 56.329359 52.983095 58.013698 52.159068 57.500823 57.950141 57.312112 54.324667 50.800233 53.617551 57.101089 59.120450 50.899833 51.607430 57.172351 53.544115 56.957790 54.937811 59.270949 52.336808 58.368092 51.855204 55.353748 51.961050 57.218801 54.290698 54.323113 52.956113 53.007774 52.025315 51.903244 52.963077 53.535068 53.181286 52.742807 53.468021 52.368835 53.947395 53.284251 53.867105 50.682763 50.414112 54.365279 51.794073 54.544970 53.309864 51.147111 58.446533 54.379961 51.681295 56.937444 52.838319 53.879113 53.974465 55.056402 53.852746 57.557296 
58.454663 58.320494 56.884519 55.619988 54.835677 55.779665 57.225153 56.780473 52.532540 51.456027 52.273124 49.921024 56.666250 50.289191 56.329359 53.222272 58.163599 52.272267 51.294209 53.068210 57.140389 54.218920 53.253389 53.649223 52.638339 59.177462 55.230046 51.510858 51.692538 57.215517 56.976519 54.937811 59.143059 52.343640 58.368092 51.855204 55.560631 51.928286 56.414879 56.471311 51.829247 53.404087 53.078918 52.077597 51.904099 51.013023 53.736927 50.150445 52.721046 53.258962 52.256117 53.834434 53.263223 53.867105 50.629455 53.966873 53.639960 51.174159 54.680890 52.824415 
58.454663 58.299651 57.011244 55.619988 54.835677 55.832651 57.234560 57.229294 52.566951 51.456027 51.929813 53.558299 56.323343 50.253412 52.680584 53.262258 58.173458 52.162615 51.417681 52.778456 57.203883 54.163070 52.028400 53.483846 52.472687 59.408808 51.535173 51.549304 52.061802 56.137247 56.835218 54.894623 59.445676 52.432260 58.355963 51.739570 54.240200 51.907464 53.524793 51.523643 51.073107 53.615601 52.594707 52.114546 51.909227 54.646730 52.967843 57.425279 52.574856 54.084547 52.119469 53.790071 52.856333 53.981380 50.715252 52.275389 54.652657 52.352832 52.339398 55.225894 58.140694 57.548836 57.657357 
58.395554 58.299651 56.728074 55.569501 54.915244 55.092180 51.572692 51.021853 52.425973 51.464728 52.979539 53.675189 56.477202 53.981493 52.062947 50.750995 57.905524 51.483572 51.420402 52.816041 57.203883 54.163070 51.354457 53.384950 50.496920 59.408808 50.082379 51.547574 52.061802 58.255195 56.994775 54.894623 59.384207 52.441172 58.202008 52.047560 57.201109 51.845979 57.075084 50.896528 52.660469 53.703049 52.540733 52.113452 52.074690 55.502230 53.078619 53.318565 52.586932 57.151681 52.119469 53.746890 56.875670 52.884374 56.123806 51.929511 52.503273 53.534381 50.149702 50.076553 52.147921 51.357136 52.094493 
58.395554 58.326709 56.752554 55.664112 54.915244 52.285887 56.923941 57.570427 52.577329 51.464728 55.562769 53.629718 57.581965 53.587166 51.464720 57.578786 57.884417 52.346253 51.485123 53.408472 51.490290 51.026870 56.726273 53.489438 50.538481 59.098445 57.260378 51.547574 52.061802 57.044136 57.029085 54.894623 59.188045 52.574104 58.207527 51.987230 54.983279 51.645325 57.187987 50.755422 52.040844 53.622698 50.876846 52.190560 52.077538 52.306915 53.155292 53.318565 52.618787 57.299511 54.504032 56.910142 57.222253 53.397364 53.748083 51.368073 54.514811 55.122538 51.722561 51.561799 57.610104 53.111447 54.075547 56.311972 51.692714 53.906216 50.299974 56.224284 51.364866 52.583125 52.993036 
58.322097 58.314674 56.743889 55.677864 54.915244 53.402546 56.907823 57.570427 52.802004 51.145161 55.552288 53.594701 54.098081 52.683313 51.305023 51.781526 57.779665 56.591313 52.066033 53.249646 51.482462 50.770733 58.089862 53.489438 50.720030 58.965145 54.085541 51.566719 52.059886 50.847529 52.046263 55.361783 59.510872 52.434379 58.220617 51.891203 53.977715 51.699899 57.324362 50.253862 56.396571 53.743268 52.482449 53.089167 51.948181 53.318757 52.938365 53.427427 53.028186 57.347501 54.408188 53.738339 52.105003 50.828688 54.862246 53.353179 54.453770 52.724811 57.113421 57.847300 54.496904 51.728777 57.966552 
58.345697 58.169181 56.743889 55.599577 54.936638 53.363193 52.600139 57.570427 53.213057 51.015986 55.149379 53.672513 54.534321 51.496687 52.519644 51.721239 57.903228 57.022495 51.688015 52.982168 56.358123 57.809587 56.940271 53.489438 51.894964 58.723595 54.087598 51.451598 52.119083 55.359520 58.141851 55.451751 59.524576 52.402978 58.159292 51.944365 50.735503 51.699899 57.249712 50.223313 53.803912 53.642346 51.435033 52.336070 52.105798 57.011413 52.991873 53.427427 53.028186 57.301594 54.045898 50.902669 52.309732 55.965690 52.368341 58.773444 55.051002 54.442182 52.051885 54.368879 53.917482 51.159277 56.264247 50.984784 54.935494 55.667108 
58.502245 58.036728 56.715080 54.066227 51.018963 53.460880 50.945008 57.701554 57.941731 54.776389 55.027847 53.771898 58.722556 52.148042 52.461834 51.721239 54.821054 55.083838 50.463697 53.480447 55.228813 52.117762 55.166708 53.489438 52.570590 54.889839 54.590171 51.451598 51.950357 54.807082 52.119060 55.125589 59.144758 52.457310 58.191873 52.009686 50.743019 51.710368 53.940083 52.345702 56.747003 53.642346 57.331216 54.389654 52.113909 56.941831 52.983665 53.427427 53.006818 57.285622 55.566645 52.342174 52.297068 57.961295 57.720204 52.324704 51.943566 55.040572 52.439652 54.061084 52.613968 53.350183 55.773303 52.253962 57.929755 
58.419323 58.148624 56.799976 50.693541 54.509564 53.628762 52.201253 57.760683 57.360344 52.592986 53.692287 53.763973 58.696048 54.484543 51.939795 51.042167 58.040237 54.336154 50.827099 50.765432 55.801093 53.896063 53.931560 53.489438 51.241206 57.678267 53.057615 51.422393 51.996441 54.653475 54.768714 55.050501 59.207185 52.515434 54.118205 51.914212 50.795095 51.787222 53.840299 52.345702 50.964027 53.404762 52.216215 54.033851 52.112878 56.992702 53.270293 53.427427 53.006818 57.168566 55.822063 51.601064 52.297068 57.812329 54.524815 50.300169 50.966105 57.696137 56.555442 51.017095 53.652644 54.453599 51.917266 54.348157 58.084931 56.858017 54.174949 56.719926 56.116314 57.167777 57.924591 59.519407 53.111669 
58.419323 58.148624 56.709288 50.614993 55.686016 54.159756 49.922289 57.699388 50.966105 55.681383 57.546275 53.736709 58.713717 51.994020 51.955148 54.504884 56.108532 52.166840 55.721642 53.162220 52.071455 53.989051 54.091234 53.489438 51.457280 53.358041 58.338458 51.639996 52.038583 54.446211 51.358654 54.935470 59.166322 52.506125 57.911845 52.020656 50.609772 51.791950 56.990271 52.303386 57.821484 53.852479 52.390167 51.728918 52.080678 58.359764 53.270293 53.394158 53.031501 56.719542 58.659389 57.406272 54.540406 57.197150 55.220715 54.105407 54.168736 50.164157 52.272731 57.335323 57.498371 58.536798 51.517600 57.533144 
58.439788 58.108717 56.709288 50.631232 55.686016 54.210729 58.341900 57.470037 50.889465 55.726332 56.502581 53.736709 58.726826 52.179652 52.225524 54.595532 56.177818 52.191351 51.426140 57.656157 53.166015 53.770362 58.216720 53.464415 50.708210 53.022154 58.196436 51.654023 52.093804 54.446211 57.263143 54.838789 59.241498 52.691803 57.902024 52.035138 50.639140 51.791950 57.335785 52.275236 49.791052 53.465586 52.187192 51.419564 52.172128 58.069121 53.320676 53.394158 53.026861 50.435200 58.054740 51.955483 56.006722 55.545550 55.459609 50.598078 51.925715 51.871907 57.494009 52.105839 57.660449 51.973088 54.003109 51.241789 54.618333 
58.392151 50.110578 56.697876 50.383869 55.686016 54.441674 58.138613 57.438842 51.052253 54.458289 51.847774 53.736709 58.642337 51.205862 52.221510 54.666288 58.648866 52.191351 57.622944 54.470238 51.466849 53.770362 54.588523 53.450845 53.611819 53.786721 57.929855 51.606973 52.077110 50.553692 54.221105 54.838789 59.139280 52.716390 57.981536 52.035138 50.331346 50.679861 57.416495 52.196698 58.031428 53.328821 53.221784 51.653580 52.172128 57.928728 52.180874 53.385966 53.008357 57.014515 50.358201 56.675869 55.391601 52.707000 54.911529 51.601421 56.859610 56.247162 58.333337 57.046047 51.653195 57.726538 52.012503 58.282336 
58.522665 52.035654 50.245370 50.627595 55.670078 54.307877 53.273869 57.262152 51.020698 54.458289 51.743517 53.736709 58.670074 56.662263 53.025535 53.831158 52.952196 52.177812 57.074236 50.886381 52.066921 51.101383 54.034573 53.450845 54.678077 54.146903 50.229522 51.636309 52.060903 51.078927 51.438057 54.842097 58.955282 52.716390 57.856240 52.035138 56.684329 53.134349 57.378302 52.269845 55.495293 53.309107 53.263601 51.816459 52.216419 51.541381 52.118993 53.385966 53.024405 58.111928 58.278886 51.764776 58.666917 54.540196 54.092431 51.782542 54.790430 57.175746 54.568027 50.887465 52.101215 51.838689 57.188386 53.832490 54.352383 
58.522665 54.230540 57.241597 56.980702 55.670078 54.391435 52.717314 57.315626 51.023883 54.458289 50.160160 51.744487 58.928947 56.915743 49.944845 53.933038 58.370057 52.177812 58.078523 56.941698 51.172030 57.624583 53.306282 53.538626 54.918798 57.244588 50.213526 51.487276 52.060903 50.405547 53.699885 54.739308 59.022608 52.728180 57.749672 52.035138 56.304302 57.044258 57.306261 52.305300 55.707190 53.273787 53.156655 51.816459 52.241330 52.203232 52.292630 53.372103 53.024405 55.440337 58.266660 50.334866 50.801780 53.231117 57.006222 52.145266 54.383399 56.523078 52.111491 51.787578 
58.515825 57.904256 53.046150 57.014955 55.670078 54.391435 50.384285 58.921148 53.378577 54.458289 52.657469 51.744487 57.642608 56.946515 58.496098 53.933038 58.587238 52.211406 55.894981 52.095900 56.229396 50.034168 49.996794 53.533162 56.991097 57.281172 50.530174 51.487276 52.131930 53.446960 53.699885 54.739308 59.117372 52.621616 58.286997 52.024645 56.954230 52.304765 57.177832 52.305300 54.368421 53.252328 53.234670 51.542887 52.340260 52.682817 53.229270 53.377126 52.962155 55.205356 58.253946 52.295645 50.782280 51.582352 52.173503 51.029939 50.917794 54.676497 57.690513 50.743661 54.590983 50.322155 57.903484 58.174611 58.100354 53.933505 
58.453687 51.990827 57.973425 57.091947 55.324265 54.391435 53.150094 58.683386 53.561625 54.471320 54.649992 51.771806 58.266535 56.926876 50.269946 53.933038 56.406387 52.180378 55.826353 52.725603 54.578069 56.935471 55.971623 53.335921 57.058922 57.013452 50.684650 51.487276 52.167105 54.333352 53.720641 54.793110 59.122145 52.621616 58.486646 52.024645 57.057676 52.399574 57.375131 52.368485 53.064107 53.314351 53.234670 51.477237 54.029692 50.110239 53.873624 53.410593 53.051064 55.429518 58.311543 52.321031 50.762523 51.033193 52.170318 56.441084 50.894229 52.244389 57.552118 50.103912 54.183454 55.320367 
58.495592 57.348938 57.793675 52.434445 55.395433 54.391435 58.086154 58.862912 53.348079 54.471320 55.141117 51.655727 51.927046 56.857382 58.519496 53.908494 57.522160 52.444882 56.010528 53.783170 58.985338 56.964006 55.858457 53.634027 55.404744 57.052087 50.631749 51.453402 52.112913 56.754102 53.743603 54.891808 59.053341 52.553463 58.089808 52.100632 52.286761 52.215073 57.710978 52.293153 52.764437 53.369054 53.234670 52.222855 57.775964 56.369624 52.989872 53.256738 52.941033 51.637816 58.252858 52.584763 50.850976 51.921431 51.406538 56.325624 50.903523 50.161004 58.677312 58.371984 50.271022 51.431028 53.410829 50.809386 52.934274 51.502158 57.389172 56.617622 54.251526 56.922429 51.899570 57.902557 56.036601 54.881862 
58.397639 49.954441 50.217402 52.423407 55.396426 54.420462 58.394998 58.542100 56.255676 54.471320 58.747704 51.850485 50.636032 56.849765 57.399842 53.975284 57.404177 52.444882 54.174045 50.647652 53.014070 56.772269 57.903495 53.260156 55.692979 57.086924 50.439488 51.453402 52.531568 56.278953 53.704713 54.863098 58.885179 52.505924 57.996480 52.085984 52.267903 51.134521 52.162710 52.232553 53.432592 53.213070 53.054172 52.217130 51.756736 55.040593 52.813995 50.933124 52.973338 54.896673 58.246140 53.634497 50.877684 53.127575 57.909780 56.430128 51.235859 50.233419 51.367813 56.015796 49.746416 52.037242 50.788950 58.144977 54.182872 50.780571 57.015217 54.480015 
58.654519 51.170061 52.746661 52.245247 55.488156 54.716525 52.448035 58.689739 50.767801 54.499866 52.027241 51.808380 58.207813 56.817985 53.143447 53.895624 57.415228 52.192989 53.154910 57.114834 58.892326 56.726165 57.687487 53.275223 55.692979 56.979901 50.310084 51.453402 57.173361 50.619301 53.744479 54.861356 59.052659 52.629901 57.790403 52.085984 52.245065 56.622698 52.122288 52.232553 52.018619 53.204517 53.121688 52.386109 54.369645 54.372800 53.052942 50.071570 53.019398 54.215293 57.413586 53.787457 50.762507 53.729086 58.298511 56.662075 51.130599 54.878863 51.333101 56.034130 51.822454 52.467911 58.442339 51.711048 57.537709 51.977577 52.468336 57.143012 53.969844 56.936696 54.136683 50.147136 55.436855 
58.547865 53.673688 53.454047 52.237682 55.367410 54.075585 53.874409 58.831059 57.739387 54.499866 58.162731 51.827254 57.177374 56.664120 55.310716 54.576648 56.541586 52.134877 50.720633 55.886928 57.108192 56.418986 54.129241 53.194780 55.692979 52.226156 56.034130 51.453402 58.118311 50.885290 53.718174 54.861356 59.000004 57.239153 54.009997 52.085984 52.328554 55.317051 52.028681 52.232553 52.388077 53.312097 52.981024 52.510974 55.040497 52.931147 51.891072 53.257716 53.029710 54.511854 55.426220 53.834820 50.633039 54.382882 51.014200 56.671048 51.108621 58.476414 51.346680 51.886348 57.136242 52.690618 58.271412 54.779214 58.072140 51.333470 57.297520 52.245243 54.423770 53.942775 
58.445259 56.423634 52.940881 54.265290 54.583527 50.847452 50.970228 58.694360 58.574363 54.589864 58.724704 51.849460 50.582244 52.325021 54.355357 56.627538 52.620281 52.097894 57.343402 52.796030 57.108192 56.663927 52.932194 52.891370 55.692979 56.511828 55.942260 51.453402 58.249796 50.191113 53.708864 54.765938 58.979305 57.147380 54.648431 52.060549 52.186942 56.576852 52.028681 52.248482 52.493314 53.472768 52.981024 57.356910 52.768297 51.223634 54.120216 50.637376 52.485745 54.208929 55.279508 53.680461 52.644022 53.828364 54.242673 51.467367 57.956590 
58.505236 56.951058 58.715889 54.180013 54.566880 58.237000 57.132639 58.572421 55.659216 54.560291 50.300724 51.693168 56.308994 56.913771 52.494233 53.956209 52.300180 52.093072 52.650993 51.574649 57.235281 56.697282 52.480309 52.951770 55.692979 56.511828 55.928805 51.453402 58.232727 54.404714 53.633224 54.765938 58.980559 57.169938 50.637853 52.060549 52.189229 52.716810 52.035008 52.246086 52.493314 53.435516 52.868092 50.404051 52.837174 51.308622 53.818752 57.230305 52.350086 54.201082 55.453585 53.680461 52.699133 57.641604 55.602879 53.033539 56.609463 52.799060 50.998078 49.804422 52.460065 52.091417 53.821296 51.482095 53.957996 57.011387 58.490354 56.878865 51.383319 57.120755 
58.456764 56.528782 54.785594 54.152287 54.254367 54.165929 57.224491 58.641794 57.644637 54.743722 50.400681 51.772109 57.041066 55.026523 52.463061 54.083409 53.481011 52.057470 53.017289 51.501254 57.235281 51.512333 52.596527 52.861622 55.696248 56.550717 56.017861 51.476754 58.232727 52.325629 53.633224 54.826094 59.124496 57.169938 50.804546 52.060549 52.082987 58.105633 51.886314 52.371242 52.524456 53.506505 52.956314 57.947920 57.759324 51.173182 58.346853 53.936149 52.469061 54.166580 55.535272 53.479715 52.703620 53.293508 56.185485 53.306516 51.965127 57.948749 55.309417 52.640271 52.826372 51.096785 52.448038 51.052747 51.931768 51.063097 53.290845 53.808015 52.538705 53.778667 52.810856 52.040167 56.612980 54.772058 
58.452896 50.731653 57.594024 55.073164 54.254367 54.214189 53.005724 58.600740 58.053190 54.790470 50.582373 52.118536 56.645887 52.809895 52.425592 54.109557 55.369807 51.986223 51.415165 51.418748 57.282982 55.797102 58.451327 56.828428 55.469044 57.339798 56.233323 51.516217 58.270848 51.597408 53.665261 54.826094 58.962974 57.468751 58.655113 52.005033 52.082987 58.053931 51.886314 52.376707 52.379972 53.402605 53.161611 57.168574 57.771040 51.311469 52.579955 56.399579 52.217657 54.179593 51.992111 53.336620 52.927680 53.223116 52.180410 56.628359 57.176270 52.714462 52.131309 53.093616 52.232242 51.519307 50.639581 52.370364 51.754769 56.292108 50.727496 50.860652 
58.452896 51.693833 55.393599 56.873422 54.254367 57.214603 51.228227 58.683952 52.146350 52.438506 50.722124 52.177737 56.524727 57.162683 51.832435 54.286870 52.442926 52.042414 52.626679 55.755717 57.356166 55.115161 52.516177 54.852126 55.698938 56.647947 54.674394 51.482047 58.307215 51.595072 53.665261 54.922805 59.446807 57.380245 50.797014 56.952862 52.071471 54.291076 51.935507 52.472812 52.531680 53.719415 53.034719 56.566343 58.028985 51.294108 51.229227 56.880386 51.439559 53.271379 51.730679 53.405432 52.778729 58.556409 58.056319 54.553278 52.765603 56.232442 
58.371334 54.870745 50.390791 53.134161 57.728587 54.295537 52.412156 58.513264 53.850072 52.438506 50.742486 52.394405 56.580311 50.055231 51.957168 54.423791 52.277835 52.010179 52.795127 57.147544 57.346479 55.229579 52.447927 54.827623 55.819325 56.878398 58.096010 51.416718 52.328376 57.805617 53.766229 54.746177 59.049186 57.359670 50.799357 56.543891 52.071471 54.567027 51.928075 52.343104 52.601620 53.618573 53.043241 52.178874 57.731248 51.390302 56.829832 58.067012 51.286587 52.685881 51.845522 53.695255 52.774299 56.323761 57.138616 53.303413 52.567704 56.786743 57.560683 51.040414 50.993197 53.865954 56.379114 57.425650 56.373876 50.968221 52.477729 58.826362 58.486293 56.439065 56.702767 54.756513 54.157539 52.629438 58.119954 
58.371334 57.064285 58.292834 52.833170 52.998078 54.328714 51.124510 58.513264 52.160662 52.630720 50.683799 52.834601 56.343410 54.687685 51.909148 54.625742 55.452050 52.108627 53.147760 56.392901 57.538956 55.813307 52.596688 54.827623 54.478441 56.854005 58.146529 51.752217 52.731445 53.550405 53.727713 54.746177 59.132458 57.269554 50.552549 56.199353 52.071471 53.777366 51.928075 52.412032 52.619977 53.718201 55.978586 53.098526 57.712539 51.149352 51.201500 51.827994 51.495233 55.089454 51.792851 53.696865 52.500035 50.228117 55.367583 53.290580 56.827044 50.126984 55.400896 52.733922 52.366972 57.857245 53.858097 55.785549 
58.409576 56.849979 51.489603 57.370904 57.998659 54.146657 52.283302 58.513264 52.116074 52.840133 50.717182 54.780233 56.133775 52.878868 51.812043 54.311401 54.010429 52.108627 58.157737 56.433555 54.495869 53.272578 52.612461 54.827623 53.386529 57.472887 57.352220 51.746242 52.579096 53.228030 53.765768 54.595209 59.500116 54.599712 50.300021 53.928017 52.049370 54.145964 51.945922 52.361779 58.022616 53.908988 51.425850 56.359701 57.626146 51.459748 54.650692 57.818963 52.760412 54.977521 51.945900 53.608936 55.977144 57.904303 55.591172 51.722257 57.237269 54.150035 55.825848 51.469826 51.173147 53.866785 54.567556 57.593347 58.587587 54.777461 55.081016 54.074165 58.827641 58.335575 58.975266 55.304121 57.364546 54.057732 57.701766 57.554740 57.802009 58.047226 58.502223 56.042944 53.928489 
58.409576 57.232695 50.455222 57.404214 54.090535 54.303089 52.360809 58.271708 52.116074 52.867556 50.625743 51.509320 57.513622 52.896703 51.966273 55.425630 56.225516 52.018113 56.410075 56.110066 54.769214 53.254139 52.542220 53.856007 50.399206 54.288828 53.258279 51.746242 52.291672 52.987019 53.883196 54.867947 59.384829 58.561331 50.446614 58.651583 52.049370 54.366140 51.872404 52.411721 51.284229 53.874901 57.496289 55.371683 57.041021 51.048619 56.356833 55.072230 52.494405 54.591097 52.009558 53.478950 55.511115 55.013015 57.595361 58.878327 54.604203 58.818390 56.998211 51.175719 57.930704 
58.455983 55.804990 50.810174 57.456191 54.503741 54.183355 52.723629 58.395357 52.116074 52.947383 50.482184 55.691073 57.463275 56.520419 57.932875 53.124552 57.398314 52.018113 56.354579 56.842060 56.779430 53.219982 52.542220 57.231803 54.672990 54.328725 50.883008 51.643666 52.467545 53.053439 53.949192 54.973528 59.175904 50.920751 50.527864 58.638600 52.016200 54.124996 51.872404 52.509214 58.470234 53.877694 57.418352 55.371683 51.048072 50.772006 54.865699 50.856517 52.406686 54.325798 51.875354 53.673505 55.286037 55.013015 52.919590 58.908023 56.780346 53.405373 50.469270 51.867689 57.638909 57.595034 54.497459 55.658908 57.736641 53.360827 52.862788 53.192611 
58.570102 57.690991 50.694458 57.131395 54.503741 54.339119 54.119479 58.307488 52.116074 51.625777 50.796805 55.536025 50.613390 55.772052 50.668271 55.976374 57.597281 52.163071 57.845228 56.522217 57.271670 53.227856 52.684764 57.153547 52.368227 53.749096 57.149347 51.602484 52.344650 52.642034 53.769821 54.847017 59.193945 51.388109 50.263065 57.654698 52.009003 54.308532 51.872404 52.428800 52.352976 53.854497 52.118793 55.304467 51.361294 57.594290 54.424256 50.927696 55.939765 55.564229 51.957319 53.520160 54.631659 55.013015 52.548687 58.922731 54.153398 52.931308 50.702562 51.988644 56.657437 54.163897 52.049948 51.908425 54.209015 53.107149 57.066351 57.578024 53.112614 54.208094 49.961474 52.648647 58.628026 58.422037 56.798037 50.108169 51.594767 
58.508936 53.780363 50.973316 57.249189 54.690949 51.071756 54.661536 52.019136 52.291596 54.186797 50.773801 53.312600 53.328123 54.209015 57.364723 53.618266 57.770736 52.087212 50.692107 56.654756 54.100592 53.197913 52.670304 57.129678 52.443510 53.930525 57.130123 51.638303 52.344650 57.022890 53.676418 54.847017 59.137398 51.014208 58.321896 56.914850 52.009003 50.886225 51.906023 52.428800 52.352976 53.756315 56.423343 55.149000 51.983049 55.494759 54.788557 51.414542 53.095050 51.622429 51.795781 53.498281 57.494952 55.032832 52.475723 58.838081 52.922858 50.553045 50.654930 52.045963 53.619745 54.361780 52.940077 50.121108 54.896237 58.417685 56.876084 52.331888 54.607881 57.311606 57.322761 53.203125 50.599434 58.649643 54.892485 53.775987 52.965829 
58.476974 53.750341 51.269005 57.216597 54.690949 58.309573 54.928961 58.091833 57.405919 52.044059 52.315841 53.934862 52.684703 54.286576 57.352396 56.643311 57.738150 52.154073 54.492567 57.859638 54.679850 53.193513 51.638341 57.440403 52.355802 52.103841 57.306230 51.523593 50.840555 56.970496 53.739677 54.835688 59.188910 51.159155 58.342470 53.644209 52.001688 56.232032 51.851698 52.511443 52.466428 52.878839 56.461354 55.149000 56.518267 55.164533 55.041929 51.462449 51.671018 57.335178 51.749728 53.402747 55.659309 55.030702 52.611173 58.769934 53.207425 50.203426 54.809337 52.135529 58.397061 54.635073 57.444277 53.564733 54.609228 50.407970 
58.608276 53.719033 54.710232 57.262592 54.601681 53.152322 54.432966 52.871809 53.071154 52.353702 52.315841 53.973245 57.233188 54.117157 57.397947 51.794879 58.015077 57.058927 51.496614 52.734176 52.127598 52.995985 50.525734 57.593575 52.058840 50.371291 57.221352 51.572804 50.673393 52.023050 53.766247 54.860026 59.268345 51.559763 51.672324 53.274801 51.950435 58.767003 51.851698 57.071344 52.241371 52.574799 51.500879 55.231684 56.560047 52.253946 55.770956 53.978167 54.575899 57.912297 51.795906 53.531440 51.925299 55.030702 52.551706 59.051334 54.071333 53.763953 52.169239 53.528867 51.801984 54.355946 52.835550 57.016879 58.607806 57.035620 51.800160 51.616915 
58.442613 52.220067 56.026186 57.272847 54.601681 51.475761 54.740659 53.131220 52.622609 52.914763 52.220296 54.087147 52.433955 54.117108 57.397947 51.841258 58.130312 50.549296 52.523682 54.622516 52.409955 53.260041 55.145754 57.437813 52.273327 50.136460 57.198088 51.572804 50.684713 52.241940 53.744457 54.788691 59.271847 51.559763 57.878205 53.054276 51.950435 58.801361 51.706501 53.444751 56.151070 53.016521 57.843605 55.185593 56.407351 52.238321 58.260929 56.581005 57.217254 52.093714 51.647494 53.394051 55.404702 54.977203 52.857307 54.008453 53.570675 53.251731 52.249531 53.230876 52.045130 54.398584 53.670768 50.225274 
58.486036 52.647867 55.187650 57.437486 54.574942 53.364759 54.214922 50.830844 53.232737 53.465423 52.335718 54.331076 54.443072 54.215427 57.367243 51.975413 58.114527 50.277780 57.855548 54.525019 52.097199 53.216943 50.936828 57.496268 52.210811 52.240572 56.844172 51.451353 52.728386 52.850343 53.634192 54.823973 59.408251 51.243802 53.242190 53.044161 51.966077 58.670085 51.816274 51.311767 52.033781 52.246976 57.099436 55.223199 56.561961 54.538389 57.013304 58.514509 57.217254 52.216153 52.003511 53.532854 51.719398 54.977203 51.988283 58.553669 54.437004 57.535142 
58.486036 52.425766 55.465483 57.571256 54.548012 53.463204 54.105089 50.718148 53.375591 50.569820 52.597002 53.964084 57.329799 54.224195 57.367243 51.975413 58.114527 50.294226 51.825732 55.142066 51.954719 53.374273 51.211842 57.535862 52.233078 54.621066 57.018153 51.499462 57.629903 52.961061 53.620334 54.764785 59.316772 51.277857 53.196732 53.254060 51.833605 58.758194 51.736017 54.335561 52.117577 57.153029 58.128948 55.223199 56.036281 58.500067 54.052738 53.214831 57.293222 54.095737 52.003511 53.532854 51.362778 54.925958 56.587476 57.688602 57.676933 54.725345 53.616581 51.044542 52.501197 56.750680 54.646802 53.216350 
58.522075 52.311485 55.447126 57.016356 56.816198 54.717311 54.195409 50.854761 58.163975 54.118346 52.574838 50.686703 50.373843 54.224195 57.290950 51.975413 58.215097 55.065799 52.166368 50.244145 52.139307 53.252469 58.759523 57.272735 52.141028 50.254758 57.066425 51.161274 52.495884 52.595961 53.620334 54.764785 59.310497 51.478116 57.191594 53.333409 51.833605 58.797687 51.636877 52.702416 51.962134 52.756818 58.148589 55.223199 54.614561 57.356408 58.120923 56.159427 57.395836 51.320336 51.846103 53.543078 51.520119 54.877573 52.828852 54.139881 57.155814 59.021836 54.516646 53.367703 52.289669 53.995081 53.769766 
58.522075 55.374747 55.065833 50.099955 57.560421 56.836059 54.376822 56.844167 53.460824 54.429543 52.574838 56.913483 50.691629 54.199977 57.290950 51.813914 58.280689 54.787166 52.330276 54.612294 52.376576 53.168888 53.498505 57.291175 53.020713 53.091848 57.130357 51.397097 57.336191 52.272101 53.656804 54.764785 59.254135 51.523669 57.206682 53.303788 51.907415 58.737042 51.768922 57.261872 57.293549 57.639860 52.564051 55.223199 52.448760 57.370275 50.292783 58.895190 50.887390 51.630753 51.800720 53.465721 57.763965 54.877573 52.797203 51.876205 53.122950 57.352914 
58.460313 52.866449 51.000216 54.782245 58.598588 56.863902 54.376822 56.748896 54.385369 54.429543 52.449414 53.412622 50.744178 54.199977 58.127265 51.813914 58.295699 55.357944 51.875707 53.274934 52.105782 53.025651 56.869353 57.340968 52.974992 51.488311 57.091750 55.764884 54.125802 52.220269 53.575402 54.794066 59.197206 52.033147 52.074727 55.056208 51.830869 58.240691 51.785939 57.382234 51.427011 57.220796 52.813566 55.286004 52.555663 57.376266 50.645954 58.825816 51.256320 51.670762 51.794220 53.539068 53.221152 57.137928 58.577050 58.047666 57.713578 54.147411 55.993848 57.856963 56.825312 
58.526782 52.741817 58.734412 54.836518 51.301329 56.403353 54.245455 53.287695 51.222386 54.429543 52.556829 53.407485 50.687989 54.199977 51.545470 51.842958 58.295699 56.337351 53.041829 58.697912 52.459653 53.336047 50.740935 57.115259 55.177136 51.438546 54.242485 57.353416 53.255567 50.335851 53.708669 54.720053 59.215461 51.167111 52.172521 57.010533 51.830869 56.840387 51.804674 57.241978 51.428110 57.335651 52.592679 55.207304 52.168353 52.187732 50.440903 58.760237 57.181300 52.287349 51.608744 53.478665 53.325838 54.519324 57.798012 54.559165 58.378342 54.216027 53.798156 
58.637848 52.862425 52.280350 54.836518 54.374931 56.277839 51.484236 53.067492 58.237304 57.302223 52.536334 53.406265 50.725536 54.234522 51.586753 51.711562 57.777579 57.839276 53.799135 55.295580 52.461684 53.199464 54.317005 57.581178 51.677607 51.692127 52.380549 51.382051 58.628155 57.370324 53.731181 54.619801 59.212630 51.289267 50.765301 57.062727 51.595999 56.750159 51.901905 57.260281 58.590367 51.378434 52.921081 55.547801 53.056643 52.275460 50.309664 58.765482 53.255634 52.385071 51.608744 53.363306 53.509776 54.421693 53.508786 57.604208 51.601315 54.288455 54.672930 
58.637848 52.946285 56.338877 54.834767 54.758895 56.333046 51.297128 53.380143 58.111404 52.356735 52.570690 53.497297 57.709191 54.084041 51.429578 51.844664 50.840541 57.399827 53.265910 55.365825 52.681043 53.040752 58.763614 51.412554 57.063832 51.757698 57.069521 50.887583 54.468775 52.846245 53.789905 54.600087 59.311259 54.018507 51.899389 57.078733 51.569168 50.955045 51.650480 57.432813 55.494515 51.395461 55.868695 55.398276 51.528139 52.213279 50.544341 58.765482 56.971169 52.080286 51.755079 53.543365 53.242044 52.885484 54.349822 57.069492 51.173915 53.698494 50.604294 51.365347 53.273289 51.706310 50.868592 51.978998 52.207966 57.081637 57.388362 50.585549 56.659558 57.054009 54.089915 56.877749 54.391967 52.811048 54.449189 51.432129 51.529082 
58.637848 52.922139 51.831788 54.834767 52.516374 55.105218 53.458024 53.058931 58.158408 52.320423 52.500906 53.125860 57.158858 54.146544 51.543245 51.912330 56.449352 57.346302 57.073550 54.332043 52.479935 53.135255 57.837195 57.618805 53.129408 51.804145 52.257148 51.211033 54.468775 53.128651 53.745319 54.747501 59.190216 55.605204 56.075159 56.843909 51.341115 50.772716 51.807303 54.324960 51.660897 57.967129 51.346630 56.722354 53.869111 52.195045 50.325875 58.765482 50.715608 51.886152 51.755079 53.318666 53.024924 51.068049 58.200780 56.814069 57.398983 53.480794 53.942037 52.457354 54.037032 52.999567 51.372828 56.103668 56.549953 51.333537 57.063370 
58.590384 52.922139 52.630842 54.834767 57.230298 55.105218 56.078152 57.280352 58.158408 52.020946 52.217987 53.054998 57.231333 53.963309 51.921184 51.812901 56.451763 57.379255 57.269901 51.610979 52.267920 53.135255 54.241130 56.822983 57.897446 53.237049 52.109375 51.347436 54.467825 53.362620 53.669043 54.718988 59.270406 56.144251 57.447272 57.189099 58.355959 54.791482 51.659634 50.782881 52.039618 56.782190 51.399496 58.015112 53.340699 52.190474 50.428528 58.765482 50.718410 51.827095 51.739457 53.192258 53.092868 51.805574 57.866791 54.624622 58.572912 53.723401 55.446747 57.546729 51.774857 54.444957 51.661622 56.203523 54.178646 52.833308 51.315904 54.282572 56.555360 58.283279 
58.590384 53.007836 52.400943 54.834767 51.972615 55.105218 55.803233 51.589675 58.170461 51.914024 52.329339 53.129369 57.114326 53.963309 53.186979 51.767354 56.301257 57.457222 51.222458 51.928177 51.911990 53.135255 53.115669 51.931103 50.305987 58.348979 56.331418 51.456437 54.467825 55.737392 53.669043 54.718988 59.312041 53.415937 51.956622 57.095750 53.446978 57.324728 51.503720 55.198158 52.106624 56.723864 51.410052 52.229442 53.330495 52.077884 50.599494 58.765482 57.726282 51.548238 51.739457 53.432994 53.288104 56.126771 52.496039 54.311701 54.223886 56.561318 54.383778 51.339815 51.887353 55.754474 54.737724 51.101717 53.109463 57.674153 53.995837 
58.590384 52.959674 56.428498 54.834767 53.818251 55.105218 58.650021 51.589675 58.170461 52.163140 58.746919 53.310449 56.085338 53.963309 51.733459 51.851991 53.480412 57.395679 55.175215 52.163027 54.944243 53.097912 51.508283 51.609721 50.204757 50.476746 57.730043 51.044782 54.397882 56.623197 53.649799 54.673133 59.319086 56.484093 52.200672 52.841944 56.754649 53.169484 52.182553 52.696938 54.509692 52.206074 51.410052 57.482409 52.219996 52.101031 50.474208 58.758623 50.137980 51.624899 51.594463 53.264301 53.128266 56.272027 52.523022 51.914203 51.998059 56.090224 57.013703 53.286495 57.732013 56.366394 52.419506 51.321551 52.587876 57.709015 
58.590384 56.800291 51.540041 54.834767 53.596974 55.213163 56.315743 51.654661 58.201018 51.859479 56.677425 53.551376 51.725651 53.914752 52.755495 51.902434 53.973154 57.428835 54.038082 51.838833 54.639096 50.693277 53.175909 51.746049 50.466727 51.823287 54.567251 55.969372 54.143094 52.594094 53.591439 54.718910 59.411030 56.454608 55.279570 53.202789 53.160755 51.547589 56.225043 57.814624 57.635654 52.004737 51.410052 57.211938 58.368506 51.953402 50.394051 58.755834 52.390447 51.702439 52.458208 53.413009 53.091111 53.539971 52.555355 52.703364 50.008196 55.750343 57.133187 57.859451 52.757268 56.607109 57.754024 53.163412 53.766974 54.867897 53.822472 54.025291 58.627836 57.263098 56.442802 54.464884 57.188738 56.892510 
58.590384 56.744933 51.399223 54.749160 53.654780 54.876526 53.269860 51.437187 58.129555 57.500345 52.246253 53.683921 51.589649 53.939403 52.716347 51.871915 53.010018 57.372556 53.610842 51.721846 54.943071 54.978692 51.470034 51.860050 50.519545 55.811587 57.264284 50.848280 54.176851 53.028278 50.121102 54.774915 59.277216 56.657771 55.238444 52.780086 53.154774 54.851788 53.358983 57.016674 57.717542 51.803285 51.410052 57.386464 57.046352 51.998562 50.661759 58.687782 53.042373 54.756540 50.051705 57.635187 53.227659 55.110319 52.555355 53.623523 53.271093 55.748083 57.090645 53.490482 54.657593 56.918741 54.135430 58.547073 
58.590384 51.839780 51.522294 54.745670 53.794492 55.169369 54.073302 51.707827 58.129555 57.487578 52.222615 53.293841 51.606484 53.939403 57.423130 51.871915 53.683831 57.291268 50.392700 51.635493 51.227948 53.277234 54.566021 53.414558 50.158442 53.228881 52.623898 55.347731 54.330146 52.970664 54.161092 54.774915 59.481355 56.953854 52.808720 55.840924 53.081076 57.059650 53.615443 56.203375 57.708444 51.907721 51.410052 56.814914 52.476565 52.092821 50.470792 58.687782 52.710568 51.618461 56.491564 55.261473 52.188909 57.158317 58.181392 52.712336 54.793939 56.857573 53.387631 
58.628652 51.839780 51.679841 54.757739 56.440802 55.147087 50.514587 53.577399 57.830110 57.004303 52.658078 53.606137 51.553287 53.906674 57.684702 52.033094 53.611180 57.218912 57.575751 57.396949 57.887594 58.297257 57.283378 52.778719 52.503302 53.319948 54.274760 57.418760 51.704136 52.740177 51.380401 54.774915 59.254964 56.752703 52.865006 53.742827 53.012377 57.068834 53.677397 53.543526 56.663630 51.907721 51.455129 51.126671 52.508536 52.092821 50.521785 58.691112 54.285429 55.035274 58.462256 55.628575 51.550572 54.540536 52.138628 57.853030 55.190471 50.929931 51.206699 56.867574 53.360764 55.625795 
58.541237 51.810842 54.054113 54.757739 51.945288 55.067183 50.227054 52.481171 52.883186 55.404178 54.694513 50.990039 51.642210 54.293004 57.736497 52.031238 57.232373 50.528020 51.609941 50.727623 58.095519 49.984071 49.983327 53.402409 56.644367 53.319948 55.370846 57.300420 51.704136 52.751380 58.163999 54.783255 59.405335 56.862642 51.456951 53.768359 53.445089 56.934837 53.700801 53.470532 53.033805 51.904189 51.455129 52.395641 52.611559 52.092821 50.604834 58.775277 54.409489 55.535539 55.602637 56.934714 56.813281 56.998264 53.148827 54.482676 54.240503 51.747469 50.549125 53.436180 53.213359 50.465346 
58.548913 52.064718 53.271018 54.747340 54.600300 55.067183 56.793250 52.667128 53.574800 50.388196 54.476341 53.109686 51.614018 54.189161 53.530073 52.031238 52.593033 53.185876 50.305643 52.622388 58.145370 57.104181 52.082978 52.390508 57.325396 56.984637 51.796810 57.390073 51.693904 52.907764 53.197126 54.836938 59.191006 56.557587 51.616094 53.768359 53.395676 52.516372 53.691063 53.747074 54.109946 51.929580 51.274869 54.135277 52.388316 52.106209 50.498225 58.824018 54.169145 55.477292 56.444171 57.599543 57.193459 56.626866 50.710293 53.456032 57.040370 53.723749 58.417518 50.048023 
58.548913 52.018962 53.453143 54.747340 55.212878 55.061727 53.751738 54.978160 56.685669 52.915528 53.884294 53.032766 51.639562 57.783553 57.294338 52.018992 51.480491 56.797170 49.928949 54.239983 58.044944 58.372353 51.974416 52.819373 57.868427 56.809815 51.290691 57.470295 51.830817 52.907159 53.321833 54.834223 59.400701 56.713143 51.841727 54.028611 57.896245 54.538312 53.591188 54.282855 51.155007 51.953543 51.274869 55.650491 52.646363 52.106209 50.498225 58.679670 54.183958 53.532936 56.325266 52.851415 57.379042 56.197102 50.578494 53.036347 50.912463 56.614101 57.236765 52.727386 56.209377 52.663754 52.182569 57.820614 50.753361 54.838464 54.852776 56.256540 53.459770 57.747041 58.625119 55.429922 54.193115 58.152768 
58.548913 57.657165 56.350700 54.813976 53.991290 55.061727 57.802162 53.250055 52.325112 57.726607 51.584279 53.144624 51.655569 57.017538 57.520079 52.018992 53.783460 55.465548 50.485103 54.306286 58.044944 56.266306 52.068962 51.271466 52.593359 53.144023 56.761672 57.533956 51.830817 52.907159 53.524905 54.791888 59.314613 56.734360 51.667323 58.378746 54.082503 53.962172 53.716251 57.731882 56.980427 52.153076 51.245199 52.492638 52.445582 52.112459 50.375965 58.679670 54.189652 56.807801 56.285809 52.851415 57.265376 56.359894 53.163783 52.720426 51.890071 56.438280 54.760858 50.638474 53.210633 55.466987 52.476603 54.269425 57.342263 51.444493 54.512468 52.310675 51.165659 58.494948 52.722018 57.414566 51.461164 57.073131 58.619878 54.086184 57.700645 
58.575258 58.043074 51.166986 54.846522 51.658294 55.061727 53.234273 53.489835 52.278123 50.482329 56.607929 53.164243 51.655569 54.385245 57.602483 52.056398 51.746468 55.549462 50.374894 54.306286 58.221737 52.817246 54.180568 56.591633 52.692147 57.543606 57.627666 56.802124 51.830663 52.907159 53.687931 54.642961 59.192827 50.981291 51.546425 54.505114 53.121766 53.020674 53.716251 56.035462 56.553914 51.941992 51.217507 57.995144 52.445582 52.004138 50.467202 58.765239 54.189652 52.125422 56.405347 52.962215 51.491587 56.304721 53.174301 50.680718 51.940857 51.050409 50.702188 51.275411 57.306770 52.629400 56.434272 56.873281 58.320186 52.117173 52.637700 55.699579 51.220518 50.901044 57.337140 57.484369 50.452570 
58.575258 50.727088 51.253269 54.846522 51.685691 55.151404 53.081831 53.597211 52.152537 54.535717 57.416796 53.325167 51.655569 57.171420 57.514080 52.056398 54.219374 55.959405 50.112716 54.276423 58.205720 56.821408 54.104163 56.670540 52.502371 51.510769 51.968693 52.059071 51.830663 52.927995 53.639113 54.685211 59.276265 50.890376 51.691695 57.203906 54.721772 57.245964 53.709194 57.567383 58.017709 51.949618 51.338655 58.677824 52.188815 52.048434 50.605458 58.765239 54.189652 57.018698 51.631967 53.073882 53.730337 51.141033 53.420344 54.413673 51.895181 52.629636 51.766831 51.518868 51.337919 55.747405 52.198825 56.052865 54.302745 56.103747 52.205073 56.536070 55.722167 51.403086 57.914800 54.833538 53.545371 57.263703 56.251797 
58.589385 50.429954 49.991114 54.846522 51.281133 52.990322 56.238504 53.380887 51.580854 51.861912 56.606112 53.325167 51.655569 57.025210 57.514080 52.056398 51.842249 56.649337 50.490172 54.280992 58.152565 56.704375 51.710729 51.762888 52.137927 51.034440 58.466000 52.101947 51.731652 53.073031 55.786502 54.688393 59.262386 57.960276 57.616634 54.931576 54.915458 58.703907 53.709194 57.597589 57.786794 51.897153 51.298996 53.490817 52.351911 52.084366 50.447089 58.730870 54.403217 54.804672 50.960515 53.221296 57.380700 50.987619 52.610941 58.304292 51.895181 49.827546 51.740317 50.149704 55.252305 54.955822 55.111174 56.858083 52.407272 52.912812 50.229459 54.063745 58.343173 56.418433 50.729448 57.398858 58.195586 
58.677220 51.997490 57.049877 54.817726 59.338280 53.573858 53.163769 53.297126 51.975848 51.896055 55.249689 53.113264 51.655569 53.337740 57.503080 51.985789 56.709453 50.046541 50.271380 54.517182 58.307226 57.209048 54.509116 54.346944 52.232409 50.099170 58.437726 58.996750 51.679090 53.073031 55.677452 54.967944 51.984344 55.516607 53.442411 54.682391 55.067625 58.433062 53.679868 57.591943 51.379487 51.895905 51.298996 56.183226 52.396016 55.928876 50.138409 58.811281 54.322411 51.917175 57.374714 53.221296 57.223402 51.067913 58.001962 55.296436 53.735325 54.478093 51.870813 55.403946 55.917947 50.715093 51.322132 54.825611 53.030112 57.103018 57.940880 52.106393 52.490328 54.252968 
58.585381 51.968476 56.189394 54.873139 59.150838 52.204975 57.345321 55.122126 52.575121 51.896055 55.197745 54.947484 51.767490 53.418453 57.443218 52.106457 56.827589 52.748262 55.032069 54.517182 53.108371 57.943690 56.929049 56.081998 52.232409 53.832900 52.748113 55.478218 51.673678 52.953879 55.791171 54.848988 57.150251 55.364300 54.787310 52.252280 50.727377 58.170975 53.735973 53.208160 56.667616 51.919326 51.223836 53.131059 52.396016 50.948267 50.184203 58.815910 54.369426 51.911291 54.422920 51.841396 57.450785 51.174319 58.012652 52.705131 56.238941 58.226229 51.911330 51.232693 50.204357 50.940910 50.229994 57.465533 53.821790 58.618730 54.778608 51.554258 50.556308 58.198870 51.908899 55.780171 57.878100 58.689406 57.632654 57.532015 
58.568696 51.947126 52.597108 54.811168 59.333055 52.526393 57.548940 51.695483 54.065112 51.714823 55.103506 51.891202 51.716404 53.894571 51.350749 52.106457 56.944340 57.717637 50.907012 54.253563 53.238068 55.147395 50.893101 52.387529 52.251590 54.022024 56.244192 51.410411 51.640558 53.002069 52.089436 54.644303 58.654043 58.458678 53.826992 51.139231 54.394097 58.145728 53.669982 53.168455 53.099435 51.914768 51.242837 53.182154 52.396016 50.544080 50.185792 58.966284 54.371439 51.911291 49.811712 56.763330 57.284494 51.208193 58.552010 53.403780 52.125865 58.393416 57.734321 54.489744 50.204357 54.545559 54.695045 54.107880 52.194494 53.057068 53.250488 56.644510 52.824966 55.706930 56.897513 52.753924 56.855171 57.279064 53.196016 56.416043 54.053618 57.168311 58.600978 57.823445 56.486392 52.146008 
58.657216 51.940162 57.913080 54.811168 58.871526 54.684634 56.014836 58.098362 50.412643 51.670503 55.103506 52.973267 51.716404 51.931952 51.809169 52.106457 56.867793 52.275513 50.924041 54.253563 54.068473 52.542959 52.814769 58.316499 52.239989 54.062191 54.193931 55.639555 51.716465 52.980480 52.498608 54.848897 56.879946 58.394514 58.658311 51.733727 54.212495 57.973724 53.751371 53.189762 54.240954 51.834360 51.242837 55.123512 52.401740 56.903214 50.700914 58.906025 58.276705 51.702670 53.057068 57.307824 57.031956 55.579174 56.348627 58.457769 57.319790 58.466367 58.129973 54.649837 50.608495 57.263935 50.034633 52.568786 51.875370 52.886145 54.858987 54.363788 53.263042 57.048452 54.253729 56.318219 52.727271 56.005635 53.047637 53.877109 
58.692854 51.894461 58.808805 54.811168 59.095492 54.662835 50.697976 51.654513 58.539156 51.737082 55.441302 51.980163 51.722051 56.020859 56.629357 52.052157 54.589733 57.464002 52.873410 54.398433 56.957729 53.643601 53.293812 50.792263 52.208252 54.008726 53.559412 56.336355 51.631189 53.000585 52.528758 54.848897 56.836250 53.020034 55.090975 51.317668 54.264558 58.048491 53.625622 53.105050 54.295213 51.834360 51.242837 54.389459 52.350967 50.087771 50.629106 58.970402 56.296747 51.461892 53.057068 57.169432 49.878591 55.545940 52.005628 53.941724 49.997636 58.921328 58.143184 54.649837 50.546513 56.846203 56.780094 51.907260 55.306713 56.883754 57.974494 54.362568 51.708057 52.037296 55.032109 51.800960 50.523553 56.852225 56.188839 50.967446 57.294659 56.970826 51.158739 58.324523 54.644300 50.230175 
58.669220 51.884606 58.600152 54.965773 59.273023 54.745036 50.548454 51.970669 58.106314 51.681743 52.563206 52.390423 51.722051 56.510949 57.805226 52.869482 56.773052 56.698047 56.489426 54.398433 57.105748 57.842428 51.274273 55.468613 52.363104 54.172036 52.272928 54.812817 51.651455 52.947621 52.666467 54.848897 54.048399 51.628633 55.651464 57.866341 56.051813 58.048491 53.764543 53.291873 54.414527 51.834360 51.199269 52.006060 52.350967 56.263990 50.478997 58.892635 53.729000 51.161609 53.057068 57.338625 52.615343 55.545940 57.855834 54.022053 55.399277 52.844727 58.143184 54.620359 50.605119 57.167393 56.954445 56.854279 54.683576 52.795279 55.295148 52.899088 53.544967 51.681118 50.088897 52.342892 54.561365 57.411438 53.333916 54.027237 57.460555 57.955956 58.139765 58.538539 
58.615885 51.884606 58.480870 54.923365 59.197287 54.331164 50.550491 51.825678 57.605344 51.729056 54.469852 54.667907 51.722051 58.264834 58.101196 56.235745 52.419349 56.273327 53.150688 56.007764 57.111256 54.373010 56.123125 57.693539 52.153078 54.005717 51.178500 53.849693 51.755792 52.956346 52.662366 54.848897 53.021187 53.137802 51.615925 50.814584 51.139005 57.980558 53.809670 52.991915 54.397369 51.834360 51.199269 52.041508 52.391609 52.702680 52.327888 56.732387 52.566783 53.258714 53.057068 55.225464 52.732239 58.805257 50.644364 54.426063 55.207794 50.379502 57.986586 54.327659 56.467958 57.083112 56.904581 53.068470 54.796231 55.147398 54.141426 58.113671 57.111665 58.017458 
58.522000 51.894420 58.092082 55.137939 58.938021 54.451077 51.057951 51.745565 54.775339 51.729056 49.820389 55.527246 51.646788 56.666169 54.655133 56.827684 53.103266 55.817828 49.935133 50.402365 57.380304 55.711310 54.511864 57.279894 52.153078 57.962722 51.670420 51.146660 51.620219 52.956346 52.798440 55.134699 54.199169 56.679045 50.378157 56.225005 50.076864 58.087941 53.825871 52.992307 54.407216 51.834360 51.200263 52.119605 52.391609 52.562184 57.202747 53.119946 52.564393 54.177007 53.074457 57.617461 54.537230 58.764005 52.851380 54.371926 55.197055 50.299206 58.085948 52.173600 51.168971 51.398676 57.259095 53.563437 52.461073 53.059713 53.551718 52.924097 57.811290 58.284900 54.267310 
58.584152 51.958939 58.142571 55.137939 58.982203 52.604476 51.047825 51.318331 54.997967 51.677435 56.348220 55.429460 51.646788 56.991563 56.953886 56.774676 52.084241 54.176874 57.495840 52.021164 58.689448 55.489361 54.280261 57.234395 53.788061 51.990416 50.773343 57.819487 51.694980 52.920319 57.859957 55.309823 54.280860 53.624241 58.685163 56.285867 53.720546 58.087941 50.652835 53.011497 54.375559 51.960256 51.200263 52.117701 52.391609 52.621778 57.092463 52.797003 57.452114 54.052542 56.937372 53.270216 49.929359 58.670832 52.702160 54.015985 55.197055 50.192520 58.085948 54.766598 52.147570 51.891378 52.315387 51.619902 52.669919 52.980396 51.791915 50.083816 51.410310 56.371032 54.380777 
58.584152 51.958939 58.576890 55.137939 59.333317 54.774374 50.704546 51.609331 54.936769 52.975049 56.745114 54.251162 51.646788 56.953563 52.238019 56.692390 52.084241 54.430062 50.160282 50.328757 50.910543 52.387391 50.838649 52.794469 58.085948 52.007008 51.690748 53.086397 51.082675 52.907900 52.592513 55.284649 54.280860 54.391145 50.390876 52.259722 53.668891 58.065156 51.062469 52.983685 54.380023 51.930263 52.260235 51.981356 52.381604 55.159517 57.263625 52.829513 57.766514 56.375659 52.986228 53.137969 54.230709 58.729042 52.433791 54.225008 55.706187 50.259245 57.508244 55.590287 56.466436 55.749615 56.387616 51.611753 55.381209 54.539976 58.463324 57.637779 
58.687016 51.987104 50.734341 55.103754 58.885668 57.945798 50.388304 51.756678 54.794941 56.595776 56.773088 52.330836 51.646788 56.514018 54.290572 56.306817 52.046513 50.710627 57.732887 50.566383 52.949703 52.414002 51.212660 52.655355 58.085948 51.594441 51.690748 51.436808 51.096938 52.760100 58.435683 55.148110 54.295379 54.611129 56.469876 50.621305 53.492522 58.044579 58.616074 53.051187 54.384236 51.985584 53.032499 51.990823 52.404195 55.300711 57.437769 54.409217 55.746836 56.671709 57.100862 52.841914 52.253767 58.720371 57.499735 54.268077 55.752014 51.530685 52.401931 53.552681 55.182464 52.961052 58.780107 57.028264 52.329263 51.744561 54.874437 
58.709283 51.987104 54.885063 55.259403 58.773301 56.429069 50.644842 51.025648 55.057795 53.316719 52.389766 57.037739 51.656369 56.920148 52.385017 54.539151 52.097810 52.071787 52.612950 52.432245 53.031953 54.235034 57.056822 54.444086 58.025803 56.047343 51.777727 57.035395 55.288101 52.921660 57.449108 55.141545 54.270717 50.540353 57.186959 51.617474 53.829817 58.025458 58.713518 53.039089 54.457109 52.052034 50.509340 52.111746 52.386325 52.276276 52.926414 50.350351 55.848125 52.405439 57.626820 53.079203 52.430885 58.544192 54.307055 54.497006 55.374695 51.160013 54.266322 54.084575 54.517037 51.302280 52.334122 51.025018 57.009667 56.740171 53.548213 50.136615 56.216140 51.331042 57.764438 58.775300 53.890579 57.440998 51.050987 
58.543207 51.987104 54.869489 55.259403 58.871882 56.783307 50.573323 51.378808 54.781571 50.935782 55.874496 58.380756 51.608523 52.136033 51.406552 57.034087 52.103539 52.215717 53.408390 52.460951 56.502423 53.046279 50.644700 52.444044 52.655968 56.371543 51.725478 52.438477 57.738547 52.921660 57.825276 55.371585 54.194313 50.912969 52.643250 52.079369 53.826387 58.590676 58.375487 53.041090 54.468961 52.052034 50.577650 52.090654 55.988775 56.051507 58.161804 50.513323 55.602348 57.391692 58.293870 53.020243 53.723659 58.668821 51.348686 54.729638 51.557641 54.480257 51.780613 58.074099 54.317685 51.310063 52.403957 52.990607 57.320595 57.738583 54.698956 53.119921 58.744190 51.453648 
58.646925 51.987104 55.368619 55.141292 58.995109 56.526495 55.566211 54.594763 54.781571 52.702671 50.406375 54.546345 54.376625 53.374529 50.272080 56.689385 52.129513 56.476986 53.574676 52.370646 57.836018 51.207143 57.108037 52.467289 52.396257 53.033492 51.861175 58.033191 57.663736 52.921660 58.636605 55.546933 54.263226 50.886722 52.629077 51.715869 53.849783 58.570026 58.375487 53.041090 54.482591 52.052034 50.973464 52.063866 50.735130 56.527295 57.561263 50.625522 55.890044 57.318357 57.559051 53.103268 56.230453 58.677100 57.421903 51.081691 55.686186 54.337937 53.939897 51.019151 52.936122 51.364874 51.262504 56.107887 57.268879 52.853590 51.835717 52.395656 53.755428 51.334514 52.735167 54.311977 50.461543 54.017921 58.058554 56.451708 55.217234 57.380849 53.281619 56.995014 55.633691 
58.646925 51.987104 55.006477 55.141292 59.022030 56.622986 55.198250 55.322829 54.612176 52.970418 50.557952 52.349021 51.501546 54.330119 58.396915 51.459237 52.012973 55.089868 51.673573 52.479370 56.808583 57.761871 56.400883 52.250264 52.635590 53.104693 51.861424 57.876095 57.691166 52.954706 55.206962 58.338550 54.295751 50.959941 52.351477 51.715869 53.707776 58.236124 58.444622 53.041090 54.503260 52.025990 50.956440 51.990092 56.004335 56.482234 57.386838 55.601905 56.057981 57.081276 57.936755 52.991998 52.136817 51.091332 57.558507 58.918858 55.699284 55.089573 53.829695 52.498324 50.984719 51.152140 51.798598 55.286591 57.266821 52.873140 53.285068 50.066550 54.551999 50.488188 52.495014 51.632888 50.406242 54.276729 54.903675 53.006695 52.768098 56.192889 
58.597038 51.997464 55.000578 55.141292 58.861780 56.717533 50.813219 55.286591 57.930729 54.311472 50.409142 52.295921 53.926793 58.493697 52.614808 56.912246 51.974341 54.762353 51.720908 55.628865 55.493862 51.033295 51.971648 52.318466 52.635590 51.310907 51.767720 58.486066 57.903689 52.838515 55.436797 57.169103 54.295751 51.231955 58.887560 51.727663 53.675040 58.323706 51.059220 53.041090 54.503260 52.328309 51.143929 52.002504 52.704958 52.363622 52.327667 57.072226 55.074256 57.001493 50.201378 53.024853 54.276729 53.029357 51.267146 58.887133 50.518792 54.569998 53.216638 53.612188 57.336878 57.783468 52.971696 53.531712 53.374858 50.402777 51.804368 52.349159 
58.597038 51.997464 54.902700 55.141292 59.265124 56.839335 54.596932 57.785908 58.000468 57.505652 50.488546 52.293394 54.355556 50.269605 54.336546 50.801220 52.142537 54.661890 51.998034 55.308598 57.667934 57.196850 51.943623 52.318466 52.188645 51.297711 51.638846 58.486066 57.790114 52.839520 54.491184 57.300064 58.498651 51.163016 55.338757 51.776238 53.850021 53.113563 51.068418 53.072920 54.461531 57.955642 51.072288 51.977389 57.858477 51.949918 49.908198 50.654482 51.188369 59.097114 50.179701 52.960092 51.806441 53.466533 50.476717 59.016105 52.383749 57.685507 52.670376 54.152833 55.888052 56.908203 58.109100 54.243178 59.433348 
58.596870 52.007120 55.077070 55.175317 58.919845 56.863362 54.624707 51.273215 55.369524 52.490840 50.472630 57.655097 52.326319 50.065415 54.336546 50.727958 50.788402 54.663225 52.179435 54.629804 58.047341 57.084153 51.914559 52.296955 51.967281 50.837953 51.629324 58.438814 57.790114 52.792921 55.376787 57.360138 52.808851 51.175067 55.642646 51.879183 53.869175 51.485222 51.280658 53.072920 54.461531 57.955642 49.913980 52.210866 54.496711 52.580074 58.554364 55.550052 54.809078 50.337156 57.606388 53.256087 53.352743 51.341074 54.321017 59.010071 54.956218 54.049631 53.173772 57.818755 57.482509 55.370409 51.328237 58.625287 58.057174 54.966779 58.805175 51.280997 56.036439 52.927555 57.381766 57.448687 55.506308 57.309341 57.353447 56.916958 
58.596870 51.926438 54.955992 55.213707 58.908670 56.663253 50.580655 51.209345 57.221886 53.904060 50.472630 56.916048 52.390382 55.144573 54.201809 50.727958 50.830600 54.535607 52.288135 56.043931 55.749659 57.293499 51.910228 52.245815 51.947710 57.511331 51.728014 58.511651 57.751116 52.762144 51.135894 57.376209 53.254484 51.183087 55.591483 51.879183 53.652049 54.329573 51.304803 53.200071 54.461531 57.961946 57.493602 51.911565 56.698994 52.694686 51.385960 55.934559 50.804822 50.966017 58.415952 53.187960 53.374608 51.341074 54.350827 58.915713 55.665974 51.461798 56.310592 53.642493 54.331375 55.787141 53.759151 53.138388 51.381331 50.286592 54.073537 55.561302 
58.596870 52.375107 54.786355 55.213707 58.923015 56.880654 50.830887 51.235114 57.667669 54.413036 50.640398 56.705139 52.619961 52.071633 54.170853 50.570937 50.896399 54.763207 52.288135 56.197783 55.023048 56.211708 51.910228 52.347479 51.931177 50.079426 51.777305 58.344894 57.943991 53.064409 57.615604 57.376209 53.067340 51.239805 55.380368 51.811781 52.779699 54.324755 50.818147 52.977187 54.363835 58.026240 54.072241 52.174531 51.227204 54.421400 50.489584 55.595013 53.232393 50.943434 56.482374 53.417744 54.904851 51.473626 54.528001 58.877952 55.535514 57.363088 51.650452 57.870496 51.325454 52.440623 54.535739 52.803031 50.954144 50.028951 56.913835 54.157279 54.904711 51.006475 56.739982 58.517533 54.069131 58.680814 52.113816 52.208846 56.748084 57.360228 
58.559305 54.183975 54.695504 55.213707 58.959421 56.543802 57.482807 51.494676 53.898682 58.381696 50.409391 56.853721 52.647177 51.931304 57.422521 50.762985 55.452838 54.741219 52.374169 50.718536 57.490364 57.772161 51.810157 52.352361 51.931177 50.239314 51.721120 58.380373 57.938242 53.023878 57.492059 57.478545 52.864438 51.230970 55.066118 51.811781 52.545276 52.042157 50.749959 52.992118 54.363835 58.116452 53.715621 52.050252 57.993060 58.374363 50.596501 55.149133 53.212936 50.617668 54.173628 51.318107 55.991269 51.678360 54.357232 58.889680 54.833522 53.280627 51.769564 56.876385 56.355158 52.210103 54.926688 52.966205 54.045922 50.048839 57.270349 54.116329 54.776117 51.065599 52.019246 56.494647 57.074514 51.748885 50.605460 54.168351 56.604172 54.175234 52.096297 52.353544 57.477984 55.140030 52.278449 50.700805 58.583349 57.558139 55.060832 53.868404 57.597066 
