0.003826 0.149210 4.908887 0.728934 4.592959 1.195805 33.561960 0.014539 0.004059 0.008653 33.988774 32.216088 32.814573 0.095002 13.803422 0.196968 19.389386 0.299920 3.869419 
0.015611 1.205415 0.006007 0.911881 0.148862 1.424262 41.911452 0.007666 0.008781 0.006141 26.329618 7.843005 8.536424 1.220180 0.007396 13.868080 
0.007789 0.404340 43.192865 0.719979 22.100624 2.282771 29.464016 0.004949 0.011938 0.158764 7.639455 0.010027 22.519791 0.098429 0.136719 0.726238 
0.007536 0.003183 29.719655 0.778504 28.898062 1.717227 19.889546 0.007038 0.003767 0.206704 6.965982 25.251102 0.021610 0.139681 
0.014495 0.007862 30.297687 25.730038 0.504666 2.342544 29.552526 0.006722 0.006370 1.197109 5.743517 1.127361 0.006710 0.055962 1.635350 0.504633 1.192478 27.673959 0.225742 0.171788 
0.005823 0.005699 0.413394 24.115369 48.162824 1.898402 36.577842 0.008197 0.007517 22.096959 0.102916 2.232018 1.030479 14.242314 0.009020 18.362909 1.135009 0.013481 
0.005591 0.012151 31.416817 7.500192 1.550125 0.065432 37.517176 0.005342 0.009834 3.634124 38.110714 12.952427 0.435706 9.569476 2.565535 5.963257 0.083270 12.451284 
0.009075 0.026814 30.908864 2.234322 2.034694 9.300268 35.447512 0.005362 0.004702 0.067831 0.199486 23.928804 6.387901 4.821419 0.021576 1.700284 
0.010511 42.239120 0.199759 1.322997 1.575951 9.380000 76.685771 0.009925 0.009600 13.813459 30.535309 
0.016709 0.142246 7.967401 0.056248 2.065289 1.011601 52.651763 0.005614 0.006937 10.012551 0.529856 4.203652 40.886591 0.142420 0.152725 49.467079 0.444641 0.125923 
0.007130 28.283604 0.148368 4.196106 2.226634 1.529247 31.050291 0.005057 0.006140 0.018195 0.176924 17.168486 23.605250 0.392544 
0.008912 25.638823 37.776805 6.491992 1.826829 1.323104 24.327965 0.007645 0.007112 0.124897 0.203763 0.410391 41.207834 0.012800 24.391892 
0.012957 1.915097 18.753914 9.985297 1.622389 1.552152 40.200921 0.008633 0.006176 21.671394 0.369219 0.015724 0.122223 23.569782 
0.006423 24.148408 0.105172 6.071172 1.838584 0.836205 58.063920 0.006514 0.010325 22.010653 0.703830 0.158409 8.863927 0.232493 27.845421 0.008277 53.502437 0.126921 0.113818 6.682617 2.898771 
0.003308 28.295271 4.685148 7.901278 1.573536 0.139779 5.251344 0.006875 0.006314 0.200338 9.571166 28.305617 16.195473 0.134397 7.852806 
0.007274 31.694721 1.317460 0.026489 1.460768 49.741109 19.236568 0.005856 0.006638 32.618621 1.050356 0.097636 0.219120 2.304053 50.581121 5.708638 11.766950 0.129076 0.200050 19.594632 4.824289 
0.004242 26.071311 6.668530 0.170349 1.290570 38.035127 3.961721 0.006897 0.005011 9.468090 2.619029 0.901393 21.198186 12.937621 0.004387 
0.007084 49.073401 10.386961 12.141558 1.770842 0.379720 1.080544 0.006046 0.007785 0.182995 21.893921 0.025864 
0.005757 40.355417 6.881073 0.160934 1.581909 14.389983 35.313121 0.007031 0.006415 1.908374 2.965591 
0.005165 24.655564 8.679735 0.153574 1.255404 16.323015 29.775958 0.007501 0.005948 0.514812 0.648561 1.337069 
0.006255 34.048731 8.569967 0.122091 1.689708 4.934770 21.466166 0.004050 0.004970 0.808323 34.130802 1.732276 0.022774 1.662446 
0.008108 37.128160 7.348944 0.232214 1.542169 0.203952 32.450509 0.008364 0.008434 2.913424 49.759153 
0.004327 14.670841 7.155012 1.396408 1.320101 41.972760 0.175440 0.009861 0.009108 15.833086 0.766285 0.215129 
0.013617 30.084754 4.918853 8.843203 1.612018 19.490126 0.136931 0.004468 0.007450 28.571615 0.752439 0.564683 0.010085 
0.006711 31.649852 8.143778 0.146315 2.142761 28.280355 23.415657 0.005533 0.006560 2.598096 3.863178 9.760154 
0.004091 0.114635 7.575070 0.215914 1.573699 28.500228 0.041941 0.006545 0.006224 1.968840 23.150800 7.237530 11.265965 33.098943 0.428461 0.622734 
0.004215 22.512396 7.281672 0.237815 2.085127 20.816486 0.011323 0.014060 0.008185 1.491753 7.131525 0.019720 
0.007270 17.215523 8.546618 0.162387 1.987535 26.235350 23.131961 0.006689 0.004505 1.489684 0.391315 
0.007364 19.167854 0.007299 0.149650 1.980180 5.302807 8.233140 0.005403 0.004316 1.407286 6.829828 11.380654 0.010928 24.810104 0.068471 6.707373 
0.012482 15.316791 0.004658 0.121130 1.667093 0.766265 13.951082 0.005088 0.002749 19.104887 5.954503 1.723517 0.004331 0.007285 4.612247 11.835625 10.000281 
0.012068 8.830758 0.007418 0.214200 2.313010 6.229908 0.788144 0.007311 0.004753 23.664905 19.492268 30.894591 0.442138 6.811337 0.811060 
23.455406 29.743537 29.360925 0.004900 1.269546 4.795374 3.745205 0.008383 0.007768 0.010393 0.213196 0.017620 
22.202868 10.244753 22.603720 0.002525 1.344105 0.174327 1.828805 0.008775 0.004406 0.011170 3.242555 0.322966 0.009212 
1.693687 15.610658 35.147362 0.007127 1.677642 0.153675 0.671502 0.021537 0.005179 0.006641 3.973221 0.005041 0.085069 43.997676 14.930644 
0.010843 11.843964 24.919680 0.007179 1.347246 1.175389 1.629045 42.476492 0.006789 0.011196 10.020269 0.011011 25.147120 0.127045 3.366755 1.795600 34.399072 4.743451 0.320158 8.150757 8.576447 
0.020898 11.954126 28.236815 0.008278 2.636056 0.033067 14.927730 20.285267 0.003901 0.007945 0.102079 0.006138 1.794721 10.240832 0.079284 0.563691 0.024646 0.059019 0.023047 2.200286 0.474377 
5.114685 33.295703 30.961739 0.004434 1.650062 1.809973 36.127342 0.007100 0.004856 0.003950 0.114346 5.322771 0.018357 6.403513 1.024537 
5.678677 25.911196 50.701368 0.006951 2.076868 0.412641 9.785762 0.010168 0.011011 0.006933 0.119856 7.179549 0.685678 0.023240 0.689740 
38.726053 10.850624 32.808750 0.007362 1.453358 1.033323 0.004614 15.126120 0.004720 0.005820 0.151992 8.136734 37.728684 2.766629 43.448564 
29.312792 0.095086 32.904498 0.005548 1.965324 1.741829 0.007864 5.726378 0.013416 0.008557 25.512785 19.230180 0.164294 19.762507 0.132949 
45.577272 5.979818 47.019509 0.012953 1.788700 1.631685 0.241097 0.008972 0.006388 0.006900 48.484718 8.494568 0.116122 15.314244 2.717707 36.200844 0.803552 0.860963 0.007511 
18.023435 7.038084 31.993165 0.007981 1.573167 3.333833 0.041031 0.007409 0.005847 0.008085 9.131946 6.094731 4.687942 0.215439 4.732237 12.218970 
28.483818 8.931587 16.107116 0.007598 2.365015 1.742477 0.247069 0.009961 48.005482 0.013773 0.014751 0.010537 31.429023 0.382254 9.978864 13.827891 
29.817401 5.607571 2.052367 0.011124 1.725696 0.520992 0.083092 0.006995 43.767919 0.020006 13.451000 0.014833 5.749936 0.256895 14.550474 25.776073 0.042456 
33.203596 5.344014 35.158087 0.004896 1.777810 0.844159 0.010348 0.005362 35.800617 0.006024 0.206861 5.252522 0.008954 0.017612 16.334056 1.407309 1.005490 22.864244 31.641331 0.067029 0.013293 44.140302 
27.481943 7.087417 10.545082 0.007461 2.010356 2.082016 0.005547 0.008085 35.071601 0.029404 0.023395 0.128429 10.885482 0.009053 
19.527454 6.115961 25.406690 0.005482 1.533341 2.625374 0.004866 0.008478 0.163650 0.015447 25.222560 19.055930 0.513456 
2.532005 7.654734 41.628429 0.006797 2.085213 1.320321 0.004765 0.008046 0.161814 0.007797 24.165291 2.866744 38.153311 3.104615 
3.003383 4.707834 29.391461 0.010661 1.733256 0.158892 0.006522 0.004643 14.377377 0.005456 0.011297 4.690371 10.796064 27.451809 
26.039425 6.086952 20.745323 0.005019 2.360654 2.430719 0.021365 0.245632 20.917526 0.006387 0.004325 1.201099 0.370583 0.036496 0.040973 0.025305 
5.249500 29.753299 27.851817 0.007936 2.050585 1.249067 0.005258 0.152256 34.750348 0.009429 0.006975 0.025183 2.325994 12.513765 0.104499 
6.384306 17.056111 20.310289 0.003998 1.505289 1.007124 0.147411 0.010239 21.601393 0.003722 0.082138 0.005066 4.076127 
8.308111 20.099375 30.898280 0.004340 1.683570 2.410355 0.005843 0.008389 28.665267 0.008290 0.199252 2.316583 0.017680 
5.416806 0.098900 31.151284 14.705149 2.070185 0.892429 0.009163 0.008772 0.010282 0.017036 0.042321 29.852276 33.065739 0.030972 11.666373 0.255542 0.286991 17.813905 0.774773 4.460134 
6.932997 18.661205 2.756569 0.165667 1.827478 0.996337 0.005130 0.004986 0.003798 0.017194 0.743986 25.093134 20.867479 15.168281 
6.927173 37.030303 1.848751 0.265542 1.680646 28.456896 0.012874 0.009484 0.009392 0.008744 21.441716 0.882725 0.052314 6.943146 0.186738 0.372034 0.043004 0.146431 12.174804 
4.509787 34.489506 5.380512 0.146215 1.634192 41.226528 0.013358 34.194002 0.008736 0.010370 56.763753 11.422559 0.035211 0.008474 
0.121630 4.351718 5.993470 0.002475 1.166568 13.975884 0.008924 0.002615 0.015666 0.003797 16.068214 20.021445 15.163449 
1.149172 8.175287 13.170976 0.074926 0.976798 0.005389 0.007403 0.009408 0.007995 7.313516 33.540558 0.005442 15.513146 0.434981 0.370347 1.301078 19.275173 
2.977749 0.200199 31.833699 0.067474 43.729745 1.156790 0.005531 0.007925 0.005687 0.008231 26.588933 7.031023 20.880331 27.551979 0.232204 10.359130 0.148342 0.053253 0.651151 
6.577132 0.968347 13.873936 0.122157 0.047658 29.884445 0.016772 0.009337 0.007463 0.007101 21.234814 8.696739 22.076430 1.331345 41.184168 46.340829 0.464770 5.417269 0.016404 
3.149888 1.397603 4.701917 0.143216 0.013269 44.492414 0.006831 0.005264 22.909186 0.006502 41.293123 0.207442 14.986519 0.013905 2.964663 0.069678 
14.472967 0.814565 0.037194 8.178563 0.010194 0.147831 0.017101 0.008241 0.010331 3.459462 67.670763 24.142122 22.933688 6.109888 0.140543 0.493623 
0.038438 1.973307 3.998524 6.481918 0.008221 0.524061 0.008117 0.009173 0.009116 44.305984 46.863148 66.616082 0.338297 72.419451 0.314406 0.086727 21.248521 0.036459 0.017449 22.949315 0.146288 0.827632 0.392362 7.741856 1.544361 4.216007 0.299719 0.342619 0.060582 0.028277 1.189004 50.785120 0.811806 6.857417 
19.957398 1.344496 0.080573 7.472389 0.005086 23.913208 0.012594 0.005066 0.012023 33.747939 0.040901 1.463925 17.891662 27.210950 0.163213 0.009606 0.441959 0.058392 6.494830 1.282493 0.005419 2.016116 0.864048 0.070858 
0.134933 8.130290 35.259266 31.143989 0.004637 19.338735 1.453386 0.006298 0.007834 23.144524 17.841175 1.448501 0.006025 15.417271 0.042580 
0.116426 1.009700 8.215764 20.688783 0.010487 40.076925 0.008143 0.005223 0.011518 0.010338 0.124801 1.326027 0.008313 14.041066 6.738913 31.531356 7.746409 0.299625 
45.339461 0.360916 0.633820 41.267942 0.008871 3.866606 0.007285 0.007865 12.593001 41.888591 5.592948 1.675794 0.006171 0.076088 21.979757 4.539832 0.610622 16.891416 0.308881 2.437776 
49.213694 34.293695 0.567966 53.258980 0.010892 0.089936 0.007720 0.005841 4.086328 0.218675 5.068479 1.396640 0.006822 6.628227 23.878572 0.029332 7.492060 
26.861978 0.447016 0.002937 1.300649 0.005030 27.539756 1.226416 0.006115 0.003706 0.009175 6.446807 27.456433 0.101493 4.609252 28.468397 0.118679 17.921692 0.123688 0.428299 0.122199 13.321443 
49.993977 0.005584 0.145567 6.329093 0.009836 6.867157 1.456825 0.007151 0.006154 40.636458 10.340894 2.300159 32.336239 15.800683 9.559565 0.014158 
23.172471 0.008530 0.137569 25.847118 0.004907 0.584031 1.582372 0.008895 0.007942 37.057508 2.913574 0.116913 11.641335 41.565661 6.061411 1.405643 
30.593963 2.205693 9.971711 40.887185 0.010523 8.736971 1.363434 0.004667 0.007842 6.372188 3.312484 0.125436 0.023866 4.268760 7.251472 4.868580 5.268262 
30.122837 0.090845 7.425178 10.289044 0.004299 27.045350 0.980457 0.006019 0.007123 7.498297 3.047150 1.555445 0.004334 
38.056467 40.264912 6.629406 34.032970 0.005319 0.168458 2.048161 0.008130 0.004642 0.015948 0.119499 18.296309 7.274119 5.966578 36.986732 6.088189 0.118834 
41.533340 3.433777 7.789711 0.020314 0.004810 35.184781 1.437246 0.005237 0.012451 0.006098 42.580587 38.469756 6.365751 0.279089 0.005383 1.127624 0.016619 0.089250 0.113159 0.514042 13.590186 0.033071 
26.365300 2.553232 6.144723 0.234567 0.006128 0.500184 1.600855 0.004189 0.006023 0.008840 0.076220 36.374190 3.400802 0.034045 31.546773 0.500502 8.285851 0.054125 0.121564 
35.659901 1.340610 8.145621 47.194269 0.005621 0.534351 1.689186 0.012666 0.012945 0.008819 0.138409 15.072114 11.861655 2.853348 33.812772 3.222204 0.795206 39.374041 0.077360 0.005571 8.015488 
9.919792 10.797997 6.687509 0.239178 0.013814 10.319508 1.891807 0.004890 0.005437 0.009342 39.336375 25.028815 4.717625 3.392039 6.926715 0.329019 
0.024716 16.979644 5.601985 4.528238 0.007147 0.182374 1.575636 0.008948 33.594010 0.017527 24.170021 0.166066 0.042022 2.718972 3.425248 18.450320 12.815269 
0.008256 6.790023 62.248572 1.600807 0.010307 0.131854 1.202531 0.007189 25.021831 0.031742 35.503291 21.553776 2.038700 0.699519 0.020735 
0.005923 6.852065 24.304388 5.470661 0.003829 0.092065 1.265148 0.004737 22.124307 0.010323 24.126819 21.737779 0.059740 0.280897 0.426412 
0.008677 4.729960 30.132590 22.122928 0.013564 3.649043 1.250712 0.006929 0.366937 0.014810 43.654456 0.158750 40.633642 12.035728 2.087195 0.188807 10.578332 1.244932 0.591839 20.514805 0.911366 5.327183 
0.006860 6.141007 3.098681 24.927216 0.006840 0.147676 1.375249 0.026194 36.837220 0.011155 23.467286 1.425139 0.013989 3.403979 2.203819 21.212322 
0.003169 5.013123 1.896027 19.935862 0.002970 0.129909 1.863574 0.002739 17.894640 0.003820 20.710746 15.197146 0.013459 0.145833 
0.008849 0.149125 1.976912 6.626972 0.011324 0.004764 1.814262 0.006909 29.899392 27.124137 17.369320 0.005479 0.007803 0.030352 2.085837 1.838458 12.032579 
0.007351 0.142657 3.763779 4.634756 0.006996 33.165235 3.200256 0.005582 1.331696 0.009597 30.200692 0.005373 0.595881 10.314720 4.002677 10.030611 
0.005974 0.163711 41.683917 8.130609 0.005557 2.899595 2.309846 0.013297 0.012636 27.638723 38.317493 10.220954 2.604219 11.537981 
0.010573 0.089240 24.949952 6.544069 0.006862 1.077815 2.121550 0.006741 0.010834 37.702543 0.475679 37.368836 3.228818 0.156001 
0.018259 5.142793 43.639802 5.588591 0.007420 0.195571 1.849806 0.006511 0.005533 15.103386 46.409139 20.894657 0.007007 
0.009370 1.605065 61.772518 9.448989 0.009549 0.110223 2.947398 0.006858 0.442764 29.051511 23.423758 0.006676 5.939537 0.016912 0.160293 17.597077 1.702466 0.095758 0.597324 3.343365 1.257261 
0.014755 1.887964 24.691387 8.994902 0.007560 0.216270 2.323230 0.006632 24.073452 26.552777 29.780773 0.008655 0.165099 
0.005266 1.434272 34.868950 0.008043 0.008236 18.003314 2.057798 0.012888 0.006052 5.113897 0.273581 34.862889 4.629524 0.094809 0.307057 0.270396 1.517547 0.110364 
0.007595 3.239628 35.257025 0.022913 0.011357 25.804565 1.426979 0.018312 0.205965 9.527541 3.416792 8.877257 26.620248 13.408639 
0.006446 2.930982 34.730377 0.026556 0.006198 7.186641 0.812133 0.007116 0.074361 33.755514 0.070208 0.772624 0.506373 18.579928 18.559554 2.845713 9.651022 0.255370 0.488485 
0.005546 1.136658 37.684488 0.013336 0.008547 5.982559 1.581475 0.010114 0.106262 34.082730 32.018179 4.935921 5.396678 21.979109 
0.003892 2.214330 0.192265 0.004775 0.010539 7.027994 1.302035 0.005214 14.895748 21.506382 17.890508 0.128206 14.092013 0.489976 0.098267 
0.005443 10.673914 0.772704 0.016304 0.006359 5.007874 1.891417 0.004846 23.491997 39.214110 30.361374 32.166319 12.446458 0.144231 1.352294 
0.010813 18.949920 0.092135 0.004301 0.005703 7.695696 0.897363 0.004042 32.284723 19.359979 0.446650 21.440025 0.011083 1.894068 0.005953 0.274987 21.937845 0.032952 0.006726 
13.918892 0.158057 0.784633 0.007861 0.008559 4.528792 1.664658 0.015832 49.407511 0.094692 0.337050 47.906207 0.008504 28.822660 0.113854 
