-2.52 59.54
-2.263 59.38
-2.03 59.13
-1.978 58.859
-2.098 58.574
-2.214 58.34
-2.054 58.208
-1.67 58.031
-1.263 57.862
-1.077 57.61
-1.285 57.226
-1.648 56.837
-1.868 56.377
-1.582 56.121
-1.165 55.727
-0.934 55.354
-0.637 54.921
0.088 54.444
0.56 53.833
0.901 53.383
1.89 53.094
2.329 52.63
2.351 52.328
2.219 52.073
1.912 51.652
1.961 51.165
1.604 50.806
0.923 50.604
0.165 50.451
-0.571 50.395
-1.384 50.345
-2.362 50.24
-3.076 50.121
-4.18 49.863
-4.493 49.788
-5.065 49.739
-5.471 49.724
-6.086 49.81
-6.29 50.014
-6.262 50.402
-6.064 50.723
-5.911 51.083
-5.779 51.42
-5.713 51.856
-5.691 52.235
-5.614 52.536
-5.636 52.749
-5.713 52.988
-5.856 53.278
-6.064 53.475
-6.284 53.619
-6.812 53.762
-7.251 53.775
-7.646 53.865
-8.064 54.085
-8.459 54.304
-8.525 54.585
-8.481 54.801
-8.196 55.053
-7.822 55.417
-7.603 55.628
-7.559 55.814
-7.603 56.072
-7.8 56.329
-7.91 56.705
-7.932 56.921
-7.976 57.22
-7.866 57.492
-7.712 57.833
-7.449 58.089
-7.075 58.321
-6.636 58.54
-6.174 58.677
-5.559 58.734
-4.878 58.78
-4.241 58.78
-3.878 58.9
-3.647 59.1
-3.36 59.28
-3.13 59.47
-2.83 59.57
-2.52 59.54
