  -5.70006    55.5158          6
  -5.13508    55.5158          1
  -6.12381    55.8054          7
  -4.42884    55.8054          1
  -7.25378    57.5429          1
  -5.55882    56.3845          1
  -4.85258    56.0949          1
  -3.29887    57.5429          1
   -6.4063    55.8054          2
  -6.97129    58.1221          1
  -4.42884    55.2262          2
  -4.57009    55.5158          7
  -5.13508    54.9366          1
  -4.71134    57.5429          1
  -5.84131    55.8054          1
  -4.71134    55.8054          1
   -6.4063    58.1221          1
  -4.85258    55.5158          1
  -4.57009    56.0949          1
  -4.14635    57.5429          1
   -1.8864    57.5429         10
  -2.31014    57.2533          3
   -2.1689    57.5429         13
  -2.59264    57.2533          4
  -2.02765    57.2533          6
  -2.02765    57.8325          2
  -3.01638    57.5429          6
  -2.73388    57.5429          3
  -3.01638    56.3845          1
   -2.1689    56.9637          1
  -2.31014    57.8325          2
  -2.59264    57.8325          1
  -2.02765    53.1991          5
  -2.87513    53.1991          8
  -2.31014    53.1991          8
  -2.59264    53.1991         12
  -2.45139    53.4886          7
   -1.8864    53.4886          3
  -2.73388    53.4886          8
   -2.1689    53.4886          7
   -2.1689    52.9095          2
  -4.42884    50.5928          4
  -5.13508    50.3032         20
  -4.85258    50.3032         20
  -5.55882    50.0136         11
  -5.27632    50.0136         11
  -4.71134    50.5928          5
  -5.41757    50.3032         10
   -4.0051    50.3032          5
  -4.57009    50.3032          4
  -4.99383    50.0136          1
  -4.14635    50.5928          6
   -4.2876    50.3032          3
  -3.44012    54.3574         21
  -3.58136     54.647         58
  -2.31014    54.3574          4
  -3.15762    54.9366         13
  -3.01638     54.647         18
  -2.73388     54.647         12
  -3.15762    54.3574          9
  -3.01638    55.2262          1
  -3.29887     54.647         31
  -2.87513    54.9366         15
  -3.29887    54.0678          3
  -3.72261    54.3574          1
  -2.31014    53.7782         10
  -2.59264    54.3574          1
  -2.45139    54.0678          2
  -2.59264    54.9366          3
   -2.1689     54.647          3
  -3.01638    54.0678          4
  -2.02765    54.3574          4
  -2.87513    54.3574          4
  -2.45139    55.2262          1
  -2.45139     54.647          3
  -1.74516    53.1991          2
  -1.60391     54.647         16
  -1.32142    52.9095         30
  -1.46266    53.1991          7
  -1.60391    53.4886         15
  -1.32142    53.4886          5
  -3.72261    50.8824          8
   -4.0051    50.8824          8
   -4.2876    50.8824          4
  -3.44012    50.8824          9
  -3.58136    50.5928         17
  -3.29887    50.5928          3
  -3.01638    50.5928          1
  -4.14635    51.1719          2
  -3.15762    50.8824          3
  -3.86386    50.5928          3
  -3.44012    50.3032          1
  -3.58136    51.1719          2
  -3.72261    50.3032          2
  -3.01638    51.1719          1
  -2.45139    50.5928          9
  -2.87513    50.8824          2
  -2.59264    50.8824          8
  -2.31014    50.8824          9
   -2.1689    50.5928          2
  -2.02765    50.8824          7
   1.22103    51.1719          9
  -3.58136    51.7511          1
  -4.14635    55.8054          1
  -1.46266    54.9366         47
  -2.45139    51.7511         24
  -2.73388    51.7511         21
   -2.1689    51.7511         11
  -2.59264    52.0407         19
  -2.02765    52.0407         15
  -2.31014    52.0407          4
   -1.8864    51.7511          6
  -1.74516    51.4615          4
  -3.29887    51.7511          2
  -2.59264    51.4615          1
  -1.46266    50.8824          8
  -1.18017    50.8824          5
  -1.74516    50.8824          4
   -1.8864    50.5928          1
  -1.32142    51.1719          2
  -1.03892    51.1719          2
  -1.32142    50.5928          6
  -2.45139    52.3303          5
  -2.73388    52.3303          1
  -2.87513    52.0407          5
  -3.01638    51.7511          1
   1.07978    51.4615          4
  0.373545    51.1719          7
  0.232299    51.4615          4
  0.938532    51.1719          6
  0.797286    51.4615          2
  0.514792    51.4615          5
 0.0910519    51.1719          9
  0.656039    51.1719          5
  0.514792    50.8824          3
  -2.59264    53.7782          6
  -3.01638    53.4886          4
  -2.87513    53.7782          3
  -2.02765    53.7782          4
 -0.897675    52.6199         10
  -1.03892    52.3303         11
  -1.18017    52.6199         37
 -0.897675    52.0407          4
 -0.756429    52.9095          4
  -1.46266    52.6199          9
 -0.615182    52.6199          2
  -1.03892    52.9095         29
  -1.32142    52.3303          1
  -1.60391    52.9095          2
 -0.191442    52.9095         17
 -0.191442    53.4886         16
 -0.473935    52.9095          4
 0.0910519    53.4886          6
 0.0910519    52.9095         12
 -0.332688    53.1991         18
-0.0501948    53.1991          9
  0.232299    53.1991          6
 -0.615182    53.1991          8
 -0.473935    53.4886          3
 -0.756429    53.4886          1
 -0.332688    52.6199          1
-0.0501948    52.6199          1
  -2.31014    55.5158          1
  -1.74516    54.9366         35
   -1.8864    55.8054          1
  -1.60391    55.2262         12
  -1.32142     54.647         10
  -1.46266    55.5158          1
   -1.8864    55.2262          4
   -2.1689    55.2262          5
  -2.02765    55.5158          1
  -2.02765    54.9366          9
  -1.74516    55.5158          2
   -1.8864     54.647          2
  -2.45139    55.8054          1
  -2.87513    55.5158          1
  -2.31014    54.9366          3
   -2.1689    55.8054          1
 -0.615182    54.3574         10
  -2.59264    55.5158          1
  -1.18017    54.3574          6
   1.36227    52.6199         40
   1.07978    52.6199         23
   1.22103    52.3303         12
  0.938532    52.3303         15
   1.22103    52.9095          6
  0.373545    52.9095          3
  0.797286    52.6199          3
  0.656039    52.3303         10
   1.50352    52.3303         10
   1.07978    52.0407         18
  0.938532    52.9095          3
  0.514792    52.6199          5
   1.36227    52.0407          7
  0.232299    52.6199          1
   1.78601    52.3303          9
   1.64477    52.6199          6
  0.514792    52.0407          1
 -0.756429    52.3303         21
 -0.473935    52.3303          3
 -0.615182    52.0407          1
  -1.18017    52.0407          1
  -7.25378     54.647          2
  -5.55882     54.647          1
  -5.98256    54.3574          1
  -5.84131     54.647         12
  -6.97129     54.647          2
  -6.68879     54.647          4
  -6.26505    54.3574          4
  -6.54755    54.9366          2
  -2.87513    56.6741          1
  -6.26505    54.9366          2
  -7.39503    54.9366          2
  -7.67752    54.3574          1
   -6.4063    55.2262          2
  -6.12381     54.647          5
  -5.98256    54.9366          1
  -7.11253    54.9366          1
  -6.83004    54.3574          1
  -7.53627     54.647          1
  -1.18017    53.1991         13
 -0.897675    53.1991          3
  -4.57009    52.0407         16
  -4.99383    51.7511         11
  -4.85258    52.0407         10
  -4.42884    52.3303          1
  -5.13508    52.0407          1
   -4.2876    52.0407          3
  -4.42884    51.7511          3
  -4.71134    51.7511          7
  -4.14635    52.3303          1
   -4.2876    53.1991         46
  -3.58136    52.9095          2
  -3.72261    53.1991          4
  -4.42884    53.4886          2
  -4.14635    52.9095          7
  -4.57009    53.1991          8
  -3.15762    53.1991          2
  -4.42884    52.9095          1
   -4.0051    53.1991          2
  -3.29887    52.9095          1
  -3.44012    53.1991          1
  -3.01638    59.2804         21
  -3.15762    58.9908         28
  -2.87513    58.9908         32
  -2.73388    59.2804          6
  -2.45139    59.2804          3
  -3.01638    58.7012          3
  -3.29887    58.7012          1
  -2.59264    58.9908          2
  -1.46266    52.0407          6
  -1.32142    51.7511         51
  -1.46266    51.4615          3
  -1.03892    51.7511          6
  -2.02765    51.4615          1
  -1.60391    51.7511          8
 -0.756429    51.7511          1
  -1.18017    51.4615          6
 -0.615182    51.4615          1
  -1.74516    52.0407          2
 -0.473935    51.7511          1
  0.797286    52.0407          4
  0.373545    52.3303          6
 0.0910519    52.3303          2
  0.232299    50.8824         12
  0.656039    51.7511          1
  -1.74516    53.7782         30
-0.0501948    50.8824         16
 -0.332688    50.8824         11
 -0.191442    51.1719          5
 -0.615182    50.8824          3
 -0.897675    50.8824          2
 -0.473935    51.1719          2
   -2.1689    52.3303         14
  -2.02765    52.6199          5
  -2.31014    52.6199          2
   -1.8864    52.3303          2
 -0.332688    53.7782          9
 -0.897675    53.7782          8
  -1.03892    54.0678         13
  -1.18017    53.7782          1
  -1.46266    53.7782         20
 -0.473935    54.0678          5
  -1.03892     54.647          3
 -0.897675    54.3574          5
  -1.60391    54.0678         11
 -0.191442    54.0678          4
  -1.32142    54.0678          3
  -1.74516    54.3574          4
 -0.756429    54.0678          1
  -1.46266    54.3574          4
   -1.8864    54.0678          3
  -1.03892    53.4886          2
 -0.756429     54.647          3
