 1.24324        0
 1.86486        0
 3.10811        0
 4.97297        0
 6.21622        0
 6.83784        0
 8.08108        0
  8.7027        0
 9.94595        0
 11.1892        0
 1.55405 0.677778
  2.7973 0.677778
 3.41892 0.677778
 4.66216 0.677778
 5.28378 0.677778
 6.52703 0.677778
 7.77027 0.677778
 8.39189 0.677778
 9.63514 0.677778
 10.2568 0.677778
    11.5 0.677778
0.932432  2.03333
 2.17568  2.03333
  2.7973  2.03333
 4.04054  2.03333
 4.97297  1.35556
 5.90541  2.03333
 7.14865  2.03333
 7.77027  2.03333
 9.01351  2.03333
 9.94595  1.35556
 10.8784  2.03333
 1.24324  2.71111
 2.48649  2.71111
 3.72973  2.71111
 4.35135  2.71111
 5.59459  2.71111
 6.21622  2.71111
 7.45946  2.71111
  8.7027  2.71111
 9.32432  2.71111
 10.5676  2.71111
 11.1892  2.71111
 2.17568  3.38889
 4.04054  3.38889
 5.28378  3.38889
 5.90541  3.38889
 7.14865  3.38889
 7.77027  3.38889
 9.01351  3.38889
 10.2568  3.38889
 10.8784  3.38889
0.621622  4.06667
 1.24324  4.06667
 2.48649  4.06667
 3.72973  4.06667
 4.35135  4.06667
 5.59459  4.06667
 6.21622  4.06667
 7.45946  4.06667
  8.7027  4.06667
 9.32432  4.06667
 10.5676  4.06667
 11.1892  4.06667
 1.24324  5.42222
 1.86486  5.42222
 3.10811  5.42222
 3.72973  5.42222
 4.97297  5.42222
 6.21622  5.42222
 6.83784  5.42222
 8.08108  5.42222
  8.7027  5.42222
 9.94595  5.42222
 11.1892  5.42222
  2.7973      6.1
 3.41892      6.1
 4.66216      6.1
 5.28378      6.1
 6.52703      6.1
 7.77027      6.1
 8.39189      6.1
 9.63514      6.1
 10.2568      6.1
    11.5      6.1
       0        0
0.621622        0
 2.48649        0
 3.72973        0
 4.35135        0
 5.59459        0
 7.45946        0
 9.32432        0
 10.5676        0
0.310811 0.677778
0.932432 0.677778
 2.17568 0.677778
 4.04054 0.677778
 5.90541 0.677778
 7.14865 0.677778
 9.01351 0.677778
 10.8784 0.677778
       0  1.35556
0.621622  1.35556
 1.24324  1.35556
 1.86486  1.35556
 2.48649  1.35556
 3.10811  1.35556
 3.72973  1.35556
 4.35135  1.35556
 5.59459  1.35556
 6.21622  1.35556
 6.83784  1.35556
 7.45946  1.35556
 8.08108  1.35556
  8.7027  1.35556
 9.32432  1.35556
 10.5676  1.35556
 11.1892  1.35556
0.310811  2.03333
 1.55405  2.03333
 3.41892  2.03333
 4.66216  2.03333
 5.28378  2.03333
 6.52703  2.03333
 8.39189  2.03333
 9.63514  2.03333
 10.2568  2.03333
    11.5  2.03333
       0  2.71111
0.621622  2.71111
 1.86486  2.71111
 3.10811  2.71111
 4.97297  2.71111
 6.83784  2.71111
 8.08108  2.71111
 9.94595  2.71111
0.310811  3.38889
0.932432  3.38889
 1.55405  3.38889
  2.7973  3.38889
 3.41892  3.38889
 4.66216  3.38889
 6.52703  3.38889
 8.39189  3.38889
 9.63514  3.38889
    11.5  3.38889
       0  4.06667
 1.86486  4.06667
 3.10811  4.06667
 4.97297  4.06667
 6.83784  4.06667
 8.08108  4.06667
 9.94595  4.06667
0.310811  4.74444
0.932432  4.74444
 1.55405  4.74444
 2.17568  4.74444
  2.7973  4.74444
 3.41892  4.74444
 4.04054  4.74444
 4.66216  4.74444
 5.28378  4.74444
 5.90541  4.74444
 6.52703  4.74444
 7.14865  4.74444
 7.77027  4.74444
 8.39189  4.74444
 9.01351  4.74444
 9.63514  4.74444
 10.2568  4.74444
 10.8784  4.74444
    11.5  4.74444
       0  5.42222
0.621622  5.42222
 2.48649  5.42222
 4.35135  5.42222
 5.59459  5.42222
 7.45946  5.42222
 9.32432  5.42222
 10.5676  5.42222
0.310811      6.1
0.932432      6.1
 1.55405      6.1
 2.17568      6.1
 4.04054      6.1
 5.90541      6.1
 7.14865      6.1
 9.01351      6.1
 10.8784      6.1
