 86  95
 86  87
 87  95
 87  96
 87   1
  1  96
  1  11
  1   2
  2  11
  2  97
  2  88
 88  97
 88  12
 88   3
  3  12
  3  13
  3  89
 89  13
 89  98
 89  90
 90  98
 90  14
 90   4
  4  14
  4  15
  4  91
 91  15
 91  99
 91   5
  5  99
  5  16
  5   6
  6  16
  6 100
  6  92
 92 100
 92  17
 92   7
  7  17
  7  18
  7   8
  8  18
  8 101
  8  93
 93 101
 93  19
 93   9
  9  19
  9  20
  9  94
 94  20
 94 102
 94  10
 10 102
 10  21
 95 103
 95 104
 95  96
 96 104
 96 105
 96  11
 11 105
 11 106
 11  97
 97 106
 97 107
 97  12
 12 107
 12 108
 12  13
 13 108
 13 109
 13  98
 98 109
 98 110
 98  14
 14 110
 14  26
 14  15
 15  26
 15 111
 15  99
 99 111
 99 112
 99  16
 16 112
 16 113
 16 100
100 113
100 114
100  17
 17 114
 17 115
 17  18
 18 115
 18 116
 18 101
101 116
101 117
101  19
 19 117
 19  31
 19  20
 20  31
 20 118
 20 102
102 118
102 119
102  21
 21 119
103 120
103 104
104 120
104  22
104 105
105  22
105 121
105 106
106 121
106  23
106 107
107  23
107  24
107 108
108  24
108 122
108 109
109 122
109  25
109 110
110  25
110 123
110  26
 26 123
 26 124
 26 111
111 124
111  27
111 112
112  27
112 125
112 113
113 125
113  28
113 114
114  28
114  29
114 115
115  29
115 126
115 116
116 126
116  30
116 117
117  30
117 127
117  31
 31 127
 31 128
 31 118
118 128
118  32
118 119
119  32
119 129
120 130
120 131
120  22
 22 131
 22  33
 22 121
121  33
121 132
121  23
 23 132
 23  34
 23  24
 24  34
 24 133
 24 122
122 133
122  35
122  25
 25  35
 25  36
 25 123
123  36
123 134
123 124
124 134
124  37
124  27
 27  37
 27  38
 27 125
125  38
125 135
125  28
 28 135
 28  39
 28  29
 29  39
 29 136
 29 126
126 136
126  40
126  30
 30  40
 30  41
 30 127
127  41
127 137
127 128
128 137
128  42
128  32
 32  42
 32  43
 32 129
129  43
130 138
130 131
131 138
131 139
131  33
 33 139
 33 140
 33 132
132 140
132  44
132  34
 34  44
 34 141
 34 133
133 141
133 142
133  35
 35 142
 35  45
 35  36
 36  45
 36 143
 36 134
134 143
134  46
134  37
 37  46
 37  47
 37  38
 38  47
 38 144
 38 135
135 144
135  48
135  39
 39  48
 39  49
 39 136
136  49
136 145
136  40
 40 145
 40  50
 40  41
 41  50
 41 146
 41 137
137 146
137  51
137  42
 42  51
 42  52
 42  43
 43  52
 43 147
138 148
138  53
138 139
139  53
139  54
139 140
140  54
140 149
140  44
 44 149
 44  55
 44 141
141  55
141 150
141 142
142 150
142  56
142  45
 45  56
 45  57
 45 143
143  57
143 151
143  46
 46 151
 46  58
 46  47
 47  58
 47  59
 47 144
144  59
144 152
144  48
 48 152
 48  60
 48  49
 49  60
 49 153
 49 145
145 153
145  61
145  50
 50  61
 50  62
 50 146
146  62
146 154
146  51
 51 154
 51  63
 51  52
 52  63
 52  64
 52 147
147  64
148 155
148  53
 53 155
 53 156
 53  54
 54 156
 54 157
 54 149
149 157
149 158
149  55
 55 158
 55 159
 55 150
150 159
150 160
150  56
 56 160
 56 161
 56  57
 57 161
 57 162
 57 151
151 162
151 163
151  58
 58 163
 58 164
 58  59
 59 164
 59 165
 59 152
152 165
152 166
152  60
 60 166
 60 167
 60 153
153 167
153 168
153  61
 61 168
 61 169
 61  62
 62 169
 62 170
 62 154
154 170
154 171
154  63
 63 171
 63 172
 63  64
 64 172
 64 173
155 174
155 175
155 156
156 175
156  65
156 157
157  65
157  66
157 158
158  66
158 176
158 159
159 176
159  67
159 160
160  67
160  68
160 161
161  68
161 177
161 162
162 177
162  69
162 163
163  69
163 178
163 164
164 178
164  70
164 165
165  70
165  71
165 166
166  71
166 179
166 167
167 179
167  72
167 168
168  72
168  73
168 169
169  73
169 180
169 170
170 180
170  74
170 171
171  74
171 181
171 172
172 181
172  75
172 173
173  75
174 182
174 175
175 182
175 183
175  65
 65 183
 65 184
 65  66
 66 184
 66 185
 66 176
176 185
176  76
176  67
 67  76
 67  77
 67  68
 68  77
 68 186
 68 177
177 186
177  78
177  69
 69  78
 69  79
 69 178
178  79
178 187
178  70
 70 187
 70  80
 70  71
 71  80
 71 188
 71 179
179 188
179  81
179  72
 72  81
 72  82
 72  73
 73  82
 73 189
 73 180
180 189
180  83
180  74
 74  83
 74  84
 74 181
181  84
181 190
181  75
 75 190
 75  85
182 183
183 184
184 185
185  76
 76  77
 77 186
186  78
 78  79
 79 187
187  80
 80 188
188  81
 81  82
 82 189
189  83
 83  84
 84 190
190  85
