4.345903 4.907352 11.341725 1.332997 2.589365 
4.146724 4.821083 11.478292 0.019332 2.521822 2.849216 3.387922 4.269719 
4.207090 4.749969 11.473850 2.445149 2.803692 0.265118 3.325306 4.271408 
4.043268 4.950284 11.310253 2.716387 2.817300 0.168212 3.329791 4.137937 
4.204355 4.936638 11.323037 2.558938 2.566232 0.685058 2.997805 3.843483 
4.183568 4.988364 11.291248 4.269689 2.830844 0.373576 3.546600 1.945896 
4.129881 4.798605 11.487489 1.854097 2.311312 0.476702 4.134030 4.094111 
4.230529 4.947321 11.384606 1.714688 2.576565 0.837646 
4.204575 4.920543 11.358290 1.802578 2.223259 1.137079 4.230029 0.182319 
4.385573 5.004964 11.341637 0.461583 1.913092 0.166871 3.984392 4.398442 1.758610 
4.532649 5.398899 11.056946 1.286149 2.011566 0.941272 4.211475 
4.557275 5.182687 11.210916 1.199844 1.753868 0.172413 0.792939 0.290068 
4.697455 5.154748 11.296275 1.356536 1.611609 0.047648 
4.607025 5.069523 11.145867 1.386444 1.742323 0.094001 
4.680875 4.741987 11.374493 0.522339 1.750459 1.307695 4.896070 
4.697621 5.150137 11.172749 1.305160 1.704415 1.262808 11.313819 0.018381 
5.022407 5.364485 10.855723 0.388225 1.327155 0.934570 
4.997815 5.708398 10.830900 0.013776 1.398413 1.166856 
5.038931 5.613641 10.835931 0.070393 1.358368 1.158921 10.911401 1.106844 0.838272 
5.045044 5.427082 10.795880 0.082314 1.419441 1.437461 11.125259 
4.868582 5.406960 10.952448 0.124289 1.421666 1.335313 11.054609 0.256339 
5.042933 5.411863 10.773436 0.984948 1.491541 1.637586 4.426254 11.214351 
4.902761 5.262098 10.911057 0.005388 1.912297 1.765500 4.486918 11.241704 
4.765602 5.331898 11.048650 0.265163 2.075464 2.162498 3.266742 3.689879 2.735253 
4.674862 5.329664 10.824122 1.484617 1.969666 1.351486 4.413928 
4.766092 4.864516 11.242246 0.467232 1.889952 1.058784 4.357431 
4.893294 5.146478 11.124709 0.475118 2.115493 1.112927 4.939964 0.482062 0.203452 
4.802878 5.160295 11.047508 0.445705 1.886012 0.956303 4.858104 1.176906 
4.770924 5.072786 11.132087 0.188029 2.038289 0.050381 4.741679 1.031891 
4.716386 4.849485 11.265244 1.172941 1.965146 0.887509 0.232212 
4.424497 4.780595 11.194458 0.842529 3.365312 0.362547 11.360948 
4.748196 4.579858 11.193192 1.080431 3.165624 0.426714 
4.468759 4.423742 11.433741 1.392198 3.060534 0.664582 0.789784 1.817825 1.661579 
4.583118 4.415764 11.430902 1.622146 2.962907 0.601696 
4.653286 4.781354 11.129565 0.892642 3.209958 0.521903 
4.655762 4.710798 11.241942 0.966789 2.620578 0.287073 0.805777 1.261359 
4.823145 4.588664 11.190619 0.604048 2.174731 0.503136 0.732227 
4.657473 4.727122 11.138215 0.699073 2.517255 0.498763 
4.639758 4.839706 11.460934 4.222116 2.363364 0.129303 1.642671 11.304306 
4.623406 4.907427 11.224786 1.260593 2.521583 0.327954 0.506796 0.326405 0.584808 
4.624565 4.730434 11.252451 1.040767 2.646033 0.392500 
4.516754 5.222324 11.055906 0.554647 3.330196 0.238557 11.350075 
4.333327 5.078668 11.118117 1.575286 3.461557 0.258728 2.808969 
4.160796 4.630788 11.485764 1.346949 3.139730 0.246600 3.278942 
4.232143 5.031894 11.221379 2.143990 3.032180 0.260269 3.641750 2.467264 
4.173184 4.870558 11.447297 1.647145 2.979819 0.384319 1.755803 4.218442 0.069458 0.551949 
4.195305 4.883647 11.494569 1.733767 3.044322 0.364914 1.631604 4.395343 0.085342 4.297636 3.938595 1.139734 
4.275081 4.975270 11.192037 1.717266 2.901986 3.832266 4.493924 4.461860 0.132504 
4.268099 5.117547 11.101685 0.771731 2.868148 3.980161 4.498200 4.454943 0.376240 11.296982 2.015030 0.085300 
4.196261 4.884151 11.317052 1.270373 2.876963 0.190081 4.510657 4.454943 0.551680 0.385645 0.227454 0.272010 
4.247811 4.793349 11.385757 1.335270 2.966196 1.227924 4.542176 4.454943 4.072164 0.267173 1.253372 2.025703 0.323457 
4.237862 4.760567 11.448010 2.066336 3.812548 0.121341 4.529563 4.451550 3.891652 0.512901 1.116146 1.106759 0.854726 0.278865 
4.239309 4.879268 11.297019 1.100761 3.637356 0.447927 4.498506 4.451550 3.634476 
4.169607 4.823483 11.377356 1.643165 3.153616 0.529682 4.549014 4.444874 0.217548 3.190779 
4.169607 4.828950 11.342317 1.020617 1.061531 0.609255 4.549014 4.460589 0.163779 0.784447 0.389927 3.986046 3.851494 0.311593 
4.220214 4.799329 11.374953 1.515178 2.909270 0.504843 4.562066 4.460589 2.284687 2.953191 
4.020325 4.787503 11.418431 0.861896 3.081528 0.404595 4.584228 4.460843 0.436643 1.528000 
4.133676 4.795357 11.434658 1.731868 2.976382 0.577105 4.729134 4.460843 2.763923 
4.125250 4.867084 11.377474 2.802427 3.126866 0.697428 4.740837 4.389353 4.069369 3.022725 4.054761 
4.125250 4.895768 11.412763 2.453377 3.034048 0.426366 4.556893 4.479482 3.056189 2.251316 2.380415 0.766345 
4.125250 4.971778 11.361236 1.784473 2.836045 0.734066 4.618103 4.478993 4.009296 2.135634 2.460219 0.454155 
4.291160 4.939606 11.248065 0.978504 2.668521 0.159594 4.608902 4.498167 3.787856 2.449667 2.565447 2.182613 11.472897 
4.337005 4.973268 11.109121 0.930900 2.705536 0.314448 4.669036 4.487433 3.224041 2.288219 2.430345 2.442706 2.459063 2.078847 
4.211566 5.109099 11.052253 0.950481 2.757797 0.478883 4.610105 4.537889 4.261332 2.396160 2.469082 1.625042 11.436622 
4.119200 5.158453 11.063002 1.511026 2.504966 0.487560 4.610105 4.536958 4.506184 1.904988 1.926695 1.204195 0.272111 4.521735 
4.277407 5.041155 11.217144 1.633031 3.215437 0.559627 4.766598 4.564709 1.031983 4.438052 1.913402 1.741757 3.799926 
4.268961 5.029163 11.095977 1.766147 2.655193 0.151528 4.596319 4.562365 2.040662 3.005401 1.847615 2.895310 0.414681 1.079192 0.543193 11.415482 
4.199655 5.239525 10.952333 1.466836 2.172727 0.570877 4.624530 4.597598 1.852534 4.205406 1.943320 1.500696 11.308766 2.619146 3.066814 0.216790 1.208776 0.119167 
4.115621 5.107467 11.115774 1.540730 1.530134 0.532099 4.624530 4.597598 2.229881 3.954016 1.777946 2.178392 1.198575 2.998580 11.447135 2.436532 0.191984 0.524600 1.018115 
4.172861 5.280607 11.003418 1.372413 1.205435 0.397663 4.646204 4.597598 0.888289 4.075124 1.421257 2.810481 11.288530 0.163209 1.731988 0.939926 
4.215963 5.321220 10.945411 1.275992 1.079151 0.569435 4.646204 4.597598 0.387142 4.708010 1.419417 2.740196 11.334861 0.215860 0.281462 2.278825 
4.257570 5.043762 11.102465 1.185827 2.648090 0.631697 4.620151 4.591123 1.011816 4.581496 1.411477 1.155655 1.537056 0.454826 
4.218737 5.055757 11.264809 1.159501 2.945389 0.544550 4.659623 4.591123 2.494249 3.535898 1.352023 2.145827 0.624980 1.017649 0.807183 
4.050957 5.206797 11.061776 1.473061 3.034802 0.568382 4.635056 4.591123 1.376170 4.771876 1.251483 1.780737 0.492965 1.626210 0.318979 
4.176193 5.289501 10.969876 1.617440 2.830143 0.685797 4.635056 4.591123 1.662723 4.666681 1.315408 1.822950 0.575448 1.204490 0.607566 
4.124795 5.224268 10.981487 1.216750 2.997150 0.932068 4.608175 4.572578 0.282438 4.840300 1.903122 0.976274 1.393434 1.088910 11.347274 1.077971 0.551018 
4.119524 5.216029 10.952171 1.453546 3.236520 0.574655 4.608175 4.572578 1.590044 2.321143 11.417880 1.301181 1.263538 1.355052 0.712070 
4.156958 5.486849 10.822998 1.717877 2.973162 0.518165 4.604424 4.572578 0.858612 11.048475 2.157636 2.034978 1.063166 
4.008007 5.126578 11.121151 1.437645 3.620441 0.352931 4.610164 4.547803 1.321174 2.164373 0.878368 2.092541 0.461283 0.551414 
4.116127 4.905361 11.401027 1.762360 2.072879 1.309819 4.610164 4.541520 3.274545 1.260431 1.754263 0.794171 0.188635 
4.045304 5.160321 10.966343 0.895455 1.842588 1.336459 4.688612 4.581318 3.176878 3.273821 
3.886404 5.266131 10.989707 4.416052 1.528323 1.162403 4.651550 4.604602 3.304994 1.861352 1.473374 1.691547 
3.918831 4.937170 11.288947 3.602710 2.492364 0.956773 4.631072 4.597361 11.424226 2.801867 0.893857 0.247864 2.343277 1.241894 
4.026373 5.046809 11.212378 1.200531 1.447280 3.174991 4.690970 4.597361 11.296586 0.999918 1.607020 4.563766 1.759953 
4.026373 5.149988 11.120645 4.503494 1.288856 3.386597 4.690970 4.579190 1.472021 1.617262 
4.163759 5.041777 10.994763 4.137768 1.008749 3.113420 4.716606 4.544400 2.226484 2.329146 1.693855 11.440923 0.123560 
4.176933 5.196019 11.074555 4.160136 1.376466 2.644110 4.833669 4.628761 1.256588 0.608962 0.514320 1.585782 11.430565 0.535590 0.054383 1.015378 0.945317 
4.062399 5.063321 1.328601 4.731009 0.948653 2.766007 4.916835 4.549369 11.382466 11.112235 
4.135177 5.033601 1.865198 4.038073 1.042484 3.643792 4.886497 4.589768 11.403164 11.053540 3.503936 
4.122761 4.990769 1.909132 3.652345 0.979823 2.915743 4.801700 4.582506 11.463430 11.223800 3.599096 1.045319 
4.299088 5.069769 2.170143 3.695648 0.738054 3.093842 4.736922 4.550941 11.055813 0.107350 
4.298655 4.976206 2.747102 4.592059 0.325614 1.463479 4.751353 4.562753 11.173126 0.787146 1.687507 
4.255388 4.937277 1.918443 4.095340 2.541910 1.844019 4.876485 4.559122 11.350619 0.906267 1.477591 0.419283 0.162011 
4.328660 5.183013 1.860180 3.526663 2.777175 0.565817 4.671718 4.580862 11.172646 0.574411 0.773654 2.238097 0.020608 
4.350449 5.254988 0.628130 3.407486 2.584451 2.182071 4.781400 4.581884 10.829757 
4.414681 5.225845 0.205090 4.343624 2.649066 1.482457 4.802123 4.622261 11.033900 1.590571 1.534976 1.601811 
4.386166 5.458906 0.205408 3.219234 2.953593 2.434501 4.737506 4.622261 10.800148 0.698461 0.413100 11.029987 11.332975 1.970010 
4.366659 5.210325 3.761949 0.651852 2.738142 1.901635 4.777590 4.638366 11.033722 11.402215 
4.280928 5.339179 2.342044 0.785360 2.664654 1.605512 4.767386 4.649913 10.793637 0.618551 0.025544 
4.335760 5.008109 1.209098 0.771600 3.621956 3.928395 4.707677 4.648330 11.163313 3.054698 0.907962 
