0.000000 0.094569
0.000000 0.103943
0.000000 0.106967
0.000000 0.053762
0.000000 0.054306
0.000000 0.090792
0.000000 0.116133
0.000000 0.106919
0.000000 0.157754
0.000000 0.074455
0.000000 0.109123
0.000000 0.099663
0.000000 0.106415
0.000000 0.103161
0.000000 0.108897
0.000000 0.093851
0.000000 0.136490
0.000000 0.084726
0.000000 0.066666
0.000000 0.068850
0.000000 0.159178
0.000000 0.140240
0.000000 0.157675
0.000000 0.083332
0.000000 0.220589
0.000000 0.088122
0.000000 0.079495
0.000000 0.084526
0.000000 0.103829
0.000000 0.117684
0.000000 0.112743
0.000000 0.070802
0.000000 0.110706
0.000000 0.109884
0.000000 0.121409
0.000000 0.085720
0.000000 0.091817
0.000000 0.069840
0.000000 0.185682
0.000000 0.073632
0.000000 0.128215
0.000000 0.113195
0.000000 0.100650
0.000000 0.167910
0.000000 0.088655
0.000000 0.104673
0.000000 0.135779
0.000000 0.052339
0.000000 0.066615
0.000000 0.103073
0.000000 0.044580
0.000000 0.129375
0.000000 0.096091
0.000000 0.082678
0.000000 0.039676
0.000000 0.052438
0.000000 0.073093
0.000000 0.122927
0.000000 0.113157
0.000000 0.112925
0.000000 0.060255
0.000000 0.079792
0.000000 0.094796
0.000000 0.071275
0.000000 0.166088
0.000000 0.054339
0.000000 0.188107
0.000000 0.078531
0.000000 0.068951
0.000000 0.056089
0.000000 0.110949
0.000000 0.144926
0.000000 0.059057
0.000000 0.303764
0.000000 0.065264
0.000000 0.073952
0.000000 0.116133
0.000000 0.036427
0.000000 0.184975
0.000000 0.102676
0.000000 0.053866
0.000000 0.076155
0.000000 0.068430
0.000000 0.099748
0.000000 0.091988
0.000000 0.051333
0.000000 0.073943
0.000000 0.049766
0.000000 0.248326
0.000000 0.087768
0.000000 0.111427
0.000000 0.288140
0.000000 0.096598
0.000000 0.047112
0.000000 0.109457
0.000000 0.068617
0.000000 0.078718
0.000000 0.035752
0.000000 0.070531
0.000000 0.308584
