0.365334 0.397344 2.645285 3.006327 1.630670 
0.359765 0.403286 2.538960 3.993429 1.466145 5.627804 0.359443 0.846318 
0.365227 0.383638 2.651320 6.123539 1.349173 2.976842 0.065510 0.929047 
0.362834 0.408261 2.452802 4.023191 1.404925 4.174002 0.475332 0.593656 
0.366005 0.374282 2.677872 5.207964 1.732068 3.324718 0.184046 0.714139 
0.362401 0.400652 2.647375 0.702127 1.541273 2.901590 0.405506 3.912893 
0.359403 0.399250 2.762553 6.905633 1.794915 2.977813 0.659609 0.500487 
0.371837 0.413717 2.776031 3.927743 1.589949 3.065347 
0.372523 0.396296 2.664552 3.556550 1.648768 2.967121 0.571285 7.643703 
0.352144 0.386683 2.611048 2.625792 1.336713 4.367538 0.385773 0.887158 5.798531 
0.350356 0.408724 2.587595 3.017824 1.347429 4.718425 0.595192 
0.349384 0.406131 2.592198 4.808189 1.455929 5.872251 0.776065 0.160206 
0.360894 0.432424 2.495375 4.966792 1.388568 4.377139 
0.365627 0.396884 2.580968 4.509725 1.704436 3.702448 
0.347138 0.576923 2.545116 3.833165 1.629972 5.421379 0.367350 
0.344619 0.397647 2.551482 3.356043 1.269685 4.630635 6.156077 7.204518 
0.352078 0.394385 2.560132 4.282377 1.499164 4.569505 
0.349032 0.392184 2.607807 5.983004 1.309609 4.797774 
0.354657 0.399592 2.423719 4.490776 1.290812 5.521741 5.004691 3.378179 2.327238 
0.352820 0.406058 2.459362 4.307866 1.438940 3.816064 7.804944 
0.357408 0.406972 2.531085 3.971059 1.524608 5.063881 3.630013 1.604227 
0.364763 0.412724 2.626386 4.375969 1.361763 3.893936 0.408342 4.168683 
0.361551 0.391652 2.635408 3.119506 1.839265 4.846269 0.521534 4.119630 
0.350768 0.400995 2.590621 2.936831 1.382604 4.285779 0.270122 0.825778 6.277779 
0.349098 0.405871 2.629659 2.782362 1.689118 4.019372 0.536685 
0.358880 0.394158 2.544551 5.372741 1.202685 3.231874 0.835522 
0.354326 0.366304 2.665570 5.504492 1.340888 8.313707 0.623327 1.060907 1.038906 
0.342912 0.387401 2.644140 1.142799 1.572873 4.502395 0.593833 4.630695 
0.354303 0.403070 2.734263 5.921904 1.200815 1.358826 0.584197 5.344144 
0.362651 0.413178 2.650586 5.208058 1.574609 4.697405 0.650914 
0.358376 0.406745 2.571678 3.980188 1.327496 3.817342 3.561454 
0.353066 0.433979 2.687738 3.631965 1.693883 2.999877 
0.375829 0.412673 2.535676 6.206007 1.557463 3.070648 6.810043 2.281040 1.153096 
0.372743 0.412498 2.645299 4.438661 1.458683 3.167014 
0.353886 0.424974 2.724815 4.388069 1.344140 3.699799 
0.365993 0.393095 2.837508 4.512957 1.710001 3.390228 4.085322 0.367936 
0.358012 0.440254 2.510393 3.893815 1.774536 3.743810 5.571884 
0.371576 0.424752 2.526695 4.978002 2.075025 3.019679 
0.363710 0.402039 2.606393 0.644297 1.942049 4.444136 4.215860 2.884255 
0.361031 0.423560 2.761767 3.939734 1.993757 3.183078 6.006706 1.473024 0.614298 
0.360030 0.417851 2.673958 3.843479 1.361440 4.039839 
0.369930 0.401757 2.511055 4.535020 1.192577 3.879422 4.282388 
0.350726 0.385049 2.715194 2.468321 1.909751 3.354116 1.578619 
0.359729 0.409994 2.608649 4.112648 1.707287 3.284825 0.799029 
0.353710 0.400731 2.784764 3.926095 2.054333 3.712746 0.689656 0.832903 
0.385935 0.399103 2.701182 3.593805 1.655532 3.345303 0.311471 0.282669 3.723312 8.038352 
0.384700 0.399672 2.683225 4.065467 1.874651 2.048287 0.159121 0.259830 3.750513 1.853094 0.559820 15.168152 
0.383033 0.397813 2.714647 4.043118 2.324420 0.479381 0.948016 0.232541 3.970912 
0.385373 0.387191 2.497919 3.318359 2.121848 0.465418 1.346440 0.211946 3.292902 3.748082 2.923303 5.452787 
0.392333 0.397997 2.681541 4.066709 1.381418 5.247941 0.872046 0.249211 4.842628 0.292349 0.992406 5.875036 
0.371023 0.396622 2.627080 3.727922 1.576701 6.949041 1.130366 0.232630 0.510645 4.022270 0.131800 1.118390 0.737983 
0.379794 0.396689 2.510605 3.993538 1.334262 0.948962 0.991924 0.224226 0.359107 3.498966 7.810575 0.141393 6.009768 0.767221 
0.376501 0.395136 2.738768 4.319214 2.512197 3.466912 1.181410 0.237195 0.444101 
0.389676 0.385554 2.658259 5.046963 2.355479 2.269046 1.130651 0.225788 8.445672 0.420508 
0.385316 0.352381 2.596837 4.187582 0.458566 2.674261 1.283435 0.211407 4.671653 6.248988 0.071827 1.075489 2.047687 210.143821 
0.365896 0.387499 2.514051 4.933409 2.321237 3.319381 1.170456 0.209391 0.931303 1.240361 
0.399052 0.396880 2.767161 4.259860 2.415627 2.909944 1.063892 0.258831 3.325100 2.220507 
0.392353 0.382079 2.640275 7.702614 2.935858 3.258335 0.954511 0.223470 0.421756 
0.402421 0.407181 2.597378 6.580712 1.903467 3.488886 1.126228 0.250973 0.350450 0.536256 0.269900 
0.380908 0.387957 2.764652 5.323815 1.802767 8.234293 1.283703 0.223089 0.454362 0.817764 36.050001 2.974921 
0.390610 0.390770 2.678896 5.985513 1.848285 3.188058 0.827315 0.240128 0.371353 0.343334 12.377077 3.173294 
0.389473 0.384832 2.484519 1.387465 1.768284 10.113127 1.048560 0.226468 0.480046 0.826534 479.736372 4.086045 4.582295 
0.374004 0.374205 2.735844 1.096468 1.514143 15.600403 1.206965 0.246248 0.339745 0.199553 32.075743 4.646323 11.449355 11.566930 
0.386473 0.406206 2.702970 1.185317 1.809134 12.906608 1.123909 0.248020 0.551347 0.158197 81.838068 3.841542 6.071691 
0.376423 0.364812 2.691034 1.190110 2.734145 7.049869 1.144323 0.247492 0.467327 0.084113 37.532098 3.952228 1.537859 0.379842 
0.370097 0.387204 2.688254 0.652710 1.209614 17.557133 1.073828 0.216775 5.060266 0.347605 6.017144 0.461475 0.569275 
0.393640 0.359701 2.585313 0.678383 4.420843 0.318116 1.202963 0.208048 0.676207 0.431470 7.190522 1.678936 4.851417 8.579749 20.517047 5.680657 
0.371763 0.364185 2.435826 0.712473 5.062032 8.519800 1.191680 0.216314 0.075415 0.363727 25.126802 2.271277 4.698786 1.416800 1.280740 2.778906 1.143702 1.099888 
0.377838 0.376419 2.625255 0.601193 3.916057 25.175307 1.049808 0.247178 0.935189 0.470048 10.425805 1.037481 1.528393 1.561095 4.655352 5.405432 3.136852 6.320797 4.939538 
0.377637 0.362949 2.404967 0.653286 9.028325 10.487037 1.298354 0.204482 0.090321 0.539344 10.997315 1.451349 4.802859 7.106305 4.256420 3.039273 
0.372402 0.381209 2.441870 0.513431 5.228404 17.385417 1.019187 0.223344 0.276084 0.410603 5.076812 1.400377 4.446618 1.256969 3.328178 1.234964 
0.395571 0.378617 2.747641 0.656920 1.286121 13.813814 1.167613 0.209361 4.128937 0.328720 12.386133 1.725174 1.368109 1.965976 
0.363850 0.384230 2.665828 0.688092 2.283950 12.430392 1.197447 0.215822 1.389189 0.402272 5.865115 5.228433 0.421744 2.787466 3.183408 
0.391042 0.372916 2.604318 0.608099 2.025885 9.945063 1.259550 0.217872 3.557559 0.414687 12.424749 0.737810 0.564289 6.976949 0.054460 
0.370969 0.388997 2.676202 0.723200 1.758344 21.603920 1.004799 0.229134 4.933426 0.429036 5.137410 0.596809 10.356211 2.725730 1.467177 
0.374212 0.386085 2.568795 1.131170 2.248277 33.384325 1.045160 0.236408 29.241262 0.402254 0.243272 3.024290 5.900438 0.292659 4.571090 3.647672 1.949765 
0.393629 0.370462 2.658468 1.022063 2.002092 18.579189 0.663383 0.231391 3.273987 0.793684 4.937875 5.570414 2.987894 3.073845 0.863983 
0.388476 0.386033 2.692255 1.009156 2.044929 13.856146 0.680378 0.216587 3.272218 4.491412 0.764502 5.488539 6.095437 
0.398859 0.381573 2.683890 1.353482 1.965782 18.555837 0.842875 0.259135 2.750256 0.808966 3.304564 2.411997 0.190706 4.582642 
0.388850 0.390700 2.715929 1.101517 0.094015 0.865740 1.213875 0.223847 2.369920 4.379293 8.626704 29.680188 5.835956 
0.385864 0.385687 2.651847 7.217900 4.221168 2.068620 0.926489 0.251262 2.563428 0.642369 
0.375821 0.367651 2.640339 0.447408 4.603505 2.962390 1.220679 0.231703 2.571056 1.538601 3.405468 0.400848 
0.391893 0.382194 2.507484 0.433262 4.590652 4.073576 1.472578 0.236346 3.788234 1.749934 0.158056 19.968598 1.487294 5.923328 
0.398714 0.388451 2.583089 1.727828 4.124608 1.613644 1.100203 0.256969 3.683302 3.287809 1.472935 0.519400 3.427216 
0.391702 0.365432 2.639056 0.414913 2.823627 1.932542 0.901931 0.250678 4.240824 2.169084 
0.383752 0.355359 2.566503 0.404774 2.662329 1.795013 1.034251 0.234134 0.225771 4.978051 4.084522 4.133503 1.410970 
0.383806 0.392904 2.519556 0.514691 3.193978 2.802973 1.164706 0.230320 4.547491 10.503741 1.019976 0.526055 4.173317 1.175809 7.080032 2.595807 1.239580 
0.391445 0.387621 3.827461 0.553818 2.853793 2.394229 1.182481 0.256898 6.067639 2.478843 
0.388649 0.388891 3.308958 0.522728 3.663748 3.484832 1.159492 0.267594 4.947544 2.534570 0.276373 
0.391957 0.398006 4.816388 0.549608 3.755086 2.197025 0.933021 0.246529 5.532741 2.601458 0.492727 2.434999 
0.387998 0.372701 4.084443 0.345905 3.847726 2.309511 0.812934 0.263906 2.492948 0.309553 
0.375341 0.387589 1.639546 0.350121 5.148125 4.718426 0.914932 0.257151 2.661732 3.711827 2.487279 
0.368419 0.393850 5.594558 0.342830 2.054207 6.172921 0.906015 0.239986 2.664738 3.253034 0.356891 12.544248 0.392585 
0.396304 0.340352 0.338944 0.291060 1.507898 6.142595 1.164082 0.237781 2.664700 2.371550 3.647046 7.402231 4.943014 
0.389108 0.378000 2.958216 0.385659 2.200707 3.570439 1.041280 0.254526 2.641604 
0.394490 0.371194 4.037189 0.412207 2.206500 5.434352 1.376937 0.165646 2.591986 0.055017 14.425586 3.947436 
0.382599 0.388421 1.071939 0.322511 1.577104 3.841239 0.835871 0.222934 2.630856 5.532648 2.237758 0.491877 5.608746 4.949827 
0.378333 0.365591 0.347066 4.091176 1.717695 6.425217 1.137572 0.194791 2.718278 5.101938 
0.387287 0.384807 0.417981 2.975051 2.569877 4.825199 0.729576 0.243638 2.664898 10.570907 3.119676 
0.378470 0.394993 5.130054 3.534695 3.248601 0.254511 0.954064 0.225801 2.574520 0.817707 2.515004 
