4.554350 5.179375 2.335290 1.197783 0.482568 5.591159 6.035038 0.183166 2.586030 5.936747 
4.335528 5.179375 2.335290 0.635208 0.464381 5.591159 6.035038 0.183166 2.544749 4.930104 4.054552 
4.335528 5.179375 2.335290 0.635208 5.523299 5.138959 6.035038 0.183166 2.833224 4.434200 0.330137 1.432031 3.480542 
3.942322 5.179375 2.335290 0.635208 5.072037 5.205386 6.035038 0.183166 2.095518 4.563864 0.690182 3.825044 4.935090 
3.942322 5.179375 2.335290 0.635208 5.072037 4.586106 6.035038 0.183166 2.193286 5.028000 0.690182 1.519783 
4.362012 5.179375 2.335290 0.635208 4.585657 4.130963 6.035038 0.183166 2.071176 5.052850 0.690182 
4.362012 5.179375 2.534765 0.635208 4.727967 4.130963 6.035038 0.183166 1.430812 5.052850 0.284983 
4.362012 5.179375 2.534765 0.635208 4.512127 4.130963 6.035038 0.183166 2.286178 5.018089 0.284983 
4.362012 5.179375 2.534765 0.635208 4.512127 4.130963 6.035038 0.183166 2.286178 5.018089 0.284983 
4.362012 5.179375 2.534765 0.635208 4.582208 4.130963 6.035038 0.183166 2.297671 5.018089 0.284983 
4.362012 5.179375 2.534765 0.635208 6.010935 4.130963 6.035038 0.183166 1.763370 5.039443 0.284983 2.738509 4.467623 4.220388 1.675750 
4.362012 5.179375 1.675750 0.635208 4.042857 4.130963 6.035038 0.213251 1.763370 5.039443 0.284983 
4.362012 5.179375 1.675750 0.635208 4.546885 4.130963 6.035038 0.213251 1.721357 5.034865 0.284983 0.897615 1.423224 
4.362012 5.179375 2.559711 0.635208 4.559528 4.130963 6.035038 0.213251 2.015866 5.214474 0.284983 
4.362012 5.179375 2.559711 0.635208 4.680204 4.130963 6.035038 0.213251 2.047711 4.998951 0.442878 3.507563 2.670672 
4.362012 5.179375 2.559711 0.635208 4.335181 4.138745 6.035038 0.213251 4.051893 5.170590 0.442878 3.730800 3.069316 5.811668 
4.362012 5.086031 2.559711 0.635208 4.594192 4.991169 5.655427 0.213251 1.925384 5.066469 0.309128 
4.362012 5.086031 2.246975 0.635208 0.309128 3.862597 5.655427 0.213251 1.835274 5.066469 
4.362012 5.086031 2.228673 0.635208 0.622231 4.482762 5.655427 0.213251 2.195872 5.066469 1.240091 5.909172 5.981808 
4.362012 5.086031 2.228673 0.635208 0.571448 4.954045 5.655427 0.213251 3.452981 5.066469 1.360822 3.197996 
4.362012 5.086031 2.228673 0.635208 0.552112 4.758806 5.655427 0.213251 3.452981 5.066469 0.784455 3.382477 
4.362012 5.086031 2.228673 0.635208 0.726874 4.767858 5.655427 0.213251 2.955742 5.066469 3.555416 1.066668 
4.362012 5.086031 2.228673 0.635208 0.726874 4.811205 5.655427 0.213251 3.507318 5.338945 
4.362012 5.115989 5.338945 0.635208 0.726874 2.348287 5.655427 0.213251 3.525403 2.249876 2.757133 
4.287020 5.115989 5.338945 0.635208 0.303896 2.348287 5.655427 0.213251 2.385248 2.339548 4.680303 0.805446 5.808874 
4.287020 5.115989 5.338945 0.635208 0.303896 2.348287 5.655427 0.213251 2.385248 1.180679 
4.287020 5.115989 4.325493 0.635208 0.303896 2.348287 5.655427 0.213251 2.385248 1.406760 5.170133 1.174303 
4.287020 5.115989 4.325493 0.635208 0.303896 2.485393 5.655427 0.213251 2.895696 5.115375 5.170133 0.433432 
4.287020 5.115989 5.170133 0.635208 0.303896 2.485393 5.655427 0.213251 1.957398 3.951481 4.835097 
4.287020 5.115989 5.017156 0.635208 0.303896 2.485393 5.779255 0.213251 1.957398 4.163284 4.370026 
4.287020 5.066582 5.017156 0.635208 0.303896 2.471211 5.779255 0.213251 3.925090 2.669556 3.630712 
4.287020 5.066582 5.017156 0.635208 0.303896 2.471211 5.539677 0.213251 3.988213 0.918709 4.201424 2.935797 
4.287020 5.066582 5.017156 0.635208 0.303896 2.471211 5.539677 0.213251 3.988213 2.264494 4.201424 2.537806 
4.287020 5.066582 5.017156 0.635208 0.303896 2.471211 5.539677 0.213251 3.988213 3.619924 4.201424 3.009761 
4.287020 5.066582 5.017156 0.635208 0.453157 2.471211 5.539677 0.219727 3.988213 2.988632 4.201424 
4.287020 5.066582 4.738307 0.635208 0.613808 2.471211 6.064974 0.219727 3.988213 3.032492 4.201424 
4.287020 5.066582 4.542406 0.635208 0.468042 2.471211 6.064974 0.219727 0.674077 4.746145 1.672161 3.341440 
4.326998 5.066582 4.542406 0.635208 3.705039 2.471211 6.064974 0.219727 1.214080 1.336116 0.748641 
4.212137 5.066582 4.961142 0.635208 3.712028 2.471211 6.064974 0.219727 0.748641 4.498706 
4.212137 5.066582 4.752331 0.635208 3.659063 2.471211 6.064974 0.219727 0.334885 
4.212137 5.091613 5.134379 0.635208 3.673334 2.412832 5.766003 0.219727 0.334885 
4.212137 5.091613 5.471119 0.635208 3.723638 2.143038 5.766003 0.219727 0.519055 
4.212137 5.091613 5.471119 0.635208 3.723638 2.143038 5.766003 0.219727 0.519055 
4.212137 5.091613 5.471119 0.635208 2.043950 2.427806 5.766003 0.219727 0.559369 3.300087 
4.212137 5.091613 5.471119 0.635208 3.117040 2.427806 5.766003 0.219727 0.559369 
4.170850 5.091613 5.197369 0.635208 2.307933 2.427806 5.766003 0.219727 0.536168 5.927834 
4.170850 5.091613 5.197369 0.635208 1.659163 2.427806 5.766003 0.219727 0.394401 4.402396 2.102698 4.219293 4.364583 0.386142 
4.170850 5.097288 5.091032 1.200120 2.287909 2.427806 5.766003 0.219727 0.427321 4.640561 1.875816 1.061025 4.373197 5.661579 0.941592 
4.170850 5.097288 5.248444 1.200120 3.189069 2.629232 5.990802 0.219727 0.375521 4.420914 
4.170850 4.998457 4.667169 1.200120 1.680914 2.629232 5.590868 0.219727 0.099090 4.927439 1.128862 
4.170850 4.998457 4.939734 1.200120 2.179969 2.629232 5.566041 0.219727 0.526371 4.966026 1.128862 3.475245 1.704642 0.763031 6.092570 
4.170850 4.998457 3.941818 1.200120 1.958691 2.629232 5.566041 0.219727 0.327161 4.924921 1.535057 0.303684 4.309897 
3.958908 4.998457 4.249948 0.670215 2.330959 2.505659 6.062202 0.219727 0.327161 4.924921 0.303684 
3.958908 4.998457 0.303684 0.670215 3.218297 2.505659 6.062202 0.219727 0.242515 4.924921 1.275795 3.756880 
3.958908 4.998457 0.303684 0.670215 3.218297 2.505659 6.062202 0.219727 0.171058 5.212633 1.315543 3.756880 3.767148 1.228664 2.628812 3.788192 
3.958908 4.998457 0.303684 0.670215 3.218297 1.798549 6.062202 0.219727 0.393925 5.212633 3.561625 3.756880 0.919112 3.275598 
4.288316 4.998457 0.303684 0.670215 2.532041 2.146281 6.062202 5.275258 0.393925 1.245306 4.321349 
4.102923 4.998457 0.303684 0.670215 2.929401 2.146281 6.062202 5.275258 0.393925 5.296432 4.073373 2.036187 
4.102923 4.998457 0.303684 0.670215 1.910785 2.159878 6.062202 5.099729 0.538840 4.776994 2.083146 
4.102923 4.998457 0.303684 0.670215 1.844528 2.159878 6.062202 5.099729 0.449585 4.631613 2.058599 4.476562 3.320930 
4.102923 4.998457 0.303684 0.670215 2.229886 2.644194 6.062202 5.099729 0.449585 4.631613 
4.102923 4.998457 0.303684 0.670215 2.229886 2.644194 6.062202 5.081047 0.449585 4.192464 3.906230 1.787678 4.042210 4.840496 5.174064 
4.102923 4.998457 0.303684 0.670215 2.691148 2.424661 6.062202 5.131624 0.634024 4.174897 4.132310 1.890386 5.266362 5.188949 1.898574 
4.102923 4.920903 0.303684 0.670215 2.691148 2.424661 6.062202 5.131624 0.634024 4.374694 5.188949 5.266362 0.763753 5.101808 
4.102923 4.964156 0.303684 0.670215 2.031452 2.424661 5.482788 5.097149 0.262270 4.372570 5.238584 5.266362 0.451490 2.434636 
4.102923 4.964156 0.303684 0.670215 2.031452 2.424661 5.594932 5.097149 0.262270 4.304714 0.539454 0.519711 0.711460 5.485550 0.827974 
4.102923 4.964156 0.303684 0.670215 2.031452 2.424661 5.594932 5.097149 0.348634 5.529595 0.783864 
4.102923 4.964156 0.303684 0.803037 2.031452 2.424661 6.050394 5.097149 0.614899 1.790577 
4.102923 4.964156 0.303684 0.803037 1.749951 2.424661 6.050394 5.097149 0.337567 0.165905 0.180744 
4.102923 5.053461 0.352046 0.803037 2.317217 2.424661 6.024432 5.282310 0.337567 4.036505 0.749854 5.280229 
4.102923 5.053461 0.352046 0.803037 1.514620 2.424661 6.024432 4.798183 0.673666 4.133376 1.485509 
4.102923 5.053461 0.352046 0.803037 1.514620 2.424661 6.024432 5.073115 0.233027 4.133376 1.137993 4.224294 0.795444 
4.102923 5.053461 0.352046 0.803037 2.087878 2.168466 6.024432 5.073115 0.233027 4.133376 0.095374 4.135119 6.071166 0.847794 
4.102923 5.053461 0.352046 0.803037 2.169757 2.062754 6.024432 5.073115 0.233027 4.080942 2.881320 2.657186 
4.102923 5.053461 0.352046 0.796208 2.169757 2.062754 6.024432 5.128176 0.826642 4.080942 0.208956 3.275239 2.368249 
4.102923 5.053461 0.352046 0.796208 3.138531 2.140028 6.024432 5.418017 0.826642 4.080942 0.531853 5.208292 5.913704 
4.102923 5.053461 0.352046 0.796208 2.362423 2.346060 6.024432 5.073214 0.826642 5.672685 0.838529 4.521981 2.255715 
3.939514 4.950492 0.352046 0.796208 2.118068 2.346060 5.788301 5.122285 0.826642 5.672685 0.838529 5.889242 2.271344 5.993686 
3.939514 4.950492 0.352046 0.896015 2.261419 2.624305 5.788301 5.422125 0.826642 5.672685 0.838529 6.019100 2.271344 5.898779 
3.939514 4.950492 0.352046 0.896015 2.386025 2.624305 5.920820 5.041903 1.051506 6.080141 0.045529 6.019100 2.271344 4.170252 
3.939514 4.950492 0.352046 0.896015 2.590351 2.515152 5.920820 5.041903 0.920780 2.271344 0.177977 0.107496 5.204339 1.671139 
3.939514 4.950492 0.352046 0.896015 4.367530 2.515152 5.920820 5.041903 0.990656 2.271344 0.177977 5.226297 2.080365 2.193744 1.250840 
3.939514 5.122636 0.352046 0.896015 2.877513 2.515152 5.920820 5.224417 0.222377 2.035156 1.140881 5.216741 2.036131 
3.939514 5.122636 0.352046 0.896015 2.488113 2.515152 5.920820 5.148668 0.222377 2.660120 2.426831 5.227348 2.128405 2.457371 5.506720 
3.939514 5.122636 0.352046 0.896015 2.488113 2.515152 5.920820 4.974343 0.247409 2.639387 3.864152 5.992894 2.742115 3.126932 2.317692 
3.939514 5.036318 0.352046 0.896015 2.488113 2.515152 5.920820 4.974343 0.349445 2.639387 2.712816 5.620499 0.610738 
3.939514 5.036318 3.419971 0.896015 2.364641 2.515152 5.920820 4.974343 0.382279 1.946711 2.712816 6.021556 0.610738 
3.939514 5.036318 0.610738 0.896015 2.970800 2.515152 5.920820 4.974343 0.382279 0.818077 2.358087 5.783084 2.568998 5.419687 
4.148886 5.036318 0.610738 0.896015 2.097728 2.515152 5.920820 5.211442 0.382279 
4.148886 5.036318 0.610738 1.326081 1.384864 1.965590 5.920820 5.202746 0.820506 3.763778 0.585268 2.220805 
4.148886 5.036318 0.610738 1.326081 1.323984 1.965590 5.566724 4.843457 0.783775 3.933247 4.953235 
4.148886 5.036318 0.610738 1.113806 2.573250 1.965590 5.634671 4.843457 0.783775 
4.148886 5.036318 0.930170 1.113806 2.573250 1.965590 5.634671 4.843457 0.297191 1.028665 
4.192110 5.036318 0.930170 1.113806 2.573250 1.965590 4.791878 4.843457 1.114384 4.662084 6.044179 
4.192110 5.036318 0.930170 1.113806 1.675456 1.965590 5.815154 4.843457 1.033976 4.126480 4.898891 5.818915 
4.192110 5.036318 0.657786 1.113806 1.924044 1.965590 5.815154 4.843457 0.869310 4.442104 5.203765 5.564035 4.828521 4.802697 3.081996 
4.192110 5.036318 0.657786 1.113806 1.549076 1.965590 5.694426 4.843457 0.304330 4.828521 5.203765 5.605642 
4.192110 5.036318 0.657786 1.113806 2.275061 1.941476 5.694426 4.843457 0.192698 3.992911 4.910996 5.276516 0.250277 
4.192110 5.036318 0.238192 1.113806 2.857211 1.941476 5.694426 4.843457 0.923653 5.066228 3.840930 0.123718 0.179749 
4.192110 5.036318 0.238192 1.113806 2.250831 1.941476 5.694426 5.067044 0.544476 4.708701 5.165207 
