1.243462 1.090865 1.112287 1.065405 1.166507 1.175347 0.969625 0.886674 1.226747 1.240404 
1.243462 1.099060 1.106361 1.039685 1.195303 1.118238 0.962505 0.886674 1.241934 1.187243 1.135753 
1.243991 1.107692 1.110071 1.057783 1.216514 1.148601 0.953089 0.891847 1.228340 1.166052 1.171867 1.223609 1.144680 
1.240975 1.117521 1.110071 1.045709 1.225882 1.107778 0.964026 0.833063 1.228340 1.140809 1.187745 1.219848 1.137338 
1.240975 1.086485 1.110071 1.032442 1.225882 1.219848 0.964026 0.853032 1.210671 1.132715 1.175316 1.232472 
1.249386 1.086485 1.110071 1.054839 1.231512 1.219848 0.989083 0.835463 1.229071 1.154875 1.175316 
1.249386 1.107391 1.087425 1.047836 1.240851 1.219564 0.966561 0.846996 1.230370 1.157191 1.164500 
1.249386 1.119947 1.094026 1.047280 1.229763 1.225114 0.976977 0.876256 1.183115 1.157191 1.164500 
1.249386 1.095352 1.099761 1.032390 1.222890 1.228592 0.974648 0.832600 1.207185 1.154148 1.187849 
1.249386 1.095352 1.108504 1.030415 1.222890 1.230627 0.964898 0.847927 1.208927 1.153146 1.170512 
1.252136 1.093550 1.107806 1.019105 0.972127 1.234075 0.964898 0.877869 1.193556 1.144552 1.181169 1.252459 1.232079 1.130857 1.083040 
1.253242 1.101382 1.099891 1.043449 1.219099 1.234075 0.954507 0.878145 1.225258 1.128231 1.208280 
1.256077 1.135422 1.111205 1.086506 1.250018 1.241006 0.962327 0.904388 1.238896 1.145669 1.182198 1.228428 1.029845 
1.256077 1.126482 1.111205 1.053977 1.226092 1.241006 0.970717 0.889960 1.208255 1.144351 1.180362 
1.256077 1.124374 1.102232 1.046567 1.226092 1.241006 0.954805 0.877700 1.235933 1.182565 1.193633 1.159696 1.250975 
1.256077 1.097360 1.119662 1.056144 1.226092 1.241006 0.979402 0.894945 1.222603 1.134404 1.180745 1.193562 1.237619 0.933858 
1.256077 1.097360 1.117858 1.056144 1.226092 1.241006 0.989601 0.863737 1.251811 1.128553 1.209517 
1.258244 1.097360 1.106213 1.052035 1.229639 1.241893 0.987261 0.897968 1.251811 1.145661 
1.258244 1.109480 1.106213 1.095114 1.188070 1.237532 0.986652 0.889389 1.207211 1.148552 1.241729 1.176285 1.237807 
1.247687 1.109480 1.106213 1.054055 1.148365 1.248754 0.998283 0.888564 1.186519 1.140616 1.226985 1.234418 
1.247687 1.111126 1.095696 1.082424 1.188976 1.248754 0.971559 0.898244 1.143688 1.159874 1.242281 1.244266 
1.247687 1.120381 1.106343 1.082424 1.199144 1.212090 0.973541 0.870051 1.229413 1.160209 1.232762 1.220048 
1.243810 1.092902 1.091776 1.062410 1.191022 1.224838 0.959007 0.853302 1.212669 1.168262 
1.245866 1.106480 1.181229 1.073164 1.204929 1.100203 0.968639 0.874579 1.224749 1.227186 1.192373 
1.246032 1.122651 1.181229 1.049205 1.179799 1.101754 0.951313 0.897686 1.208047 1.056947 1.230065 1.230195 1.097814 
1.246032 1.117225 1.189399 1.062388 1.150472 1.101754 0.951107 0.892219 1.186696 1.226896 
1.246032 1.106552 1.224976 1.049490 1.156604 1.103959 0.954519 0.869917 1.205475 1.209636 1.214277 1.040457 
1.246032 1.103572 1.224976 1.057577 1.168458 1.088615 0.956875 0.867949 1.205475 1.186393 1.085540 0.812898 
1.232437 1.100472 1.154789 1.057577 1.194280 1.086048 0.956632 0.875137 1.178046 1.201268 1.235274 
1.232437 1.090208 1.166726 1.052348 1.171950 1.102032 0.956632 0.878340 1.214117 1.222371 1.221395 
1.232437 1.078314 1.131223 1.028504 1.152822 1.094336 0.940520 0.880892 1.208219 1.202778 1.221395 
1.232437 1.084402 1.152160 1.028504 1.141807 1.094336 0.977223 0.888202 1.215176 1.202778 1.212462 1.234655 
1.227112 1.077634 1.140718 1.050774 1.158643 1.094336 0.971736 0.893831 1.215176 1.202778 1.210647 1.193977 
1.232966 1.077634 1.114119 1.032790 1.178593 1.095250 0.958189 0.873594 1.247850 1.206654 1.210647 1.194958 
1.232966 1.078238 1.129853 1.025570 1.184594 1.064170 0.948423 0.856516 1.223867 1.196442 1.203950 
1.230430 1.078238 1.169620 1.024161 1.147783 1.089852 0.948423 0.884226 1.206323 1.176713 1.212071 
1.230430 1.093891 1.151930 1.042122 1.151407 1.089483 0.951917 0.853609 1.185613 1.217097 1.212023 1.207608 
1.221789 1.097747 1.156096 1.034157 1.195818 1.080986 0.951917 0.871443 1.173665 1.190954 1.165942 
1.224518 1.097747 1.162244 1.039766 1.215122 1.081234 0.951504 0.871119 1.188219 1.206934 
1.224148 1.065699 1.156551 1.027019 1.207785 1.081234 0.943920 0.891428 1.182151 
1.226342 1.057458 1.116904 1.057923 1.200670 1.089092 0.952312 0.870192 1.169059 
1.226342 1.116114 1.125296 1.051634 1.224791 1.089092 0.959436 0.870192 1.172980 
1.226342 1.075540 1.139606 1.043492 1.210956 1.091580 0.946329 0.855557 1.172027 
1.226342 1.083761 1.189750 1.037012 1.202993 1.080472 0.965366 0.868699 1.176441 1.215516 
1.228449 1.100371 1.174608 1.025330 1.212309 1.087398 0.956459 0.862276 1.176441 
1.228449 1.086473 1.130694 1.046296 1.214871 1.085348 0.957477 0.862414 1.174975 1.192547 
1.228449 1.086473 1.161604 1.046296 1.227026 1.087155 0.976098 0.862414 1.180402 1.198913 1.101335 1.170729 1.241793 1.180242 
1.229929 1.080966 1.135266 1.053676 1.250568 1.087155 0.959778 0.873989 1.163211 1.183330 1.097042 1.189293 1.220656 1.165188 1.209532 
1.229929 1.080966 1.107235 1.081778 1.225178 1.098340 0.987134 0.888317 1.174496 1.184916 
1.229929 1.070436 1.220761 1.062163 1.205639 1.098841 0.954174 0.882933 1.192709 1.183740 1.005368 
1.229929 1.092254 1.220761 1.062163 1.257779 1.100441 0.953950 0.873409 1.192709 1.131378 0.887494 1.197680 1.132611 1.178583 1.220241 
1.232512 1.076478 1.216528 1.053458 1.218785 1.100441 0.943259 0.838899 1.183935 1.150318 1.160459 0.926372 1.208825 
1.232512 1.107169 1.216528 1.050608 1.213998 1.088312 0.955520 0.848702 1.157214 1.166614 0.963081 
1.230656 1.089087 0.973504 1.035707 1.246101 1.093475 0.959040 0.885902 1.181346 1.166845 1.208397 1.238784 
1.233536 1.089087 0.948309 1.062881 1.210946 1.104702 0.949780 0.837786 1.162342 1.163912 1.222061 1.225008 1.199544 1.045970 1.062643 1.198998 
1.231923 1.081605 0.933700 1.061886 1.214041 1.093320 0.977837 0.866877 1.177471 1.148650 1.199544 1.238799 1.189763 1.168521 
1.231923 1.088450 0.893834 1.061886 1.213767 1.093320 0.969542 1.180351 1.169596 1.122394 1.223420 
1.231923 1.080589 0.910588 1.037843 1.184517 1.083891 0.959665 1.165066 1.160801 1.217321 1.226687 1.209701 
1.227682 1.098688 0.867784 1.059971 1.231828 1.101705 0.941623 1.134330 1.160398 1.196144 1.216883 
1.227682 1.098688 0.871343 1.076453 1.257760 1.094382 0.961342 1.134330 1.169359 1.233725 1.212667 1.166951 1.231417 
1.227682 1.078314 0.890251 1.038352 1.220343 1.099480 0.954203 1.151219 1.177303 1.220358 
1.227682 1.104475 0.883480 1.064033 1.228116 1.107661 0.977909 1.130846 1.133503 1.233172 1.163699 1.214914 0.996805 1.191542 1.239025 
1.227682 1.073130 0.884696 1.052778 1.217380 1.089100 0.960606 1.130846 1.149776 1.181516 1.116767 1.214914 1.085045 1.153556 1.088586 
1.227682 1.095913 0.888668 1.052778 1.217380 1.092688 0.957345 1.137196 1.139856 1.214921 1.167883 0.890507 1.243494 1.124482 
1.227682 1.095913 0.859588 1.051560 1.209659 1.082516 0.957345 1.150514 1.126982 1.239766 1.167051 0.946219 1.190752 1.220159 
1.227682 1.087794 0.921912 1.051560 1.248605 1.107082 0.988213 1.167149 1.112105 1.231572 0.962899 1.225864 1.165367 1.188302 1.206197 
1.241501 1.087847 0.863887 1.055672 1.239328 1.105777 0.983658 1.209225 1.151279 1.246946 1.224472 
1.241121 1.087847 0.890988 1.055672 1.239328 1.112948 0.972445 1.207825 1.136105 1.202390 
1.232900 1.090756 0.886481 1.068522 1.239328 1.112948 0.953157 1.207825 1.152673 1.199748 0.935047 
1.236309 1.091139 0.894398 1.051797 1.239328 1.101193 0.972892 1.164329 1.140254 1.193654 1.224931 1.016983 
1.232962 1.084545 0.881122 1.028169 1.232745 1.086406 0.951498 1.129448 1.140254 1.202092 1.221657 
1.236862 1.090085 0.886661 1.063836 1.234524 1.097692 0.936573 1.133697 1.110015 1.223510 1.186191 1.220635 1.159060 
1.251683 1.106946 0.891123 1.071709 1.234524 1.091774 0.964754 1.183646 1.137156 1.230147 1.196763 1.220635 1.184022 1.147609 
1.251683 1.084899 0.869417 1.102795 1.220943 1.093040 0.957364 1.171225 1.138926 1.220635 1.191695 1.220477 
1.248952 1.089723 0.848082 1.044682 1.215321 1.084955 0.977951 1.166486 1.143817 1.220635 1.238365 1.211394 1.200803 
1.254540 1.100348 0.848082 1.044682 1.220707 1.106565 0.978029 1.166486 1.148116 1.220635 1.221792 1.207652 0.969334 
1.254540 1.100348 0.863250 1.050769 1.250186 1.117704 0.978029 1.159510 1.153170 1.183941 1.214505 1.144442 1.235588 
1.248465 1.095372 0.846958 1.034843 1.244292 1.117704 0.992841 1.211678 1.156126 1.227279 1.241420 0.947783 1.094256 0.932502 
1.252267 1.108405 0.850275 1.054362 1.204846 1.117704 0.980507 1.172885 1.175199 1.205936 1.241420 0.955109 1.075136 1.251677 
1.238402 1.108405 0.884496 1.041029 1.236718 1.106254 0.970353 1.206610 1.108484 1.207761 1.241420 0.933029 1.078993 1.236001 
1.238402 1.092181 0.888233 1.033788 1.225676 1.132444 0.970353 1.189125 1.127379 1.057408 1.201615 1.213029 1.219720 1.249824 
1.238402 1.095505 0.881383 1.050964 1.207840 1.132444 0.977116 1.160187 1.172334 1.057132 1.201615 1.239567 1.205912 1.225164 1.181013 
1.238402 1.085362 0.878346 1.042309 1.183888 1.116467 0.951025 1.157025 1.152800 1.058353 1.235256 1.242468 1.244825 
1.238402 1.085362 0.870241 1.042226 1.222339 1.108104 0.938375 1.153102 1.171669 1.012613 1.167712 1.238085 1.213371 1.213429 1.150318 
1.238402 1.101799 0.870241 1.042226 1.241367 1.106228 0.965435 1.153102 1.186642 1.035067 1.209936 1.248846 1.250877 1.070919 1.218003 
1.238402 1.081946 0.900130 1.042226 1.224965 1.105730 0.969354 1.139513 1.186102 0.803004 1.032807 1.201380 1.013393 
1.235142 1.081946 1.223361 1.066295 1.218827 1.123140 0.958165 1.141987 1.186102 1.138383 1.018417 1.212349 0.888610 
1.235142 1.081946 0.864641 1.055535 1.170808 1.097223 0.968586 1.138822 1.178321 1.183396 1.032211 1.235048 1.222432 1.091389 
1.235142 1.082692 0.914100 1.044557 1.192861 1.112850 0.942079 1.175902 1.173523 
1.237101 1.082486 0.887043 1.068260 1.234517 1.094778 0.949738 1.175902 1.160831 1.220051 1.163092 1.220975 
1.231912 1.073238 0.910624 1.038556 1.247257 1.076873 0.949738 1.142235 1.178535 1.196807 1.121208 
1.231912 1.120271 0.900100 1.036923 1.234436 1.121228 0.966465 1.185431 1.192685 
1.252295 1.104768 0.866020 1.056342 1.219711 1.084689 0.942541 1.186839 1.188250 0.896904 
1.250925 1.104768 0.900546 1.056342 1.219711 1.114632 1.217837 1.173467 1.179796 1.240527 0.964087 
1.251050 1.103455 0.898952 1.056342 1.245389 1.114632 0.964087 1.168366 1.212953 1.240527 1.202974 1.153833 
1.243855 1.105934 0.871394 1.073965 1.245389 1.112748 0.954558 1.166815 1.173206 1.233225 1.191901 1.076748 1.257980 1.151755 1.204994 
1.243855 1.101388 0.885089 1.036387 1.245389 1.115309 0.988518 1.141727 1.185755 1.233176 1.181811 0.867102 
1.243855 1.100284 0.873841 1.057518 1.222401 1.115309 0.967366 1.184936 1.176007 1.188961 1.240236 1.189526 1.188993 
1.254300 1.105644 0.905841 1.059264 1.232299 1.115309 0.979268 1.170624 1.180959 1.176659 1.240236 1.251241 1.194804 
1.254300 1.105310 0.916791 1.062566 1.210373 1.117873 0.995884 1.159048 1.176614 1.253735 1.116669 
