   0.109071 1484.610049
   0.109295 1481.204226
   0.108987 1467.707379
   0.109591 1488.842103
   0.109911 1481.416977
   0.109734 1488.407051
   0.109901 1477.629346
   0.110384 1486.951889
   0.110004 1484.905856
   0.109753 1498.085948
   0.109648 1487.835858
   0.109365 1471.039778
   0.108577 1487.487997
   0.108534 1496.900339
   0.108430 1487.103868
   0.108598 1499.319874
   0.108565 1482.660683
   0.108245 1490.804724
   0.107804 1492.684112
   0.108699 1472.962601
   0.108667 1497.853367
   0.108855 1489.225681
   0.110011 1468.374519
   0.108547 1500.347156
   0.109117 1497.120182
   0.108944 1483.772260
   0.109557 1488.459849
   0.110004 1496.814162
   0.110717 1494.851451
   0.110091 1487.835165
   0.110605 1480.831395
   0.110335 1498.185289
   0.111003 1487.480952
   0.110705 1500.917345
   0.111778 1479.970785
   0.111316 1489.260604
   0.110786 1494.653725
   0.111137 1489.905380
   0.110940 1498.411917
   0.110917 1493.452953
   0.110737 1495.081698
   0.110019 1505.256027
   0.110553 1492.078260
   0.110576 1493.774436
   0.110766 1501.776936
   0.110379 1488.434681
   0.110085 1478.546621
   0.111218 1504.579010
   0.110334 1497.786674
   0.110287 1491.744878
   0.109850 1489.056925
   0.110716 1483.480166
   0.110162 1511.202843
   0.109888 1489.502015
   0.109810 1491.225996
   0.110205 1492.477039
   0.110709 1501.921794
   0.110786 1505.526518
   0.110417 1499.279230
   0.110592 1502.452419
   0.110232 1502.606746
   0.110262 1487.836624
   0.110722 1491.540047
   0.110382 1487.290025
   0.110453 1473.236517
   0.110251 1502.421642
   0.109494 1503.826985
   0.109099 1488.933686
   0.109412 1494.553270
   0.109466 1493.921216
   0.110513 1497.328903
   0.110317 1492.168846
   0.109844 1490.432641
   0.109676 1492.857880
   0.110039 1498.963059
   0.109336 1492.476436
   0.108752 1490.697147
   0.108667 1496.627247
   0.108413 1503.539803
   0.109662 1498.462972
   0.109448 1493.734434
   0.109173 1491.903759
   0.109175 1479.508008
   0.109671 1512.475439
   0.109918 1493.669574
   0.109317 1494.307896
   0.109718 1475.617999
   0.110289 1465.788553
   0.110391 1485.026592
   0.110109 1501.715492
   0.110419 1510.043581
   0.109445 1506.654645
   0.108785 1501.431195
   0.109080 1498.485729
   0.108500 1496.311288
   0.108908 1483.660917
   0.108813 1495.588909
   0.109103 1497.150083
   0.108212 1493.336508
   0.108036 1485.063328
