8.949617 6.188213 4.771762 4.091732 3.055817 5.475769 5.619533 3.827368 3.655754 9.728872 
9.083684 6.188213 4.771762 3.936076 3.639964 5.475769 5.619533 3.827368 3.720626 4.013722 5.414701 
9.083684 6.188213 4.771762 3.936076 0.951724 5.502146 5.619533 3.827368 3.021652 3.956581 3.194671 0.891340 4.787329 
9.129781 6.188213 4.771762 3.936076 1.734310 5.698420 5.619533 3.827368 3.211713 4.252521 3.028023 10.921166 5.208523 
9.129781 6.188213 4.771762 3.936076 1.734310 11.402145 5.619533 3.827368 3.511207 4.754729 3.028023 0.595323 
9.066039 6.188213 4.771762 3.936076 2.352655 11.400862 5.619533 3.827368 3.325901 4.669974 3.028023 
9.066039 6.188213 5.115735 3.936076 2.010239 11.400862 5.619533 3.827368 3.584159 4.669974 3.540662 
9.066039 6.188213 5.115735 3.936076 2.496992 11.400862 5.619533 3.827368 3.433977 4.561583 3.540662 
9.066039 6.188213 5.115735 3.936076 2.496992 11.400862 5.619533 3.827368 3.433977 4.561583 3.540662 
9.066039 6.188213 5.115735 3.936076 2.024400 11.400862 5.619533 3.827368 2.609106 4.561583 3.540662 
9.066039 6.188213 5.115735 3.936076 0.278517 11.400862 5.619533 3.827368 3.155176 5.279183 3.540662 0.921078 1.486741 4.819149 4.278195 
9.066039 6.188213 4.278195 3.936076 1.563490 11.400862 5.619533 3.868913 3.155176 5.279183 3.540662 
9.066039 6.188213 4.278195 3.936076 1.418470 11.400862 5.619533 3.868913 3.502926 5.226589 3.540662 2.033980 3.995009 
9.066039 6.188213 4.966291 3.936076 1.326901 11.400862 5.619533 3.868913 3.059432 5.280306 3.540662 
9.066039 6.188213 4.966291 3.936076 1.492236 11.400862 5.619533 3.868913 3.880696 4.970606 3.026383 5.237014 1.144770 
9.066039 6.188213 4.966291 3.936076 1.855947 10.543130 5.619533 3.868913 1.525909 5.071244 3.026383 4.206490 0.805360 5.545422 
9.066039 6.071331 4.966291 3.936076 1.110946 10.920451 5.672481 3.868913 2.896415 5.301812 3.480765 
9.066039 6.071331 4.569479 3.936076 3.480765 1.867965 5.672481 3.868913 3.862832 5.301812 
9.066039 6.071331 4.551325 3.936076 3.317779 1.566413 5.672481 3.868913 3.558180 5.301812 3.216763 0.005267 1.149167 
9.066039 6.071331 4.551325 3.936076 3.415762 0.698558 5.672481 3.868913 3.858029 5.301812 1.162444 3.569573 
9.066039 6.071331 4.551325 3.936076 3.519271 1.376103 5.672481 3.868913 3.858029 5.301812 3.229143 3.517961 
9.066039 6.071331 4.551325 3.936076 3.275614 0.439850 5.672481 3.868913 2.006250 5.301812 3.446184 1.010093 
9.066039 6.071331 4.551325 3.936076 3.275614 11.264471 5.672481 3.868913 3.717535 5.498895 
9.066039 5.986428 5.498895 3.936076 3.275614 4.824117 5.672481 3.868913 3.913195 1.125661 2.853119 
9.169183 5.986428 5.498895 3.936076 3.600491 4.824117 5.672481 3.868913 3.707232 4.704184 1.158867 1.880133 0.394038 
9.169183 5.986428 5.498895 3.936076 3.600491 4.824117 5.672481 3.868913 3.707232 2.172011 
9.169183 5.986428 10.964629 3.936076 3.600491 4.824117 5.672481 3.868913 3.707232 0.858702 5.280698 0.261268 
9.169183 5.986428 10.964629 3.936076 3.600491 4.915714 5.672481 3.868913 3.702070 4.072952 5.280698 3.838654 
9.169183 5.986428 5.280698 3.936076 3.600491 4.915714 5.672481 3.868913 3.142043 1.493489 1.413167 
9.169183 5.986428 5.234795 3.936076 3.600491 4.915714 5.720453 3.868913 3.142043 1.862564 9.660445 
9.169183 6.000234 5.234795 3.936076 3.600491 4.886384 5.720453 3.868913 2.912996 3.446892 11.252431 
9.169183 6.000234 5.234795 3.936076 3.600491 4.886384 5.730253 3.868913 4.371718 2.944328 10.909015 2.778426 
9.169183 6.000234 5.234795 3.936076 3.600491 4.886384 5.730253 3.868913 4.371718 0.349467 10.909015 3.330501 
9.169183 6.000234 5.234795 3.936076 3.600491 4.886384 5.730253 3.868913 4.371718 3.928270 10.909015 2.528445 
9.169183 6.000234 5.234795 3.936076 3.278948 4.886384 5.730253 3.863712 4.371718 3.556026 10.909015 
9.169183 6.000234 5.062672 3.936076 3.352152 4.886384 5.669148 3.863712 4.371718 3.669050 10.909015 
9.169183 6.000234 4.757835 3.936076 3.200064 4.886384 5.669148 3.863712 2.977636 1.749621 0.865976 3.106086 
9.038398 6.000234 4.757835 3.936076 3.466732 4.886384 5.669148 3.863712 2.305728 2.232046 3.104276 
9.131668 6.000234 5.232727 3.936076 3.392636 4.886384 5.669148 3.863712 3.104276 0.094737 
9.131668 6.000234 5.002079 3.936076 3.223417 4.886384 5.669148 3.863712 3.647552 
9.131668 5.925883 5.282948 3.936076 2.821588 5.041823 5.657696 3.863712 3.647552 
9.131668 5.925883 5.555959 3.936076 3.871991 4.755056 5.657696 3.863712 3.163928 
9.131668 5.925883 5.555959 3.936076 3.871991 4.755056 5.657696 3.863712 3.163928 
9.131668 5.925883 5.555959 3.936076 2.461143 4.917723 5.657696 3.863712 3.202623 4.050446 
9.131668 5.925883 5.555959 3.936076 3.608047 4.917723 5.657696 3.863712 3.202623 
9.210707 5.925883 5.305917 3.936076 3.679077 4.917723 5.657696 3.863712 3.418029 3.046518 
9.210707 5.925883 5.305917 3.936076 3.275231 4.917723 5.657696 3.863712 3.052614 1.848595 4.717215 3.939257 2.189930 1.045375 
9.210707 5.977306 5.507514 4.124513 2.722820 4.917723 5.657696 3.863712 3.223056 4.371935 4.442842 3.622179 2.546900 0.191808 0.646339 
9.210707 5.977306 4.792528 4.124513 3.530739 5.117130 5.456865 3.863712 3.380685 3.468725 
9.210707 5.957651 2.066417 4.124513 3.896129 5.117130 5.504357 3.863712 3.283996 4.802470 3.855272 
9.210707 5.957651 1.792986 4.124513 3.441626 5.117130 5.551628 3.863712 3.176179 4.673519 3.855272 2.875711 3.558279 0.344511 0.197274 
9.210707 5.957651 3.142081 4.124513 3.398630 5.117130 5.551628 3.863712 3.667114 4.887161 3.762106 3.881624 11.260084 
9.193912 5.957651 2.492357 3.956959 3.539357 4.882602 5.406094 3.863712 3.667114 4.887161 3.881624 
9.193912 5.957651 3.881624 3.956959 3.150244 4.882602 5.406094 3.863712 3.447635 4.887161 0.157248 2.678621 
9.193912 5.957651 3.881624 3.956959 3.150244 4.882602 5.406094 3.863712 3.464867 5.032480 0.893950 2.678621 0.020039 0.547268 4.726726 4.033377 
9.193912 5.957651 3.881624 3.956959 3.150244 4.396895 5.406094 3.863712 3.440981 5.032480 2.163779 2.678621 0.829074 0.628655 
9.209264 5.957651 3.881624 3.956959 3.105896 4.585834 5.406094 4.686192 3.440981 3.389400 2.448335 
9.126902 5.957651 3.881624 3.956959 2.776472 4.585834 5.406094 4.686192 3.440981 2.087591 11.086252 2.868562 
9.126902 5.957651 3.881624 3.956959 3.190905 4.965796 5.406094 4.472282 3.035896 1.893732 1.938454 
9.126902 5.957651 3.881624 3.956959 4.107708 4.965796 5.406094 4.472282 3.801785 2.190649 2.318506 1.132885 0.404501 
9.126902 5.957651 3.881624 3.956959 2.784533 5.008951 5.406094 4.472282 3.801785 2.190649 
9.126902 5.957651 3.881624 3.956959 2.784533 5.008951 5.406094 4.693515 3.801785 2.830251 3.854551 1.470447 3.415857 0.087107 11.323000 
9.126902 5.957651 3.881624 3.956959 2.689829 5.047371 5.406094 4.926521 3.603989 2.651623 4.515197 1.322090 0.132652 0.160120 0.936113 
9.126902 5.938873 3.881624 3.956959 2.689829 5.047371 5.406094 4.926521 3.603989 2.083385 0.160120 0.132652 0.847203 5.534784 
9.126902 5.854947 3.881624 3.956959 3.711352 5.047371 5.406860 4.983137 3.511329 1.891902 0.276020 0.132652 2.196415 11.287175 
9.126902 5.854947 3.881624 3.956959 3.711352 5.047371 5.547494 4.983137 3.511329 1.721096 2.683261 1.522397 2.658038 0.450646 1.658367 
9.126902 5.854947 3.881624 3.956959 3.711352 5.047371 5.547494 4.983137 3.200295 1.100587 1.395262 
9.126902 5.854947 3.881624 3.996192 3.711352 5.047371 5.296814 4.983137 3.558111 1.341989 
9.126902 5.854947 3.881624 3.996192 3.846660 5.047371 5.296814 4.983137 3.496048 3.218770 3.841935 
9.126902 5.871059 3.883819 3.996192 3.462648 5.047371 5.498258 5.493056 3.496048 3.446424 1.430078 5.564347 
9.126902 5.871059 3.883819 3.996192 3.593818 5.047371 5.498258 4.819459 3.220004 1.980523 0.803140 
9.126902 5.871059 3.883819 3.996192 3.593818 5.047371 5.498258 5.090710 3.513693 1.980523 2.423713 10.428857 0.286353 
9.126902 5.871059 3.883819 3.996192 3.525830 4.968980 5.498258 5.090710 3.513693 1.980523 1.117664 10.428064 0.450384 3.857265 
9.126902 5.871059 3.883819 3.996192 3.565065 4.776818 5.498258 5.090710 3.513693 10.867470 0.422615 1.785671 
9.126902 5.871059 3.883819 4.141143 3.565065 4.776818 5.498258 5.224660 3.553382 10.867470 2.666397 1.362867 1.352827 
9.126902 5.871059 3.883819 4.141143 3.280790 4.968941 5.498258 5.323544 3.553382 10.867470 2.768008 3.338474 4.905962 
9.126902 5.871059 3.883819 4.141143 3.246969 4.905953 5.498258 5.105006 3.553382 3.617771 3.082305 4.531324 0.802030 
9.160975 5.941823 3.883819 4.141143 4.207750 4.905953 5.515068 5.107153 3.553382 3.617771 3.082305 3.940794 4.751108 4.865466 
9.160975 5.941823 3.883819 4.084274 3.391013 5.262364 5.515068 4.576106 3.553382 3.617771 3.082305 4.770070 4.751108 1.935178 
9.160975 5.941823 3.883819 4.084274 3.235917 5.262364 5.521421 4.537451 3.621912 2.430329 2.766707 4.770070 4.751108 9.887554 
9.160975 5.941823 3.883819 4.084274 3.583698 5.086322 5.521421 4.537451 3.662715 4.751108 2.773886 0.152715 1.593867 1.726416 
9.160975 5.941823 3.883819 4.084274 0.617799 5.086322 5.521421 4.537451 3.717541 4.751108 2.773886 2.041875 3.905406 2.000266 3.995272 
9.160975 6.032899 3.883819 4.084274 3.179082 5.086322 5.521421 4.384368 3.384102 4.244042 2.840516 2.249339 0.439892 
9.160975 6.032899 3.883819 4.084274 3.629252 5.086322 5.521421 4.664103 3.384102 4.945979 0.464657 1.667507 1.215812 3.021060 0.814193 
9.160975 6.032899 3.883819 4.084274 3.629252 5.086322 5.521421 4.680230 3.562890 4.945459 0.549593 1.659977 0.552858 0.319527 11.396768 
9.160975 5.963384 3.883819 4.084274 3.629252 5.086322 5.521421 4.680230 3.419371 4.945459 4.836998 1.596340 3.989005 
9.160975 5.963384 3.511666 4.084274 2.442307 5.086322 5.521421 4.680230 3.604906 4.220602 4.836998 2.361636 3.989005 
9.160975 5.963384 3.989005 4.084274 3.387905 5.086322 5.521421 4.680230 3.604906 1.995704 4.654494 0.755048 2.046460 5.744274 
9.078806 5.963384 3.989005 4.084274 2.525809 5.086322 5.521421 4.936280 3.604906 
9.078806 5.963384 3.989005 4.614622 3.347493 4.960764 5.521421 4.790960 3.601124 3.093557 1.804877 0.592093 
9.078806 5.963384 3.989005 4.614622 4.011717 4.960764 5.550248 4.882833 3.634089 2.254793 4.918556 
9.078806 5.963384 3.989005 4.384228 2.522199 4.960764 5.521218 4.882833 3.634089 
9.078806 5.963384 4.130108 4.384228 2.522199 4.960764 5.521218 4.882833 3.475711 3.712617 
9.131737 5.963384 4.130108 4.384228 2.522199 4.960764 2.269040 4.882833 2.821393 11.329164 5.582195 
9.131737 5.963384 4.130108 4.384228 2.858257 4.960764 5.433252 4.882833 3.236157 11.302968 1.478681 0.680625 
9.131737 5.963384 4.070445 4.384228 2.966883 4.960764 5.433252 4.882833 3.536766 11.304121 1.206990 0.100744 1.842194 0.617324 2.501781 
9.131737 5.963384 4.070445 4.384228 2.982098 4.960764 5.669497 4.882833 3.181232 1.842194 1.206990 0.940372 
9.131737 5.963384 4.070445 4.384228 2.682003 4.937772 5.669497 4.882833 3.361789 3.667286 1.679292 0.938789 2.157797 
9.131737 5.963384 4.142250 4.384228 2.567855 4.937772 5.669497 4.882833 3.876489 3.626021 1.803620 2.228584 0.277470 
9.131737 5.963384 4.142250 4.384228 2.968414 4.937772 5.669497 5.102662 2.980449 1.476966 5.419178 
