    51.645319 187459.810725
    55.891075 187467.375739
    59.120579 187472.616307
    57.174361 187473.801694
    53.754574 187480.302325
    55.226832 187478.150300
    55.262832 187471.877321
    55.686230 187464.443689
    57.622428 187478.209676
    54.963840 187482.469099
    66.853012 187470.378261
    54.519418 187477.675621
    58.966114 187475.251407
    54.920943 187478.781677
    60.357557 187484.733405
    64.000719 187477.808124
    55.685105 187474.709082
    47.044145 187469.920736
    57.516955 187480.197582
    55.654026 187472.979895
    57.932685 187481.499419
    58.489726 187478.880595
    52.370850 187481.168493
    53.576480 187478.601334
    60.963080 187479.583131
    50.459394 187473.274101
    55.580476 187484.565068
    56.065311 187484.494578
    52.649760 187482.062144
    54.046727 187484.080607
    54.652845 187484.487580
    54.969291 187480.180691
    58.587140 187486.687156
    56.051270 187485.238908
    54.591741 187484.503074
    53.247893 187478.072970
    56.575415 187476.824770
    51.941047 187474.989417
    53.222227 187483.277605
    47.782509 187481.374438
    48.067544 187472.231912
    48.753471 187474.861251
    47.977040 187471.480449
    52.554797 187482.509715
    47.543209 187482.654579
    50.279225 187491.341159
    60.644611 187504.186963
    58.607936 187510.203575
    48.099546 187507.735201
    52.516210 187515.496662
    56.202874 187523.217019
    57.384658 187521.614848
    52.179923 187511.110040
    54.329862 187515.926199
    56.218278 187529.410357
    56.930726 187512.363486
    52.084953 187508.710911
    55.747498 187509.238706
    51.067631 187512.817139
    56.879955 187522.829263
    45.775988 187519.680839
    59.985243 187526.541453
    61.765210 187514.190925
    57.076080 187524.740158
    59.513292 187524.813035
    55.686864 187522.077036
    53.223931 187522.333100
    45.525202 187525.593519
    50.886687 187525.606360
    51.566560 187531.399141
    54.226354 187525.336673
    58.862625 187523.513501
    59.070732 187524.748409
    56.488977 187530.235061
    57.030626 187528.801506
    56.429997 187527.168224
    60.829786 187517.356800
    55.080139 187519.849206
    63.599814 187511.449289
    61.101810 187517.769201
    59.206002 187512.839754
    63.158886 187514.970233
    54.741336 187521.420864
    65.329101 187519.054757
    64.806938 187514.839912
    55.560162 187525.877685
    60.035837 187521.372880
    58.861018 187503.178882
    50.953552 187497.728161
    57.126279 187504.095635
    53.737743 187497.521644
    50.869490 187499.813731
    50.490965 187504.609104
    48.913650 187514.820514
    56.461879 187511.573759
    60.043798 187511.881704
    55.158224 187530.101536
    49.994342 187512.698320
    57.591182 187508.096867
    56.075189 187510.180726
