0.377924 0.354263
0.408020 0.331308
0.421862 0.465091
0.412420 0.489458
0.422535 0.529263
0.436342 0.374897
0.425133 0.776300
0.436764 0.309866
0.415537 0.240816
0.369218 0.470651
0.356859 0.379505
0.426767 0.415513
0.452999 1.130272
0.465193 0.513767
0.467543 0.592843
0.469774 0.259164
0.513207 0.450434
0.553303 5.780126
0.582996 1.038766
0.590069 0.287213
0.592255 1.137960
0.600605 0.380720
0.591083 1.119422
0.585723 0.593623
0.639256 0.785005
0.655207 0.341247
0.634984 0.840076
0.656094 0.628167
0.694169 1.680802
0.709068 0.811062
0.712587 0.617892
0.652884 0.382414
0.677256 0.509029
0.683557 1.126794
0.674606 0.535745
0.700021 0.442024
0.693379 0.715244
0.679989 0.734541
0.651027 0.814739
0.660273 0.721720
0.673650 1.428046
0.657171 0.953423
0.706916 1.004919
0.693534 0.374559
0.689481 0.938213
0.751464 0.493519
0.773493 1.308392
0.778879 1.378846
0.757045 1.093732
0.789310 0.861947
0.751603 1.303407
0.758146 1.065063
0.781089 0.857809
0.781650 0.737562
0.769557 0.931328
0.751275 0.636335
0.771951 0.545493
0.761148 0.979240
0.803678 2.413859
0.812738 2.059647
0.825251 1.450398
0.804866 1.540661
0.776752 1.004095
0.799165 1.509468
0.805463 1.448286
0.763659 0.405241
0.779617 0.965733
0.738528 1.970421
0.709117 0.967986
0.609063 0.374725
0.593674 0.466378
0.618855 1.419951
0.590398 0.339984
0.603078 0.891540
0.620697 0.660145
0.599863 0.791122
0.591561 0.698166
0.602776 0.608710
0.604183 0.698734
0.561565 0.525283
0.547830 0.393770
0.498115 1.035109
0.536978 2.133414
0.540384 0.904866
0.551568 0.429666
0.569725 0.566809
0.583623 0.460276
0.543288 0.384994
0.545465 0.704546
0.575972 0.439329
0.566292 0.491035
0.575421 0.850352
0.584802 0.734645
0.612433 0.636298
0.618483 0.731716
0.660687 1.078382
0.658455 0.488003
0.651582 1.132971
0.629917 0.450770
0.602187 0.629115
