5.239826 6.000894 5.807830 4.854581 5.052977 
5.096627 5.965484 5.604219 3.820522 4.830686 5.581620 5.447593 5.576160 
5.007548 5.905740 5.555713 5.763761 4.870100 4.095986 5.646745 5.642533 
4.962099 6.098210 5.704868 5.487985 4.801360 3.950260 5.342987 5.597307 
4.878554 5.960637 5.666010 5.498254 4.674930 4.164370 5.428723 5.343663 
4.847399 6.095486 5.543275 5.572802 4.714529 3.896777 5.270228 5.408736 
4.806465 5.795992 5.531080 5.240543 4.429711 3.399710 4.826630 5.347473 
4.862251 6.064662 5.630990 6.071340 4.640195 4.296574 
4.936751 5.914643 5.695348 5.380139 4.598219 4.341697 5.088508 5.684165 
4.941684 5.929660 5.516322 4.138287 4.371897 3.711230 5.400380 5.241170 5.825616 
4.916455 6.055690 5.525750 5.703544 4.402748 4.044957 5.009947 
4.859126 5.953082 5.291498 5.206217 4.148814 3.502533 4.141695 5.552065 
4.941840 6.041059 5.098476 5.580036 4.199295 3.340463 
5.011163 5.882456 5.466826 5.807234 4.415740 3.720149 
5.020605 5.232550 5.159622 4.037562 4.444079 5.397757 5.886480 
4.965086 5.665183 5.285577 4.120617 4.263435 5.811960 5.799120 5.243997 
5.036918 5.612347 5.261141 3.573915 4.118346 5.793414 
4.975356 6.052836 5.242655 3.287903 4.118777 5.045628 
5.006410 6.045397 5.277978 3.277774 4.086932 4.788253 5.479452 4.442675 4.242287 
4.921967 5.891490 5.254516 3.207650 4.021612 4.107880 5.913360 
4.885395 6.009800 5.185315 3.240338 3.956486 4.392927 5.507166 5.120803 
4.833200 5.735061 5.233952 3.756158 3.974085 5.531177 5.301045 5.418497 
4.664182 5.348668 5.119298 3.583583 4.419803 5.928188 5.076176 5.777177 
4.613615 6.019307 5.010975 2.865870 4.159390 5.977089 5.292597 4.912549 5.187616 
4.423838 5.445875 5.076252 3.860093 3.975728 4.798413 4.947358 
4.498683 5.792047 4.698418 3.078820 3.839626 5.994348 4.800856 
4.229296 5.927810 4.434535 3.135894 3.769177 5.964653 5.224521 3.418234 3.340539 
4.085869 5.989153 4.595068 3.048916 3.403776 4.704835 4.676774 3.195384 
4.139863 5.614995 4.455017 2.457733 3.491610 3.314541 4.303178 5.078557 
4.076599 4.694011 4.298359 5.970182 3.342218 2.811789 3.279729 
3.481122 5.531288 4.156175 5.966521 3.755002 0.929556 4.408550 
3.290248 4.910124 3.689791 5.648085 3.779141 0.907879 
3.266741 5.031713 3.828206 5.748331 3.612352 1.237103 5.269311 4.813303 4.257071 
3.257998 5.409536 3.562387 5.874812 3.594649 0.998989 
3.288269 5.586918 3.969819 6.071616 3.689353 1.157879 
3.372054 5.494224 4.167106 5.493371 3.850728 0.606532 2.829184 3.753359 
3.282664 4.550588 3.591639 4.147634 3.379584 1.223618 5.933701 
3.386862 5.072533 3.769218 5.765723 3.560617 0.079613 
3.658618 5.430316 3.796271 4.413025 3.762924 0.020825 4.903140 4.836563 
3.508383 5.636950 4.256028 5.487286 3.659766 1.114829 2.782336 3.478535 3.269588 
3.406855 5.315621 3.952102 5.893680 3.687887 1.024603 
3.582409 5.636219 4.581400 5.989991 3.907614 1.054252 5.036463 
3.686036 5.822128 4.888548 6.069032 3.914349 1.331591 4.083917 
3.669492 5.824252 4.529592 5.711386 3.778274 0.796480 4.198375 
3.653657 5.862212 4.714781 5.196717 3.764564 1.167286 5.119702 4.515567 
3.855089 5.514302 4.922260 6.031338 3.996953 1.917405 4.439407 3.934758 1.086577 4.952438 
3.815207 5.433480 4.475057 5.781845 3.984500 4.121384 4.975731 4.160502 0.734522 4.756640 4.847566 5.010731 
3.803537 5.661142 4.971933 6.078541 3.994243 5.491054 4.444789 4.180278 1.147278 
3.749247 5.717221 4.879717 5.459097 3.829880 4.304678 4.481547 4.087243 1.644441 5.437973 4.024484 5.215418 
3.595955 5.498914 4.805581 5.137173 3.658109 0.047780 4.567661 4.087243 2.125927 1.540042 2.649876 4.958351 
3.546718 5.315062 4.671623 4.862470 3.667889 2.793924 4.637797 4.087243 4.250409 0.183870 3.191020 3.912541 1.391540 
3.527502 5.328721 4.247406 5.337004 3.670279 5.048508 4.641858 4.062482 4.998233 0.020237 4.811533 3.638256 3.289349 3.083549 
3.514773 5.431372 4.490973 6.078608 3.893413 1.156646 4.534694 4.062482 4.139468 
3.470753 5.363042 4.638885 5.600440 3.722242 1.256808 4.681645 4.021848 0.471739 4.354926 
3.470753 5.355269 4.404680 4.981027 4.709571 1.417763 4.681645 4.155073 0.007519 2.058095 2.189637 4.325738 3.689278 4.613096 
3.487428 5.313023 4.375148 5.882114 3.659026 1.235303 4.720584 4.155073 4.445016 3.879665 
3.486489 5.300378 4.540102 6.036221 3.577933 0.111414 4.761842 4.243579 2.358961 4.268099 
3.356246 5.306561 4.606645 5.557951 3.695882 0.143012 5.174820 4.243579 4.128657 
3.289792 5.415705 4.623102 5.780107 3.383432 0.878757 5.188612 4.133180 3.268914 5.246675 6.096350 
3.289792 5.558817 4.576070 4.999623 3.405820 0.473749 4.695981 4.274862 4.961361 3.666750 3.594915 1.337994 
3.289792 5.599076 4.416815 5.307659 3.328132 0.241384 4.801123 4.038135 5.449887 3.678378 3.510044 3.219645 
3.358566 5.541113 4.281488 1.907546 3.374991 0.681066 4.761907 3.996977 5.453490 3.554674 3.421401 5.140275 4.648955 
3.675368 5.536180 4.708013 1.734277 3.461319 0.704540 4.858951 4.059911 5.443416 3.593139 3.477593 6.005779 5.716347 5.133521 
3.469001 5.600858 4.771634 1.763505 3.302240 1.000245 4.620582 4.152700 4.775794 3.478985 3.422065 5.029889 5.003838 
3.454326 5.769800 4.705248 2.066344 3.165063 0.994503 4.620582 4.198530 4.545343 3.423489 2.934872 4.757411 2.831361 4.479339 
3.694107 5.486233 4.863434 1.803996 3.792315 0.455730 4.968545 4.332548 4.861500 4.623948 2.500944 3.627988 3.934946 
3.733691 5.468779 4.937765 2.091918 5.662903 1.535723 4.466017 4.281928 3.186753 5.460105 2.325163 5.153184 5.467989 1.487263 0.909356 5.657554 
3.528892 5.789911 4.783597 1.661381 4.808321 0.296929 4.574799 4.462550 3.720033 5.346225 2.713210 3.378040 6.052809 3.112212 3.610647 2.600933 2.037226 2.703248 
3.524707 5.664542 4.791766 1.874468 5.498702 0.346520 4.574799 4.462550 3.512955 5.551409 2.363422 4.774772 3.598980 3.280616 5.108815 4.885139 0.053456 0.814302 5.342411 
3.781415 5.730308 4.864467 1.833851 5.646994 0.089671 4.633496 4.462550 3.599285 5.035409 2.308233 3.449793 5.940115 2.795214 5.832832 5.956597 
3.779758 5.752947 4.766909 1.508635 5.261596 0.180939 4.633496 4.462550 2.914784 5.722947 1.997731 3.516932 6.097459 3.626936 5.266671 3.576212 
3.837172 5.596422 4.777940 1.409177 3.622526 0.328701 4.577619 4.432673 5.636058 5.017102 2.548801 2.639442 3.635415 0.450972 
3.777388 5.496093 4.666164 1.575927 3.643669 0.261706 4.696262 4.432673 3.540860 5.362266 2.556116 5.477575 3.014356 5.095775 4.266430 
3.524480 6.009747 5.104874 1.783264 3.420434 0.147532 4.623585 4.432673 4.785384 5.067548 2.213062 3.756864 2.871674 2.453892 1.328174 
3.360198 5.795551 4.792681 1.654978 3.113122 0.206122 4.623585 4.432673 2.242022 5.265537 5.986945 3.410484 5.298858 5.110683 1.432198 
3.245097 5.718168 4.911129 1.151466 3.299065 0.448173 4.516455 4.358702 3.781397 5.829146 3.410628 5.739927 2.230906 3.562860 5.919764 1.995551 3.206822 
3.287189 5.863798 4.792807 1.672121 3.202266 0.152929 4.516455 4.358702 5.744669 4.294981 5.883097 2.336540 4.299542 3.889335 2.814079 
3.293038 5.993662 4.936556 2.037518 3.400121 0.137746 4.538795 4.358702 5.381654 5.073046 3.548991 2.666059 5.654725 
3.009057 5.617613 4.791620 1.914505 3.126679 0.115143 4.596256 4.166927 5.543906 3.453426 2.046247 2.905963 2.522843 2.917529 
2.966627 5.346570 4.306355 1.764020 3.584882 1.540349 4.596256 4.225768 3.301300 5.280579 2.397248 0.272120 0.163197 
2.838571 5.586630 4.701210 0.815212 6.034112 1.545828 4.766236 4.416339 3.026492 4.590731 
2.862759 5.821127 4.840378 5.078648 4.852937 1.241316 4.680753 4.535368 3.009384 3.406476 2.621978 3.311744 
2.878728 5.324397 4.510125 5.737354 5.737593 0.003149 4.542375 4.360622 4.634324 3.164851 3.485389 4.323033 3.889061 1.905238 
2.811441 5.508086 4.356125 1.597970 5.366157 2.948676 4.736765 4.360622 4.437341 0.602410 4.084322 5.337366 2.252808 
2.811441 5.686453 4.593490 5.285070 1.306689 2.962942 4.736765 4.314729 6.038547 4.731918 
2.706626 5.444147 4.554002 4.405642 0.287687 2.846507 4.840409 4.210887 3.346265 2.739778 5.091697 5.759005 3.505015 
2.592504 5.556760 4.335831 4.844474 0.953126 2.802235 4.993643 4.272826 5.178738 2.395800 2.235610 3.386939 4.695756 2.990219 5.238498 4.236880 3.704147 
3.026699 5.386477 5.729534 5.028914 1.089408 3.353860 5.141425 3.971368 5.056294 4.575033 
3.021907 5.358584 5.382023 5.303391 1.344403 3.615837 5.060580 3.914465 5.074722 4.368008 3.794059 
3.033932 5.273388 5.724704 4.955205 1.167961 3.370629 4.904373 4.186506 4.866307 4.522731 4.340234 3.389818 
3.036113 5.464766 5.903556 5.891709 0.741277 3.219521 4.862083 3.906866 4.269039 0.846989 
3.041609 5.365701 3.155864 6.059791 5.234172 5.677485 4.945071 3.921977 4.269499 0.081190 4.100762 
2.982876 5.299792 2.893154 5.981234 3.095277 5.984243 5.190236 3.783717 4.240042 0.762919 3.682288 4.786096 3.330566 
3.302492 5.626527 4.152946 5.613398 3.424163 4.990140 4.659637 3.826366 4.529895 0.292475 1.960446 5.433946 0.268402 
3.301843 5.669420 0.641080 4.572965 3.568083 4.706350 4.948748 3.794955 4.678059 
3.490727 5.577350 2.218501 5.210561 3.613052 5.078343 4.906271 4.032635 4.422376 4.565401 4.959164 4.894140 
3.363520 5.814314 2.812997 5.256559 3.516645 5.221037 4.665826 4.032635 4.608246 1.849800 0.381510 4.684475 6.074763 5.840778 
3.334961 5.609646 4.670185 0.019166 3.465273 5.998611 4.782984 4.085583 4.665728 4.918425 
3.065404 5.812616 4.499912 0.094865 3.202344 5.344746 4.684101 4.061519 4.678574 5.833369 1.618172 
2.974382 5.374754 5.680095 0.303682 3.609235 3.664146 4.575214 3.921878 4.051634 4.045588 2.065984 
