 1.24324        0        2
 1.86486        0        1
 3.10811        0        2
 4.97297        0        4
 6.21622        0        2
 6.83784        0        3
 8.08108        0        5
  8.7027        0        4
 9.94595        0        8
 11.1892        0        6
 1.55405 0.677778        1
  2.7973 0.677778        2
 3.41892 0.677778        5
 4.66216 0.677778        4
 5.28378 0.677778        4
 6.52703 0.677778        4
 7.77027 0.677778        3
 8.39189 0.677778        6
 9.63514 0.677778        4
 10.2568 0.677778        3
    11.5 0.677778        8
0.932432  2.03333        1
 2.17568  2.03333        1
  2.7973  2.03333        3
 4.04054  2.03333        1
 4.97297  1.35556        3
 5.90541  2.03333        2
 7.14865  2.03333        3
 7.77027  2.03333        5
 9.01351  2.03333        6
 9.94595  1.35556        4
 10.8784  2.03333        6
 1.24324  2.71111        6
 2.48649  2.71111        1
 3.72973  2.71111        2
 4.35135  2.71111        4
 5.59459  2.71111        5
 6.21622  2.71111        2
 7.45946  2.71111        4
  8.7027  2.71111        1
 9.32432  2.71111        4
 10.5676  2.71111        2
 11.1892  2.71111        5
 2.17568  3.38889        2
 4.04054  3.38889        2
 5.28378  3.38889        1
 5.90541  3.38889        4
 7.14865  3.38889        4
 7.77027  3.38889        6
 9.01351  3.38889        6
 10.2568  3.38889        7
 10.8784  3.38889        6
0.621622  4.06667        2
 1.24324  4.06667        1
 2.48649  4.06667        1
 3.72973  4.06667        2
 4.35135  4.06667        1
 5.59459  4.06667        2
 6.21622  4.06667        4
 7.45946  4.06667        7
  8.7027  4.06667        5
 9.32432  4.06667        4
 10.5676  4.06667        5
 11.1892  4.06667        7
 1.24324  5.42222        2
 1.86486  5.42222        1
 3.10811  5.42222        2
 3.72973  5.42222        2
 4.97297  5.42222        2
 6.21622  5.42222        2
 6.83784  5.42222        5
 8.08108  5.42222        3
  8.7027  5.42222        7
 9.94595  5.42222        4
 11.1892  5.42222        8
  2.7973      6.1        2
 3.41892      6.1        3
 4.66216      6.1        3
 5.28378      6.1        7
 6.52703      6.1        3
 7.77027      6.1        3
 8.39189      6.1        4
 9.63514      6.1        1
 10.2568      6.1        3
    11.5      6.1        2
