0.000000 0.000000
0.920000 0.000000
1.840000 0.000000
2.760000 0.000000
3.680000 0.000000
4.600000 0.000000
5.520000 0.000000
6.440000 0.000000
7.360000 0.000000
8.280000 0.000000
9.200000 0.000000
10.120000 0.000000
11.040000 0.000000
0.460000 1.010367
1.380000 1.010367
2.300000 1.010367
3.220000 1.010367
4.140000 1.010367
5.060000 1.010367
5.980000 1.010367
6.900000 1.010367
7.820000 1.010367
8.740000 1.010367
9.660000 1.010367
10.580000 1.010367
11.500000 1.010367
0.000000 2.020733
0.920000 2.020733
1.840000 2.020733
2.760000 2.020733
3.680000 2.020733
4.600000 2.020733
5.520000 2.020733
6.440000 2.020733
7.360000 2.020733
8.280000 2.020733
9.200000 2.020733
10.120000 2.020733
11.040000 2.020733
0.460000 3.031100
1.380000 3.031100
2.300000 3.031100
3.220000 3.031100
4.140000 3.031100
5.060000 3.031100
5.980000 3.031100
6.900000 3.031100
7.820000 3.031100
8.740000 3.031100
9.660000 3.031100
10.580000 3.031100
11.500000 3.031100
0.000000 4.041467
0.920000 4.041467
1.840000 4.041467
2.760000 4.041467
3.680000 4.041467
4.600000 4.041467
5.520000 4.041467
6.440000 4.041467
7.360000 4.041467
8.280000 4.041467
9.200000 4.041467
10.120000 4.041467
11.040000 4.041467
0.460000 5.051833
1.380000 5.051833
2.300000 5.051833
3.220000 5.051833
4.140000 5.051833
5.060000 5.051833
5.980000 5.051833
6.900000 5.051833
7.820000 5.051833
8.740000 5.051833
9.660000 5.051833
10.580000 5.051833
11.500000 5.051833
0.000000 6.062200
0.920000 6.062200
1.840000 6.062200
2.760000 6.062200
3.680000 6.062200
4.600000 6.062200
5.520000 6.062200
6.440000 6.062200
7.360000 6.062200
8.280000 6.062200
9.200000 6.062200
10.120000 6.062200
11.040000 6.062200
