0.930757 1.227724 1.113481 1.042623 1.091598 1.202477 0.884622 1.136251 1.211588 1.181194 1.154969 1.054834 1.137115
0.934227 1.202727 1.106926 1.021838 1.071679 1.192030 0.855530 1.134703 1.221843 1.157455 1.181461 1.218548 1.248538
0.938121 1.204068 1.096788 1.028510 1.051707 1.195536 0.856425 1.137829 1.231900 1.245490 1.184445 1.123187 1.148203
0.940788 1.193240 1.087172 1.047395 1.041244 1.203677 0.862285 1.142494 1.233262 1.172610 1.175185 1.128727 1.114334 1.208570 1.157184
0.949003 1.204334 1.217534 0.881332 1.256369 1.111754 1.258089 1.085749 1.139120 1.202271 1.168241 1.107723 1.087148 0.853860 0.883212
0.960322 1.214466 1.215654 1.256337 1.129028 1.053510 0.852958 1.208115 1.119157 1.071896 0.976273 1.106992 1.193258
0.932780 1.191585 1.193690 1.252206 1.099436 1.051299 0.830807 1.061374 0.948148 1.229944 1.140954 1.243292 1.107072 1.156463 1.200424 1.176049
0.946100 1.200575 1.203105 1.255339 1.037039 0.869088 1.069807 0.976823 1.140093 1.172482 1.107874 1.229038 1.119275 1.190648 1.104793
0.964122 1.203974 1.223630 1.250454 0.858549 1.098869 1.145411 1.095475 1.044089 1.241972 1.080208 1.209569 1.180016 1.191078 1.124446
1.189021 1.196898 1.252108 1.126467 1.187390 0.947575 1.107131 1.204980 1.092277 1.067677 0.943990 1.060111 0.837637 1.093598
1.178424 0.932353 1.164706 1.070807 0.995557 1.079357 0.810824 1.142468 1.118006 1.236624 1.211569 1.168173 1.196095 1.050445 0.946443 1.070406 1.221339
1.172445 0.924980 1.004543 1.029069 0.843574 1.131241 1.181632 1.210940 1.081230 1.227726 1.122704 1.160048 1.089586
1.177986 0.922772 1.031382 1.055218 0.843366 1.112959 1.187823 1.223539 1.065613 1.222312 1.144765 1.171129
1.174606 0.948246 1.030110 1.074360 0.863086 1.132031 1.175847 1.085314 1.218496 1.163815 1.118275 1.241812 1.151480 1.147002
0.914496 1.039398 0.835727 1.133279 1.201758 1.166956 1.255263 1.086889 1.161955 1.006581 1.055990 1.164937 1.109970 1.064063
0.935751 1.047836 0.839381 1.110318 1.200549 1.248420 0.995766 1.073048 1.153233 1.151974 1.096313 1.159933
0.926505 1.041395 0.800528 1.211100 1.175472 1.014430 1.060976 1.160649 1.096910 1.158680 1.101724 1.098686
0.933480 1.053876 0.844307 1.218127 1.022415 1.078577 1.175426 1.122489 1.174075 1.114532 1.192314 1.216450 1.236627
0.934656 1.037316 0.803080 1.210827 0.998334 1.079640 1.163110 1.189240 1.139522 1.205610 1.112442 1.171016 0.968827 1.078034
1.044092 0.809699 1.026860 1.055911 1.112561 1.171751 1.233184 0.951526 1.140313 0.886082 1.170552 1.193138 1.103113 1.076962 1.186570 1.065091 1.078206
0.819937 1.083581 1.175647 1.173767 0.966472 0.932309 1.213924 1.118472 1.100924 1.209374 1.027669 1.031293 1.112674 1.147669 1.154883
0.818115 1.053498 1.132914 1.150605 0.926836 1.192921 1.024208 0.978612 1.086953 1.137547 1.090657 1.141632 1.224376 1.106083
0.810859 1.095118 1.126914 0.885000 1.165469 0.986594 0.998801 1.045628 1.085125 1.080442 1.101709 1.234579 1.032600 1.026656 1.144593 1.038197 1.079375
0.811269 1.093973 1.113616 0.884444 1.157599 1.001882 0.956918 1.046328 1.029599 1.126410 1.058135 1.102250
0.801031 1.148577 0.901300 1.172463 0.983863 1.072595 1.048227 1.157624 1.002960 1.074216 1.111239 1.136265
0.830456 1.142674 0.888396 1.172869 0.980424 1.086744 1.052321 1.142254 1.110628 1.131431 1.009597
0.813415 1.158508 0.887325 0.988501 1.079685 1.055940 1.072776 1.154707 1.054852 1.195996 1.136033 1.008201 1.211063 1.180921 1.102327 1.165796 0.950511
0.804457 1.134545 0.886376 0.992667 1.081805 1.119986 1.174698 0.999160 1.205534 1.015619 1.131636 1.057462 1.184997 1.073150 1.070464 1.130250 1.150345 1.074617 0.948773 1.067232
0.819922 1.162532 0.911650 1.006132 1.101275 1.180943 1.020551 1.192082 1.058621 1.140987 1.067284 1.136598 1.098877 1.064856 1.144260 1.102064 1.119448
0.809520 0.903956 0.937151 1.067546 1.190759 1.041130 1.032459 1.068803 0.972607 1.128610 1.191162 1.134190 1.101507 1.088276 1.131553 1.008873
0.837639 0.885587 0.978112 1.110303 1.191287 1.024720 1.048216 1.089445 1.144688 1.229469 1.142766 1.092822 1.147409
0.816651 0.886715 0.979413 1.086573 1.181705 1.031015 1.060743 1.073517 1.130513 1.138849 1.122339 1.255037 1.146607
0.827404 0.898870 1.003858 1.083550 1.186351 1.018309 1.044300 1.072933 1.146662 1.130304 1.139254 1.210247
0.816099 0.890634 0.948806 1.000851 1.016472 1.118803 1.096939 1.173315 1.061270 1.158784 1.075019 1.125053 1.079136 1.077115 1.062035
0.815429 0.856257 0.942495 0.994359 1.017903 1.121439 1.091666 1.073506 1.156185 1.038131 1.124367 1.118444
0.824409 0.882897 0.979842 1.021068 1.028110 1.114879 1.062783 1.160777 1.120611 1.132114 1.081980 1.154924 1.057428 0.987036 1.108948 1.080860
0.805252 0.858546 0.952181 1.014420 1.099201 1.059762 1.043322 1.106185 0.991901 1.152800 1.132037 1.149989 1.062679
0.811554 0.855224 0.952563 0.998494 1.052093 1.097485 0.986121 1.125918 1.148193 1.102247 1.035750 1.206606 1.065599 1.107578
0.801753 0.853003 0.888734 1.059943 1.098897 0.985206 1.084257 1.139289 1.081652 1.182055 0.987313 1.050617 1.034633 1.015351 1.099374 0.954137
0.813342 0.859262 0.967247 1.093932 1.060995 1.133067 1.095715 1.086679 1.010081 1.108334 1.006434 1.054997 0.981268
0.801952 0.872317 0.926880 1.103269 1.140505 1.092929 0.992413 0.993230 1.090306 1.054896 1.033494 1.097629 1.027841 1.174126
0.801517 0.845029 0.950478 1.132952 1.098355 1.002677 1.092409 1.022625 1.050172 1.106193 1.036996 1.103939 1.011844 1.020429
0.832942 0.863938 0.972914 1.166062 1.111646 1.031658 1.083837 1.125611 0.985356 1.083401 1.136968 1.051042
0.797861 0.891621 0.962957 1.157829 1.141050 1.129943 1.106296 1.025896 1.172691 1.059457 1.004530 1.112342 1.091705 1.138293 1.136838
0.798351 0.881402 1.154349 1.116885 1.022592 1.067913 0.993182 1.052192 1.107438 1.144259 1.130054 0.969622 1.108966 1.085531
0.822779 0.885303 1.033876 1.004553 1.054614 1.130800 0.952265 1.139640 1.132155 1.036358 1.079543 1.049971 1.087657 1.004859
0.795904 0.874985 0.991065 0.953424 1.094122 1.146740 1.091963 1.103828 1.032540 1.111212 1.175728 1.070330 1.014135 1.054339 1.066364
0.802511 0.867735 0.980011 0.938585 1.147912 1.097465 1.141577 1.085755 1.004122 1.071720 1.089769 1.078372 1.024564 1.007633 1.039844 1.094469 1.130495 1.132108 1.066223
0.803578 0.858091 0.947520 1.057505 1.018651 1.116163 1.116934 1.146678 1.110208 1.022558 1.045097 1.121676 0.968036 1.040730 1.104360
0.815272 0.864723 0.940791 1.193020 0.977222 1.078965 1.139610 1.108633 0.982431 1.070675 1.048995 1.079083 1.022482 1.025149
0.802725 0.970395 1.084617 1.154418 1.122118 1.051979 1.026010 1.033577 1.098757 0.886803 1.125853 0.994566 1.087654 1.140452 1.178811
0.814385 0.963779 1.113945 1.159928 1.128703 1.103482 1.036196 1.134501 0.887884 1.008563 1.195662 1.056895 1.089519 1.087653 1.069110
0.803473 0.978897 0.992586 1.171824 1.089570 1.030562 1.139930 0.882043 1.201289 1.057996 1.071446 1.056631 1.090019 1.100271 1.131252
0.826612 1.011661 1.169750 1.112037 1.044287 0.892888 1.240801 1.126651 1.141378 1.008194 1.045749 0.895713 1.095384 1.132828 1.157135
0.828773 0.897287 1.191613 1.096048 1.041900 0.897811 1.134061 1.158640 1.021521 1.080424 1.056317 1.227476 1.158833 1.130826 1.075689
0.797055 0.913607 1.205758 1.109486 1.074766 0.900197 1.162558 1.168572 1.024988 1.253429 1.143798 0.982077 1.103400 1.112569 1.095001 1.123339
0.802854 0.921584 1.192524 1.051851 0.890085 1.151504 1.152237 1.030519 1.029813 1.094763 1.074377 1.160542 1.158174 1.114859 1.121297
0.806926 0.927062 1.197197 1.054534 0.912246 1.140974 1.165952 1.026133 1.163109 1.147842 1.070789 1.024145 1.116765 1.092468
0.813072 0.891656 1.163421 1.018433 0.877430 1.111868 0.975575 1.125561 1.229959 1.126849 1.050101 1.100703 1.077368 1.024149 1.110259 1.040670 1.032802 1.137124 0.937925
