5.876389 3.742787 1.957615 1.048380 5.165277 3.719164 0.251625 0.785458 1.748033 4.780459 5.645025 4.468064 4.097423
5.524277 4.984575 1.924580 1.048380 5.165277 3.244131 0.406055 0.558820 1.961349 4.535447 3.382428 4.428310 3.459470
5.907262 4.045947 2.492208 1.048380 5.194332 3.898535 0.093773 4.482005 3.927005 4.381439 1.808816 0.108300 5.187983
5.944972 4.875225 2.042933 1.319456 5.559239 2.652833 0.358197 4.466572 3.834331 1.465039 3.788875 0.612279 4.520612 3.195277 1.973822
6.008360 5.158061 2.688362 0.621987 3.650352 4.973527 3.041017 1.111582 1.238420 2.602271 2.331340 1.666456 5.675923 0.695506 0.178880
5.885705 5.298099 3.699035 3.715971 5.405824 0.993650 0.186454 2.311499 0.176852 5.457218 0.518444 1.985850 2.976393
5.657682 5.093955 3.664662 3.715971 4.744782 0.636914 0.397336 5.272220 0.290228 1.932563 0.298975 4.521691 2.546887 4.664247 3.210195 4.567770
5.716790 5.178923 3.664662 3.715971 0.764269 0.141933 5.410796 0.209273 0.280104 3.192015 5.024562 2.575969 2.015975 3.893410 1.987394
5.644790 5.053890 2.581588 3.715971 0.068346 5.006902 0.041792 1.340925 0.386562 4.035651 5.437999 1.531004 4.130357 4.420890 2.756107
5.053890 3.561997 4.021937 0.021850 4.257274 5.984605 4.632184 2.270541 2.232798 1.565832 0.305174 6.049594 0.311055 3.929184
5.228711 5.899967 1.888687 1.735246 0.874166 5.699588 0.164493 3.907439 0.279355 3.426742 3.659788 5.500867 2.503722 0.593831 0.969486 0.949976 0.323724
5.625259 6.059569 0.611863 5.849232 0.033774 3.996579 3.535040 3.811739 2.196361 4.109699 0.453152 3.272003 5.902948
4.919699 6.059569 0.524935 5.616254 0.112237 3.900223 3.743749 3.747625 2.579854 4.086682 1.012717 3.561555
5.143052 6.059569 0.524935 5.580693 0.112237 3.779554 3.956851 2.102581 3.806387 2.547813 0.137018 3.640928 1.087693 4.611784
5.989969 5.580693 0.112237 3.779554 3.740937 2.758815 3.640928 0.331192 4.126406 1.010678 2.489791 5.404979 3.072161 2.633267
5.989969 5.624303 0.164093 3.718389 3.538272 3.261863 1.010678 1.988296 5.328179 3.200805 0.131925 3.634203
6.027691 5.595666 0.166639 3.292987 3.339287 1.010678 1.871262 5.422691 0.397473 3.022982 4.410639 3.599850
5.977034 5.595666 0.166639 3.292987 0.766608 2.164828 5.253615 0.986118 3.222312 3.730787 3.834630 2.264239 3.816282
5.957858 5.594637 0.166639 3.362110 0.579775 2.164828 5.171192 3.225223 3.843252 3.790182 0.063888 2.646618 0.086047 4.445927
5.491499 0.322168 1.188043 2.480127 4.857188 4.247544 3.821791 0.665437 3.923787 5.947111 2.404318 3.677899 5.762727 4.647095 4.695793 3.150979 0.433879
0.401004 1.817578 4.796658 3.752222 0.210486 6.000613 3.664552 3.162127 1.164020 2.200169 5.144032 1.039235 4.842230 3.966589 1.351889
0.039179 2.207776 4.821830 3.516740 5.669126 3.594519 4.879437 1.030759 5.328197 3.765504 0.905515 2.002060 3.220949 3.110988
0.039179 4.626655 3.509126 5.669126 3.594519 5.313784 1.204858 4.686034 4.284266 1.149565 3.429025 3.623276 2.147650 3.506932 4.237700 5.388074 0.024333
0.191284 5.000685 3.574591 5.914352 3.786635 5.286252 1.115366 4.024598 2.640156 3.191198 0.201480 6.050753
0.191284 3.198542 5.794189 3.755904 0.844610 3.728737 1.613124 3.355305 5.234244 0.008042 5.544566 5.192995
0.191284 3.158573 5.967386 3.686504 0.942933 4.529971 1.876609 4.499185 1.493066 5.066020 5.226946
0.356763 3.382856 5.919310 0.751772 4.118674 1.533542 0.590311 5.018484 4.842184 3.594801 3.379680 5.344259 4.070035 4.021591 5.595613 1.619229 5.810788
0.203370 3.107308 5.858401 0.871501 3.974591 4.764452 3.643825 5.089488 3.860792 4.821839 2.661458 0.085237 4.345594 5.938413 3.400102 2.710229 3.619231 2.043108 2.866328 5.408543
0.203370 4.971361 5.832929 0.871501 3.478632 3.337365 5.388954 3.432676 2.716479 4.946732 3.941326 2.494700 0.777107 2.266284 2.509083 2.148430 3.523498
0.203370 6.028043 0.799525 3.785351 3.730061 5.538261 2.510031 0.061440 5.891489 4.922702 3.574145 3.018755 4.869760 2.841855 3.613804 3.630029
0.522108 6.028043 0.799525 3.846344 3.694695 5.538261 2.157995 0.762107 5.441666 3.603999 3.653406 5.298338 2.409660
0.522108 6.028043 0.799525 4.021244 3.259672 5.889829 1.976907 0.021180 5.136552 2.517040 3.455002 3.629337 5.671960
0.220641 6.028043 0.799525 4.120131 3.492950 5.669193 2.129406 0.334517 3.299777 5.193380 3.162840 3.987004
0.220641 5.889209 0.612983 5.117343 2.301219 3.831775 4.868679 1.857311 3.737711 3.813790 1.650774 3.971142 1.585179 4.363618 0.524026
0.041728 5.889209 0.612983 5.117343 2.125218 3.844885 4.679545 3.989761 3.840789 0.320803 1.887671 5.086704
0.041728 5.964898 0.612983 4.812226 2.112270 4.856399 4.341308 4.089731 1.183280 3.481853 0.044645 4.455202 4.643154 5.364889 3.703154 0.182907
0.041728 5.817819 0.377009 2.378360 4.119301 4.598519 0.403117 2.570256 4.954862 4.283146 1.972671 3.383217 5.048025
0.041728 5.993018 0.377009 2.869995 4.835352 3.239762 4.253548 1.514789 3.327426 3.810625 0.399508 4.835692 5.937064 3.421620
0.041728 5.869222 0.377009 4.892642 3.594505 4.243161 1.220272 3.452510 3.908487 4.821332 1.583687 5.306963 2.764472 0.593147 4.294137 0.397620
0.175812 5.985021 1.103536 3.753888 0.505782 3.526040 3.951042 2.613529 1.747764 4.450437 3.267778 4.745424 4.845987
0.011483 5.946500 1.103536 3.637893 3.609125 4.358859 1.747764 4.795217 3.210195 0.438348 2.390387 4.025670 4.738205 5.245013
0.139714 5.510590 0.807193 3.638743 4.283416 4.742349 2.291850 2.494022 4.428015 4.687390 0.207077 3.689304 4.651096 1.986663
0.170751 6.058202 0.807193 3.638743 4.994483 2.375298 0.420066 3.634856 5.338899 4.391044 4.023127 4.451131
0.170751 5.680965 0.807193 3.638278 5.086827 2.416837 4.262083 2.146671 3.709274 0.301661 5.308546 3.681159 5.863404 5.318823 3.388376
0.170751 5.680965 4.022289 4.998484 1.975247 0.808618 5.308546 4.029875 4.134667 4.114879 3.279395 1.168318 1.267543 5.231639
0.170751 5.993465 2.326693 5.354248 4.644958 3.152416 1.168318 2.079957 4.102855 4.645019 4.882974 0.002353 4.094136 2.130782
0.026845 6.028830 5.126523 1.167919 3.323626 3.744305 4.969915 3.702574 4.013743 2.449936 3.444959 3.789792 2.543684 0.386680 2.269594
0.026845 6.046349 5.583041 1.167919 4.297847 3.531484 3.421599 4.373981 1.763363 1.528393 3.008548 5.276892 5.420300 4.543339 0.196120 5.870652 4.288429 3.911180 2.509059
0.059009 5.981683 1.207834 3.946905 1.763363 3.079531 5.048632 3.701061 3.128988 4.432200 0.237303 4.106903 5.349064 5.605951 1.496988
0.113973 5.855949 1.207834 2.895897 1.664787 5.131145 3.776041 3.197415 5.335611 4.519002 1.831220 2.842453 2.203446 3.898382
0.113973 1.093842 4.411815 3.728731 3.901750 4.719925 2.527117 0.322156 3.452904 5.962020 1.941835 4.752856 4.340694 5.257040 3.803646
0.113973 0.970444 4.503784 4.029276 3.015858 4.164396 1.422240 2.064451 5.934025 4.813941 3.974697 3.044462 0.937970 5.463676 4.538444
0.113973 1.228592 4.736518 4.008440 3.611999 1.422240 2.031557 6.053540 3.930823 2.841651 0.517769 5.220684 4.589748 4.535763 3.999453
0.031015 0.770381 4.058698 4.095533 1.422240 6.053540 3.300516 4.496889 3.965060 5.430980 3.099423 0.133889 0.641320 3.228564 1.904082
0.087904 0.486972 4.198720 4.095533 0.880692 6.053540 4.916694 3.674584 5.430980 0.032525 3.278182 3.777570 2.029063 3.552143 2.405468
0.030234 0.486972 4.198720 4.499653 0.687457 5.755726 4.818304 3.810914 5.113361 4.196543 2.239822 0.310588 0.743561 5.478252 5.035734 4.007887
0.130907 0.312983 4.198720 0.687457 5.419510 4.851661 4.177317 4.991744 0.457332 1.228087 4.436602 4.160090 2.136345 4.006144 4.753404
0.063825 0.312983 4.198720 0.687457 5.409140 4.851661 3.793274 5.137885 2.994946 0.418756 4.879205 0.474656 3.794323 4.131629
0.271867 0.312983 4.308369 0.687457 5.994628 5.279855 5.714895 2.354086 2.703441 3.756663 3.166878 5.850185 4.324826 1.921260 2.601075 0.241635 4.531666 4.488289 0.450964
