4.440792 5.082087 4.652688 4.994925 4.541953 5.843119
4.265898 4.886202 4.484212 3.974089 4.864039
3.966679 4.489523 4.331215
3.751804 4.118066 3.891482
3.569397 3.656367 4.660899
3.466750 3.519123 3.612285
3.621018 3.866650 4.287443
3.466291 3.750915 3.900576
3.564221 3.609932 4.498395
3.886378 4.006999 4.087154
3.862822 4.146008 4.573193
4.126559 4.260011 4.780268
4.246003 4.290744 5.251329
3.995233 4.307318 5.184427
3.810520 4.194168 5.041030
3.802593 4.076760 5.008311
3.591114 3.733125 4.449822
3.674044 4.118628 4.308864
3.506423 3.954142 4.386169
3.611228 3.976965 4.276357 5.252724 4.384867
3.291873 3.647758 4.100089
3.460979 3.560332 4.433859
3.387990 3.807749 4.242105
3.035216 3.329014 4.268860 3.992057
3.440664 4.027303 4.033714
3.821962 4.195413 4.433256
4.045668 4.210478 4.531805
4.082767 4.555843 4.916666
3.940984 4.381070 4.470359
3.986577 4.372534 4.744507
3.588488 4.251324 4.216180
3.079023 3.487235 3.632946
3.104602 3.580781 3.437040
3.325856 4.020977 3.472130
3.083923 3.699749 3.609217
2.658080 3.090313 2.936132
1.985502 2.385329 2.685418
2.062985 2.427725 2.494238
1.562598 2.048350 2.034832
1.689582 1.970355 2.547727
1.677846 2.080651 1.901438
1.751579 2.370525 2.141790
1.424141 1.613072 1.927405
1.636793 2.133714 1.720149
1.635519 2.010852 1.823792 0.467102
1.631829 1.983280 2.080381 1.070295
1.859900 2.057481 1.344454 1.057833
2.076840 2.504830 2.189963 0.896726
2.034813 2.151662 2.433062 1.645880
1.578811 2.011109 2.487143
1.401282 1.883243 1.863510
1.190202 1.561872 2.018149
2.019457 2.236796 2.798486
1.723100 2.065796 2.647436 1.080051
1.945076 2.249909 2.780524 2.248169
2.259705 2.316069 3.090302 2.216595
2.222209 2.255350 3.052823 0.551435 1.026423
2.407803 1.856265 2.894669 1.462042 0.124599
2.653128 1.838825 3.282705 1.328174
