0.631443 0.543180
0.610716 0.250047
0.611540 0.409958
0.619846 1.002409
0.614525 3.497091
0.616583 1.336561
0.640426 14.299614
0.639203 1.914026
0.647182 1.979702
0.664659 1.224929
0.669389 0.282807
0.669988 4.547030
0.645864 7.178547
0.646308 0.837926
0.685195 0.285022
0.646511 0.450801
0.641956 3.975918
0.651333 2.364503
0.650739 0.588826
0.645773 0.318941
0.650511 0.467662
0.645324 1.975577
0.660870 0.296357
0.653400 0.339597
0.649938 1.123826
0.639660 0.914905
0.643385 0.473167
0.654855 2.561550
0.639475 1.228789
0.612989 3.293052
0.617460 0.766867
0.615684 2.379016
0.607533 0.789168
0.628759 0.553939
0.621865 0.542801
0.640562 1.764045
0.646722 1.010169
0.625114 1.269073
0.622228 1.196732
0.634701 3.879162
0.639578 0.625259
0.625679 1.720076
0.628469 3.563797
0.627187 0.549480
0.591576 0.531181
0.597533 0.716990
0.619900 0.915035
0.614618 0.212359
0.629171 0.364928
0.638206 0.343036
0.639791 0.997190
0.607897 0.852640
0.614428 12.321408
0.602610 0.486417
0.609759 0.810938
0.622842 1.791714
0.623245 0.404024
0.610042 0.377795
0.623401 0.779123
