5.929331 10.144863 0.771724 0.678364 0.500620 0.529439
5.899493 10.382504 0.817390 0.059420 0.666767
5.638209 10.688857 1.178295
5.848339 0.905398 10.702353
5.272773 1.255849 10.954840
5.096928 1.401436 11.407443
5.072197 1.655146 11.106435
5.132757 1.688618 11.442285
5.215531 1.249799 10.835970
5.197527 1.393877 11.364250
5.172033 1.755601 11.049238
4.962765 1.683049 11.270827
4.849674 1.625397 10.912562
4.766881 2.119461 11.143684
4.865865 1.842380 11.225584
4.993743 1.782143 10.916762
5.204623 1.412114 11.272525
5.405434 1.384205 10.816682
5.236522 1.410887 10.959511
5.238894 1.470651 11.267096 0.424122 0.780042
5.333124 1.298485 11.268835
5.436963 1.033172 10.695933
5.706958 0.902287 10.834623
5.678663 0.943632 11.060829 10.746311
5.912437 0.808930 10.326386
5.994228 0.786815 10.333147
5.506898 1.026721 10.733358
5.763460 1.010214 10.376930
6.085927 0.806033 9.951671
5.807698 0.923512 10.514388
6.269186 0.462733 9.822522
6.280589 0.406676 10.076450
6.259478 0.286761 10.323341
6.670591 0.022938 9.887409
6.609318 0.094951 10.103506
6.334995 0.084037 10.329766
5.413008 0.877885 11.369039
5.375955 0.977706 11.230354
5.810075 0.715793 10.813919
5.805136 0.587759 10.937864
5.469635 0.804919 11.230882
5.564787 0.717322 11.015670
5.586463 0.888150 11.061084
5.514128 0.864613 11.064788
5.532766 0.939157 11.115539 0.081966
5.416311 1.062198 10.858285 5.932294
5.402277 1.061516 10.004906 6.883826
5.202491 1.166383 10.639881 6.337116
5.543199 0.865565 10.834880 6.177918
5.691958 0.784050 10.993982
5.734959 0.499483 11.047684
5.454035 0.817589 11.349972
5.367661 1.040546 11.151246
5.606070 0.895185 11.094256 0.384132
5.511437 0.907032 11.215143 0.303636
5.259455 1.166684 11.452121 5.260569
5.602568 1.478818 11.216212 4.474165 0.055319
5.801965 1.638603 10.704438 4.868512 0.504015
6.094889 1.508164 10.225595 5.017365
