0.349958 2.569806 1.645326 3.340266 4.490222 2.531455
0.348879 2.433121 1.701760 2.664971 3.670117
0.349542 2.410072 2.038461
0.347886 2.238509 2.539475
0.336597 1.998791 2.506004
0.341238 2.048371 2.602199
0.350001 2.061333 2.548281
0.342744 2.030547 2.490288
0.343977 2.107835 2.419424
0.346273 2.295200 2.535713
0.354376 2.289622 2.556654
0.345142 2.258979 2.433967
0.341923 2.244256 2.582434
0.347984 2.158178 2.597463
0.356117 2.164240 2.657794
0.345290 2.108342 2.603982
0.346713 2.195139 2.525133
0.352165 2.149303 2.538955
0.350329 2.288653 2.539694
0.346145 2.258564 2.634128 7.043467 0.757236
0.342498 2.099463 2.675899
0.359591 2.170810 2.609986
0.370067 2.156460 2.791647
0.364251 2.289775 2.677273 2.891102
0.374333 2.188609 2.618677
0.367754 2.398475 2.681684
0.365365 2.266804 2.478708
0.363407 2.131589 2.658734
0.379447 2.309624 2.598050
0.360696 2.344054 2.636201
0.362197 2.393062 2.671972
0.360644 2.519872 2.696068
0.362622 2.243397 2.670926
0.368003 2.399223 2.685577
0.366488 2.437947 2.700092
0.370943 2.395663 2.524882
0.372494 2.469643 2.601865
0.365806 2.631099 2.701848
0.366601 2.335657 2.897950
0.384442 2.391962 2.824129
0.385753 2.322556 2.703087
0.367471 2.422265 2.671844
0.368844 2.373038 2.773932
0.361626 2.409417 2.762204
0.367214 2.131038 2.684935 8.795103
0.351374 2.264561 2.676159 0.409750
0.364443 2.257144 2.716061 0.398080
0.356286 2.476265 2.749348 0.385484
0.368531 2.270337 2.749640 0.394102
0.382620 2.254702 2.776226
0.377664 2.047168 2.661353
0.358195 2.255158 2.658562
0.370652 2.335007 2.712792
0.366732 2.277491 2.635277 2.505148
0.356603 2.527488 2.717654 0.032471
0.347201 1.949699 2.618687 0.368641
0.359718 2.236746 2.704300 0.371567 6.724085
0.345045 2.150492 2.534852 0.382755 12.579696
0.353788 2.134170 2.736854 0.374691
