0.000000 0.102498
0.000000 0.086816
0.000000 0.077903
0.000000 0.104735
0.000000 0.063195
0.000000 0.132514
0.000000 0.059347
0.000000 0.134546
0.000000 0.118059
0.000000 0.056828
0.000000 0.090551
0.000000 0.138223
0.000000 0.103645
0.000000 0.094913
0.000000 0.079966
0.000000 0.038655
0.000000 0.071079
0.000000 0.070437
0.000000 0.097791
0.000000 0.041191
0.000000 0.107101
0.000000 0.093505
0.000000 0.037863
0.000000 0.084235
0.000000 0.079604
0.000000 0.077364
0.000000 0.072591
0.000000 0.037601
0.000000 0.057860
0.000000 0.063969
0.000000 0.156202
0.000000 0.056694
0.000000 0.090210
0.000000 0.062544
0.000000 0.098577
0.000000 0.060731
0.000000 0.055343
0.000000 0.085917
0.000000 0.055251
0.000000 0.065516
0.000000 0.081356
0.000000 0.097614
0.000000 0.102610
0.000000 0.086958
0.000000 0.043245
0.000000 0.072957
0.000000 0.071926
0.000000 0.093779
0.000000 0.050854
0.000000 0.083111
0.000000 0.094531
0.000000 0.107817
0.000000 0.070429
0.000000 0.070436
0.000000 0.062951
0.000000 0.063177
0.000000 0.065886
0.000000 0.067934
0.000000 0.074817
