26.177187 187194.281546
27.770227 187210.020611
27.643596 187205.856192
25.941535 187191.245805
25.868883 187188.797067
23.627982 187209.487360
23.317109 187212.860558
23.138346 187211.180627
23.817670 187207.321109
27.961097 187203.024294
28.047603 187193.846728
20.904028 187206.369626
21.013060 187204.936128
26.470353 187205.045703
27.714028 187208.240401
28.560306 187201.502861
23.928804 187204.924357
25.467997 187209.599627
26.747423 187205.872998
31.902306 187200.930691
26.673628 187204.167653
25.204492 187202.213189
32.637201 187207.535683
27.558187 187202.219295
26.236075 187204.976293
26.194823 187198.266663
29.741868 187204.559127
31.965432 187208.591563
29.826389 187199.601923
26.912441 187204.187540
23.896231 187209.069502
26.368097 187199.619642
26.324634 187208.420451
29.749889 187205.089625
26.513883 187203.249571
28.546616 187205.534834
28.256832 187205.167891
26.697442 187200.485615
29.791184 187209.232219
25.103827 187199.577800
28.046325 187202.093653
25.501458 187200.099921
22.938944 187195.470513
28.078949 187200.258603
30.436892 187213.093770
27.743775 187192.441829
27.851932 187214.591212
26.928062 187211.427022
29.694588 187210.985249
28.307583 187202.923436
26.866556 187209.650802
26.337463 187214.142130
22.894888 187214.111080
29.428820 187213.618954
26.351470 187206.544383
27.286964 187203.315907
28.568776 187207.011802
27.730299 187211.381307
29.238973 187211.668359
