5.390114 9.316586 5.285995 4.845043 5.725312 10.581499 4.577167 2.873671 2.651777 3.022658 3.671678 4.983842 4.987167
5.563571 8.883914 5.298875 4.845043 5.725312 11.099994 4.625804 3.405837 3.021160 4.061381 1.032405 3.144862 9.773718
5.639389 8.846727 5.907175 4.845043 6.175832 10.193787 4.557736 4.469181 9.454136 2.626901 2.377319 3.661107 1.398564
6.008608 8.561009 5.656946 4.822826 6.116378 11.392708 4.623004 4.147419 9.008167 1.454872 0.354198 1.840490 5.538756 2.322022 4.361878
5.943897 7.795150 10.974033 4.491194 9.071271 5.522363 3.418598 4.212848 3.480175 2.146793 4.206334 5.253196 6.959922 4.408488 4.256119
6.000946 8.115278 11.086520 9.186999 5.902721 4.491820 4.549147 3.697736 4.145016 6.590780 4.750179 5.396096 3.526008
5.937872 8.131505 11.205145 9.186999 6.061159 4.757805 4.633904 6.565188 4.912706 2.157116 2.609570 2.760846 6.154116 4.027831 0.605498 1.262375
5.914572 7.955333 11.205145 9.186999 4.479245 4.677260 6.693135 5.224276 3.835145 4.526170 5.684402 3.299747 6.075360 2.494876 5.116767
5.888696 8.240172 10.995002 9.186999 4.935481 5.529756 2.712498 5.350590 4.626162 2.328973 7.301728 1.971028 4.514760 0.844027 5.398588
8.240172 10.789851 9.211131 3.329642 5.223341 6.109443 5.713018 2.945497 5.840358 4.596474 4.850524 7.270004 4.718908 5.856503
7.908773 6.573848 2.919868 5.251826 4.850024 6.711610 4.408397 4.325283 3.683026 9.085908 2.966376 1.439074 10.948252 4.060050 4.663615 4.825235 4.610897
8.015316 6.554469 4.776121 6.770026 4.698321 4.343822 11.000583 2.564360 5.826030 9.190753 3.424482 1.643725 0.070514
8.298849 6.554469 4.757434 6.742845 4.702766 4.134751 10.691113 3.165317 5.878221 9.156549 1.844248 1.405474
7.957551 6.554469 4.757434 6.982559 4.702766 3.833779 11.196993 5.534160 9.003101 2.026143 4.292638 3.562419 0.172715 0.115001
6.648137 6.982559 4.702766 3.833779 9.170036 2.395820 3.562419 4.611046 11.094760 4.920809 6.125860 7.394503 0.183442 6.266303
6.648137 6.832216 4.668533 3.795127 8.907368 2.956337 4.920809 5.487560 7.839051 2.506996 4.143783 11.402019
6.520314 6.877693 4.685753 9.314277 3.056771 4.920809 5.382729 7.849946 2.813128 11.332706 0.350989 4.316101
6.499109 6.877693 4.685753 9.314277 4.806743 5.786800 7.571249 2.236120 11.045322 4.415356 2.643578 2.775158 8.625931
6.366049 6.723107 4.685753 9.254456 4.596632 5.786800 7.805705 11.142527 4.177445 2.959703 3.411262 2.145017 4.812000 6.011399
6.266289 4.739304 4.991545 6.172481 8.005974 11.128554 2.474142 5.009410 4.420046 6.034179 2.246849 8.409220 1.044650 0.536262 8.376623 5.706890 3.016605
4.799120 5.557924 8.057479 10.665300 5.008429 6.019586 8.939671 4.146172 2.754689 3.157774 6.522629 4.977183 5.633844 1.807235 2.664199
4.827548 5.887509 8.026253 11.437424 5.885225 8.953591 6.743670 5.168616 5.747634 3.353907 2.961447 2.710473 2.587837 2.040723
4.827548 7.227301 11.470758 5.885225 8.953591 6.469342 5.229100 4.638431 3.977914 2.858883 2.226335 2.924965 6.044932 5.833915 10.760998 5.821478 2.970347
4.838553 7.985505 11.455664 6.118695 9.167698 6.584749 5.103568 4.951033 6.282900 2.663145 3.294953 0.107905
4.838553 10.539158 6.269817 9.231384 5.053091 4.627592 5.479101 3.232218 6.642451 4.211985 0.234863 8.080737
4.838553 10.923706 6.074268 9.180832 5.020853 4.337878 5.611174 2.672814 2.140660 8.118216 6.566651
4.832128 11.497582 6.179035 4.967625 4.451649 5.328035 2.921020 8.120246 5.739686 8.997895 1.536629 7.107157 3.003794 9.735201 1.167335 2.506208 6.257510
4.847171 10.678788 6.231557 5.028217 4.576348 7.823559 8.973826 6.906836 2.678776 6.328451 2.220597 3.712307 2.417486 2.171989 5.611011 1.776534 0.733019 1.042986 0.840693 0.228186
4.847171 10.510715 6.117042 5.028217 3.923836 8.851860 6.690526 2.975598 6.308424 7.907378 4.793508 2.164803 1.027944 1.993833 11.253587 1.880058 2.420860
4.847171 6.571692 4.969866 4.086496 8.611375 6.775613 6.269141 4.121768 6.720984 7.881762 2.907307 2.305713 0.616891 4.412458 11.284061 6.090970
4.882720 6.571692 4.969866 3.626499 9.122991 6.775613 5.836918 3.144654 7.992943 3.125643 10.526926 0.469195 2.216284
4.882720 6.571692 4.969866 3.654676 8.888917 6.664295 5.773087 3.175691 8.124216 10.579963 2.036241 3.067369 10.256658
4.837275 6.571692 4.969866 3.942221 8.755439 6.712777 5.729695 3.600686 11.315005 7.698092 1.917012 3.160211
4.837275 6.290741 4.923026 6.853115 5.944231 11.366955 7.505576 2.613361 4.779166 8.803804 0.110885 1.659197 2.549632 1.204055 0.572388
4.844901 6.290741 4.923026 6.853115 5.758074 10.989307 7.547172 5.202193 8.803841 3.342329 3.242133 0.160587
4.844901 6.049432 4.923026 6.431429 5.724920 7.416549 4.759716 8.890656 2.058854 11.278184 3.076169 2.235318 0.852161 6.523844 1.000196 0.326612
4.844901 5.541538 4.887026 6.275623 7.602410 4.488232 1.949442 11.452735 6.376670 2.331276 1.881891 8.296305 1.214788
4.844901 5.401807 4.887026 6.749347 4.276028 11.422489 6.737760 1.929712 8.107048 7.570143 3.073159 2.701578 1.632278 1.360355
4.844901 4.739956 4.887026 4.218318 11.140299 6.330481 2.484427 8.364116 7.063215 2.741038 5.368771 3.417123 6.557113 3.026015 1.008269 3.527624
4.780559 5.175999 5.108680 11.282080 3.283777 8.379159 7.550408 5.711689 5.505242 2.824964 6.203640 4.051191 5.952225
4.735970 5.693974 5.108680 11.142604 8.669554 7.282760 5.505242 6.294888 2.656465 1.685130 5.682599 2.888745 5.144206 5.491216
4.733834 5.727298 4.918068 8.791820 7.538296 6.672616 3.645238 6.078209 4.688537 2.204853 4.033338 11.052573 6.203003 4.000633
4.769446 5.727070 4.918068 8.791820 7.624244 5.896985 3.463388 11.001708 6.795891 4.584139 2.298176 4.940868
4.769446 6.320314 4.918068 8.650141 8.005995 11.370741 4.576700 5.716609 2.760027 3.550348 6.641453 0.959508 1.115613 10.164968 2.835032
4.769446 6.320314 8.796656 7.487448 5.501683 3.045322 6.641453 4.983923 0.766292 2.194621 11.145541 5.051198 2.805983 1.341582
4.769446 6.140097 6.182205 6.910442 5.691672 8.004036 5.051198 2.468414 8.630993 6.055911 7.476709 2.574470 5.340240 5.548505
4.747334 6.145098 6.830544 5.105273 2.232385 8.745814 7.856347 11.419853 4.310098 2.400454 2.570022 3.697771 6.151370 2.767899 2.245823
4.747334 6.194489 6.898345 5.105273 8.728903 11.262835 2.733930 3.922197 5.472142 1.644928 2.413900 7.674298 0.331106 6.148987 2.512225 11.483294 9.636182 8.959286 0.282567
4.687626 5.974249 5.146631 4.052822 5.472142 2.402190 7.706291 8.803028 11.045460 6.168233 1.996430 2.685215 6.794180 0.766910 0.548005
4.803261 5.803624 5.146631 2.516087 5.109842 8.064972 8.940367 10.946369 6.655679 4.485869 3.044669 2.178603 5.817890 0.298876
4.803261 5.131531 7.675001 8.135817 11.330286 4.742599 6.234392 2.389829 2.353031 5.575225 2.036762 6.820186 3.767202 8.978558 2.974048
4.803261 5.079413 7.312206 8.801787 11.338363 3.303247 5.280687 2.505847 5.537011 6.843251 2.799102 5.700945 3.112775 0.506760 4.491858
4.803261 5.180638 7.211343 8.655343 4.263184 5.280687 2.365693 5.792240 2.956701 5.459633 3.136011 6.144619 2.181709 7.770170 11.393906
4.248759 4.948686 8.840320 4.208305 5.280687 5.792240 2.436085 7.711435 10.955269 6.190209 5.714479 4.943656 2.848097 2.191927 2.322927
4.458521 4.944873 9.090430 4.208305 5.032976 5.792240 8.507019 10.956961 6.190209 3.637479 5.270432 3.048276 2.330841 1.235961 1.278229
4.504867 4.944873 9.090430 4.526291 4.987255 5.633072 8.611279 11.386076 5.998269 2.118064 1.811728 4.435193 3.078289 0.434790 4.028102 0.722070
4.325849 4.913796 9.090430 4.987255 5.795505 8.526567 11.232662 6.116682 4.267641 3.447050 5.140796 1.493200 3.040850 0.350004 0.581366
4.204563 4.913796 9.090430 4.987255 5.768711 8.526567 10.852376 6.224774 2.709946 2.226017 5.494084 3.831058 11.316969 0.188386
4.672678 4.913796 8.818424 4.987255 5.976508 7.938328 7.176308 2.081032 3.354706 11.153584 5.724137 1.144866 3.932506 4.444914 3.647921 2.959045 5.854767 2.878343 4.011693
