0.111934 1469.167677
0.112137 1462.392567
0.113003 1485.448297
0.112902 1474.100270
0.111248 1474.670896
0.111188 1465.663230
0.111993 1466.601149
0.111625 1478.050010
0.110729 1480.393912
0.112269 1475.431437
0.113772 1467.883053
0.114063 1472.418198
0.114234 1478.269440
0.114229 1480.036798
0.115197 1472.182137
0.115404 1487.839514
0.115951 1478.445181
0.114136 1472.148885
0.114067 1474.341202
0.116396 1469.432625
0.114966 1474.337376
0.117645 1475.058833
0.119460 1487.732875
0.120620 1479.793388
0.118227 1463.506338
0.118482 1486.141137
0.117238 1483.423417
0.118797 1474.075064
0.117873 1469.977628
0.118643 1470.233282
0.118202 1473.549722
0.117796 1477.617521
0.117353 1472.146150
0.119793 1460.291634
0.120680 1468.256867
0.119606 1463.896796
0.121622 1477.333809
0.122264 1465.841411
0.122443 1455.674314
0.122373 1464.351176
0.122745 1482.026833
0.122333 1461.658273
0.119990 1490.950965
0.119555 1468.430339
0.120065 1466.362505
0.120501 1459.433375
0.121913 1474.809657
0.122830 1490.702584
0.121953 1488.653580
0.122236 1467.458183
0.120289 1461.765336
0.118822 1462.804416
0.119186 1468.938152
0.118333 1471.780587
0.117081 1471.759059
0.115797 1470.271021
0.116811 1476.133194
0.116371 1477.314701
0.120188 1465.780112
