1.654727 0.336534 1.369965 2.951916 2.076343 4.541246 3.823941
4.285554 2.404204
2.641137 3.155252 3.735150 2.119806 4.004311 2.191515 2.368529 2.250762 1.484548 1.361100
3.049931 3.107793 1.789181 4.478056 2.532892 2.102733
0.685901 1.248523 2.994206 0.921974 2.207363
5.123509 3.504555 4.565458 0.506732 3.917795 2.417976 2.146146 1.961907 5.002671 5.171360 1.865990 3.055824 1.987270 3.597298 2.442869
4.221803 5.145176 3.251282 3.646215 2.177933 1.799715 1.657829 4.094371 1.747611 1.504111
5.007532 2.050823 5.150199 0.232726 4.023823 3.994190 2.131069 3.011671 4.481583 2.590725 3.298861 3.130105 4.360714 2.367166 3.963304 0.643217 2.988821
2.285641 0.989369 0.018478 4.578319 0.681191 1.778393
2.689249 0.342055 1.633062 1.856259 4.887741 3.367983 2.738586 2.566644 2.883323 3.226812 0.851584 4.734918
4.532823 1.509940 3.512762 0.561047 0.873434 2.860955 3.224693 3.442579 4.753045 1.365477 0.789611 3.371917 0.984165 2.114936 0.307668 3.520312 3.010611 4.177064 1.207683 2.865501 1.353155 2.935844 4.478596
4.629566 1.620140 3.432876 2.773681 1.702579 4.917351 1.401054 0.747647 2.889110 4.546593 2.729828
0.272470 1.034948 3.304384 3.644473 2.742406 4.605279 3.089525 4.374284 3.299292 2.847590 0.479621 2.860190 3.121632 2.703873 4.532195 4.241137 1.887618 2.409810
4.610833 1.377684 3.540467 0.204104 4.025513 3.623721 4.566163 2.646404 2.441488 3.028391 3.803262 4.191424 1.613923 3.946261 2.785230 3.309104 0.187009
3.380819 1.554440 3.935719 3.628676 2.552883 0.128144 1.925994 0.853777 3.479878 4.610125 2.286832 0.205634 3.621740 0.130713 4.153345 4.649060
1.461894 1.339735 0.557451 4.260259 1.849045 1.668392 1.025428 4.956967 2.013409 3.154602 2.630402 1.462286
3.685214 3.654748 2.053316 0.769792 3.654449 4.663879 1.704919
2.288023 1.032367 4.359135 4.565771 1.091823 4.074035 0.676383 4.770352 4.690855 0.739376 4.160980 3.355737 3.277420
2.179513 0.723274 3.120053 4.956547 4.522078 2.573273 3.145671 1.097602 3.965716 3.167739 4.774281 4.699575 4.138138 0.541040 2.789296 2.878061 4.644558 1.225414 0.721793 3.576141 3.754705 2.488933 1.625510 1.713276
3.564320 3.167932 0.738121 4.206079 0.020254 1.235018 4.638636 1.176152 4.293380 1.639258 1.172194 1.599065 0.706264 4.118977 4.598789 3.258803
0.454361 3.584895 1.815356 2.393391 4.584277 3.815550 2.311965 0.086914
4.443515 0.620020 1.527625 3.473914 0.302882 1.241495 5.171427 3.374743 3.214991 0.973007 4.788314 3.456119 1.484017 3.665835 5.113399 2.634394 4.254970 0.495008 2.682169 3.729909 1.658743 3.464433 2.183967 3.890639 0.466804 3.508780 4.244122
0.278837 2.489295 2.014829 2.498067 3.483784 2.196080 4.144930 0.066625 0.996158 1.819434 1.094304 5.121263 1.645077 3.342510 1.893197 1.963140 3.806652 1.111574 1.347882
1.861190 0.799424 2.684529 0.378215 3.026901 4.239784 1.756939 3.086446 4.065588 1.894538 1.982000 4.689581 4.564229 4.077835 0.815979 0.771253 0.076333
1.502224 1.666472 3.056172 0.375145 2.219521 2.033525 3.193428 3.189172 4.842604 3.432270 4.205370 0.207869 2.335201 1.018555 3.521387 0.084286 2.901503 4.692276 4.898466 0.020854 3.718260 0.674414
2.363695 3.896038 0.802292 0.108592 2.271886 3.242907 2.596942 0.228622 2.583346 1.495514 3.836120 1.768361 5.126276 1.014118 1.865541 2.033618 4.963347 4.789915 0.852295 2.006995 4.523997 2.270342 0.821147
0.620271 1.304122 4.226906 3.788202 4.179109 4.291778 4.557380 1.738293 2.662362 1.752722 0.154302 0.743398 3.376903 1.992892 0.837407 3.154472 2.173593 1.041128 2.867466 3.445534
2.287480 4.141741 1.931712 0.117236 2.245120 1.679525 3.217021 3.200960 1.305977 0.331133 4.552257 4.205743 0.753165 0.065514 0.872814 2.008156 5.095753 2.924097 3.900929
4.118591 1.769351 2.282882 1.138420 1.128478 3.832500 2.537870 5.108775 4.341686 1.381277 1.576860 0.139640 4.936217 1.424548 1.929749 5.107132 4.005557 2.449727 1.149417 4.911716 1.189339 3.083784 3.196053 2.195294 4.205036 0.823225
2.977500 3.277438 2.018638 0.298535 0.830070 0.391952 0.272405 0.628831 3.367133 4.368096 2.162846 2.892087 1.503386 2.488120 2.967094 5.181495 3.453504 0.455459 1.573105 0.588335 2.436304 1.788208
2.849596 2.481753 0.409161 1.375337 4.006530 5.029478 5.042627 3.062037 3.395698 1.377100
2.254668 2.262340 1.011476 2.236235 3.311253 1.594370 4.564066 1.262278 2.987789 4.492317 0.273001
1.546859 2.668405 4.346867 4.040773 1.243048 2.813878 5.158702 4.760058 4.759503 4.636965 3.519561 4.776828 1.069098 2.975293
3.144433 1.602806 4.065386 0.078096 3.954263 0.003119 1.342833
1.918306 4.952654 4.604221 2.526351 2.322361 4.842497 1.816749 1.385392 1.734840 1.798229 2.190716 2.923090 3.638720 1.582399 4.937531 4.328497
5.080069
5.111633 1.065444 3.715490 1.992901 4.703664 5.094742 4.264948
0.781511 3.129701 0.358330 1.681626
1.212078 0.865536 1.703730 3.216014
2.476711 2.292862 3.079372 2.148801 2.838821 3.621053 4.632529 4.634820 1.125312 3.319672 2.442982 4.129877 1.356908 2.780990 3.981202 4.548177 2.935619 4.242149 2.242430 1.573267 3.927875 3.206010 3.279292
0.373587 0.304213 1.834626 1.380530 0.536844 3.842180 0.011522 4.977985 0.560830 3.109027 0.763495 1.224178 5.055022 4.578556 3.277509 3.420756 3.769383
1.419848 3.633469 2.552316 1.218003 0.620744 4.900825 4.810210 1.658759 4.906380 0.044132 3.981003 4.505635 4.445168 1.674581 4.658240
1.201813 5.014762 0.687210 0.333610
0.948580 2.766351 4.616446 1.088720 2.195997 3.847842 2.914362 1.774611 2.742894 3.517532 0.981268 1.636535 1.111775 4.746125 3.366673 0.178790 3.009204 1.822699 5.166452 3.422690 2.352783
0.952343 4.569137 4.271410 0.798613 0.951529 2.088802 1.331924 4.438773 3.892937 3.831773 3.211654 0.140527 3.303086 4.414587 4.575002
0.813602 3.010264 4.379806 4.667969 3.292233 1.902867 1.450581 5.154930 4.699630 2.631940 0.751960 4.005251 2.543202 1.162810 4.675366 4.579656 4.874644 1.011307 3.184764 3.435610 2.262860
2.988588 2.479796 1.141605 2.748043 4.005778 4.725966 2.523397 4.190716 0.714485 4.289600
3.003724 3.231877 4.135798 2.172719 0.901538 4.022664 3.976121 4.934110 4.187068 2.374655 1.511072 2.977531 3.455622 3.308487 0.283963 1.298446 3.832973 3.488782 4.673361 4.049172
3.901200 4.270462 1.555911 0.543419 0.185818 3.330090 3.352613 2.789641 3.857711 2.535871 1.053893 2.666606 3.855999
0.029175 1.812536 1.738626 4.104245 4.905595 4.465646 1.634048 2.687026 0.211737 4.753639 3.584813 1.970123 5.133126 2.256693 4.759917 0.017928 0.760404 3.968606
2.271343 0.659826 4.648186 4.034958 1.854225 0.343613 4.762263 4.758781 0.498146 2.291795 4.860308 1.060907 0.718848 5.081750 1.377042 2.595002 4.524981 1.860990 3.327572 0.885583 0.493869 1.548649 1.115792 2.627437 4.812331 1.146676 4.862754 1.444399 0.256777
3.008155 1.940118 3.101258 4.604724 1.570719 1.788384 3.212397 0.465196 2.522288
0.250758 0.099116 3.912111 5.187896 0.802834 1.081659 3.286614 4.910518 4.852018 4.347889 4.233498 3.695315 3.488035 3.843504 4.024747 5.133560 4.336172 0.763923 3.941231 1.967778
1.361030 3.802383 3.779925 2.895198 4.792392 3.412560 3.077168 5.178914 5.095381 1.606654 2.341694 4.642713 3.886716 2.105016 1.093890 4.993736 1.395595 4.572008 4.954989 2.487789 4.053789 3.775822 2.544133
4.341741 3.314393 4.850689 2.137958 2.772467 4.736880 4.152197
5.187930 0.174219 1.353340 2.985185
1.853434 1.520541 2.016078 4.703590 3.836690 1.341123 3.339998 3.090917
3.166911 0.203358 3.439165 2.994849 4.602688 4.375100 5.173026 3.856822 1.495694 4.433413 3.810514 4.857314 0.515993 1.385064
0.070433 1.051206 0.147029 3.584266 2.418087 4.245584 1.292933 4.050281 4.635582 2.302577 1.464765 0.391675 3.066219 5.118238 1.143440 1.218390 2.610016 1.570094 0.768884 2.387916 0.134744
1.325151 0.598633 1.961837 4.282011 1.904158 4.032611 3.127078 0.251444 1.333088 0.740111 0.657028 3.184321 2.938177 3.097043 1.294282 0.327694 3.188127
3.466251 5.178069 0.805413 0.278552 5.047509 4.779789 2.443966 3.412906 3.585303 3.395321 1.402580 1.123388
1.425431 1.172720 0.115916 3.182583 2.711925 2.208641 2.029053 1.024487 4.719684 3.722891 3.572307
4.813321 0.800800 3.776477 3.033712 1.809529 4.032917 0.339500 1.358332 0.643255 2.605731 2.808406
0.349899 3.263725 4.683165 1.246234 3.345398 2.287304 1.927022 2.040403 4.078188 3.156371 3.279277
0.788408 4.994825 2.387581 4.962826 0.377600 0.349324 2.449170 1.817719 1.909626
1.553008 0.987095 2.097288 0.293348 1.276751 2.391123 0.755684 3.650747 0.222719 1.405660 1.108888 4.324111 1.766165 1.292226 2.629402 4.552246 3.301688 3.691053 3.314274 2.731715 3.929816 1.922842 0.781871 2.644299 0.527106
0.086695 0.479436 5.067056 4.442225 3.101162 3.030282 0.752320 2.174891 1.529479 1.002675 2.306111 1.962393 1.927457 2.051080 2.349100 1.629820 0.919523
2.777656 3.120707 1.435782 1.056970 2.448275 0.003360 1.408420 0.846224 0.539110 4.848208 4.315282 4.928283 3.249338 1.835994 3.013613 0.763654 5.017833 3.501350 4.822728 5.176817 3.919489
2.887608 2.966061 2.057105 1.404024 0.067532 3.690948 2.693413 4.883158 1.624744 4.150832 3.415333
3.575646 3.466598 5.195498 1.261608 1.879406 4.657795 0.962240 3.348664 4.490456 3.131046 4.810203 2.274879 3.330865 2.679917 3.863185 3.939504 4.685637 4.331517 3.215455
2.227277 4.828942 0.564391 2.434338 3.667881 4.075303 0.931128
4.700911 4.157558
2.281675 1.243904 2.298798 3.274240 5.129367
3.106701 2.115622 4.843321 4.611210 4.516496 4.930908 1.710189 4.884470 1.178737 3.741318 1.096734 3.752669 0.093936 3.593053 0.981958 0.374639 1.437317 4.494728 2.303919 3.194965
1.201368 1.915704 4.904974 0.344323 2.723556 4.137742 4.458047 2.802359 3.814557 1.502482 3.679016
1.784121 2.521160 4.205494
5.082417 1.824117 4.842747 1.595979 2.329900 4.972183 2.661431 4.530598 4.996853 4.651368 1.887768 4.069795 2.770541
1.431392 0.008235 4.168868 3.920502 0.860176 2.112631 0.113237 0.826863 4.214173 0.804967 0.492998 1.786347 0.160460 3.324168 1.774508 3.106256
3.113588 4.598413 5.161269 3.142357 3.744844
0.881182 0.362519 1.341343 4.342154 4.296042 1.478195 4.874258 1.390969 0.759546
3.039554 1.396586 2.464167 2.281625 4.934301 4.155910 4.473920 4.794913 4.004365 4.078074
1.274440 1.518863 3.602126 3.069119 2.153110
4.732922 0.485087 3.191570 5.158560 3.207732 0.540352 0.814738 2.847508 2.261604 4.022602 1.797751 1.989585 1.493729 0.676041 2.867880 0.229035 4.992060 3.448208 4.597243
3.245676 1.912844 1.978476 0.990265 2.562217 2.229926 3.252409 3.292301 2.685045 1.686453 4.482694 4.045884 3.307796 0.418443 2.670656 3.695725 1.210658 1.524344 1.920787 1.598220
2.396593 3.254940 1.774715 1.182002 3.770045 1.969765 2.727060 1.774934 4.443404 2.130159 3.679420 2.400166 1.910512 1.858817 3.035397 0.133000
2.374058 0.387010 2.465181 3.310517 0.177019 2.892036 3.435142 1.086447 4.223139 3.565385 0.272566 1.474070
1.140763 2.694231 4.768861 1.939590 1.319358 2.444572 5.125021 3.380585 0.567646 1.782399 4.262157 0.171097 1.886028 3.055931 3.424524 4.390450
1.684410 3.561865 3.599578 3.273616 1.547257 4.856871 0.205333 0.296093 4.285778 4.654028
0.932402 2.041485 4.030928 4.687716 4.688349 2.999630 4.613134 1.739291 4.023468 0.926978 0.127133 3.556856 3.277548 3.500384 4.542475 3.509578
4.110875 2.358642 4.232873 2.481205 2.582757 4.747297 0.580158 3.791738 2.540771 4.022538 0.929209 3.668153
5.072213 0.926252 4.867374 1.662847 4.037443
4.508744 0.687383 2.577175 3.177693 4.251068 4.253438 3.485168 0.548104 4.673557 3.782954 2.493819 5.173239 0.211429 1.853353 1.315117
2.850404 2.908006 3.764099 0.660870 2.402347 2.975097 2.109615 4.298462
4.887412 1.455735 1.044177 4.959527 0.101166 1.702663 0.404157 0.621476 3.153611 0.094551 5.012452 0.763193 0.115262 0.131689 1.511169 1.502440 1.704413 0.795042 1.100715 1.070383 0.557797 2.035727 3.055568
3.594690 0.392896 4.424009 0.286831 1.404509 2.594715 4.833227 2.806105 4.071364 2.545045 1.794514 2.869523 3.998133
2.165617 1.585961 2.953837 4.822832 0.762954 2.036774 1.800622 4.354387 1.943212 4.390806 5.083503 1.934586
4.523572 3.227199 5.111665 4.708509 3.572952 4.043970 4.289470 0.298061 3.769615 2.426151 4.969605 1.199834 1.544941 3.672493 2.603878 4.831404
2.320300 0.046200 3.143648 0.386330 2.801807 0.402669 1.926831 4.419926 4.059063 2.418194 3.980115 1.985505 1.209960 3.474742 2.611619 2.768286 4.849547 2.327999 1.371199 3.279497 4.411718 4.212913 1.753481 1.369693 1.598472 1.758755 3.959674 3.147991 1.337551 1.522579 5.052981
3.165027 0.752811 1.393614 1.693274 3.949443 1.581687 1.503209 2.813068 5.171298 4.575839 1.971093 0.702571
