0.596849 6.104188 3.749967 5.583964 6.737807 2.075103 4.480217 4.902164 5.148986 3.133553 3.325024 2.662730 3.957639 2.545107 5.875507 6.826975 3.149352 0.331988
3.298226 7.291876 4.802714 1.482906 3.610300 1.895414
3.396532 6.597086 4.397512 0.875521 5.307216 6.370085 4.462417 1.517283 5.966992 3.806305
1.816741 3.001289 3.248452 5.790170 4.204664 2.695362 4.792794 6.944403 5.779720
3.259599 2.224789 1.578380 6.985323 4.289441 1.866701 4.729737 5.079488 2.639806 0.446524 3.923045 0.186098 2.969122 5.319549 6.838091 1.323203 1.318911 4.693934 3.306324
6.988152 2.415316 2.642370 4.647516 0.251078 7.212385 5.928885 6.413184 2.277735 6.072058 1.827184 5.214676 2.123896 2.507095 4.361776
0.135883 4.425458 4.598169 1.553892 4.945595 0.162403 0.890223 3.059462 2.516874 7.328694 2.348305 7.240907 7.492432 1.575775
2.155098 2.382061 5.521767 4.871306 0.479949 5.376197
1.932496 1.639503 7.150973
3.166245 1.945627 5.869463 5.662088 5.440789 5.788579 5.875169
3.243821 1.254640 6.334216 1.711428 2.901828
3.316189 6.709243 2.446174 0.157675 2.134009 3.987679 1.093143 5.085075 4.820420 3.852510 2.207964 3.908240 2.645203 0.510564
0.892107 3.924795 2.888080 7.094659 3.507973 5.473431 6.662050 0.718867 5.621614 0.816322 2.361599 5.419288 4.411853 6.843606 5.556870 7.332469 0.197929
2.990318 2.795814 1.316563 5.633106 4.994227 4.352867 0.594918 3.987413 2.724471 6.150843 7.236036 5.179754 1.615000
4.289481 0.848251 1.523106 6.322393 5.207758 0.253612 1.966155 0.763387 4.442146 4.466626 1.098679
3.971249 3.750255 1.330257 1.349962 7.171246 4.017719 6.976606 6.192530 5.165569 6.358713 7.407851 1.053019 4.440779 1.560670 5.372020 3.794687 1.016854
3.522413 6.322767 5.890141 0.448853 2.040058 1.796584 6.201738 5.661880 0.774289 0.752273 2.480467 5.427232 0.157838
5.825600 0.540455 1.367967 3.986925 1.496012 2.141490 0.297010 2.889114 1.554539
5.293600 1.530934 3.045701 7.405338 1.749100 3.544571 1.810283 6.786281 4.897695 7.160099 6.660945 0.253707 7.137597 6.336347 4.765062
3.633892 4.486322 7.010632 1.270569 5.348904 6.659964 6.662641 1.099126 5.710866 5.819444 3.272017 0.261743 1.193414 6.457858 7.394242 0.457603 0.316812 6.087163 1.620928 1.485917 4.286535 0.360047 7.433043 4.875376 1.089131
6.120060 1.415113 4.717529 2.999405 6.740943 3.595345 6.693490 6.895778 5.250803 1.461132 0.147555 0.276864 7.403243 1.169942 3.008903 2.160021 0.100579 7.028409 6.478116
0.821770 7.085596 0.965477 7.136172 6.804362 5.994526 6.260617 4.327974 2.719874 2.810940 5.578818 2.272188 3.103991 2.930111 0.248549 5.649274 5.351081 5.683983 4.370903 4.118282
1.389192 5.816875 2.165747 3.290087 6.738946 1.008045 5.759004 7.217820 2.676564 2.583281 6.447891 6.825316 1.185759 1.135900 1.659824
4.602857 0.484948 3.050360
0.064052 2.350965 2.697986 3.374772 4.163486
0.827559 1.837140 3.584686 0.939226 4.742135 4.930481 0.692677 1.551170
3.797507 1.068080 6.620803 7.247189 6.207063 6.286063 3.811348 6.399836 5.188403 2.344362 7.027991 4.057703 4.760036 4.702386 2.152540 1.426607 7.091452 0.446023 4.260891 7.133601 2.959520 6.532780 4.765205 3.283209 6.289864 4.112392
0.788437 5.538788 2.944432 1.516982 6.074438 6.905680 0.866738 0.309716 5.965906 0.915770 4.951821 1.007962 5.709060 5.447383 3.390098 6.183973 4.563323 5.519422 4.667833 3.368839 5.566082
6.110963 0.844141 3.427340 1.965207 1.441467 1.667410 1.500729 1.103799 1.435544 2.000668
0.879083 1.042670 4.952084 0.677891 3.361059
2.387594 1.842395 7.131196 3.910016 2.319152 1.714109 1.000348 0.584702 5.490985 4.620458 4.381045 3.959217 2.219153 7.040208 0.198137 4.665820 6.158125 6.276562 0.479641 0.609876 7.073049 2.136855 1.777927 3.687614 6.229155 0.529963
3.920500 0.392388 6.602388 1.974695 2.924792 3.934328 6.655585 5.702877 5.744099 6.760729 7.428086 7.162631 6.843628
0.621966 3.752591 5.773746 6.669369 5.760307 0.738933 6.373691 6.913733 6.002642
6.056251 7.048281 6.104176 0.025833 1.306680 3.216952 2.919558 2.848459 5.072827 1.166388 2.133716 2.242211 0.707538
2.691691 5.373351 2.228544 3.758617 7.484040 7.000505 2.466743 5.432538 1.838661 2.797402 1.330584 6.893074 2.367497 1.221564 5.164396 1.643975 7.322352
1.814376 7.458810 1.912362 0.059260 2.282523
4.239280 2.482591 7.215789 4.499055 1.247569 5.103672 4.504988 0.216470 2.366180 0.118926 6.043381 2.283134 1.376431
3.406008 7.064420 4.517755 1.608162 6.187912 3.123584
3.165084 2.703068 7.292337 2.307174 2.125019 0.930616 0.500637 1.398483 5.888839 2.948320 7.093474
1.642740 0.098873 0.194904 0.613074 6.399816 5.031442 1.666527 5.929458 1.104197 5.488720 4.288448 3.393500 2.374899 7.296292 1.376006 5.383868 1.276943 5.112309 0.680272 6.574870
6.417342 0.417032 3.124867 7.134790 2.349245 2.275412 0.346769 1.450237 1.305200 7.496970 0.378565 0.064757 2.124767 1.134647 5.262547 0.632814 5.702308 5.422132 6.978218 3.861353 5.162550 5.066604 5.168112 1.362222 3.472336 0.442114 1.852430
3.325626 1.343356 1.159320 1.147034 6.251481 0.121270 2.636492 7.207719 4.074600 5.703900 2.162159 6.190315 7.403290 6.417752 4.566446 6.895849 7.066487 6.943228 6.116278 0.140818 2.871764 0.734285 3.978305 4.329904 0.765163 7.236086 5.950487 5.457661 0.023313 1.691777 1.233041 5.666384
6.120341 6.932278 1.237549 1.603636 3.923911 5.131066 3.861570 5.492543
0.856440 1.678865 7.099219 1.621746 7.127192 4.896232 6.565885 4.321115 6.380298 5.366558 2.603271 3.737506 6.904710 0.288815 6.471575 5.833831 0.741284 1.407794 3.278786 6.839571 5.616202 4.441752 4.016520 7.117539 4.135859
6.949647 2.017600 3.440821 2.356425 7.071573 7.344755 5.768162 2.098348 3.211813 1.147892 1.000115 0.873543 7.096112 6.975673 5.636082 5.852977 2.696166 3.465082 4.147201 4.596375 5.797311 6.693998 0.107170 0.830831 1.049976 6.011026 2.958444
1.103878 6.348311 3.162176 2.390251 3.141653 4.719229 0.471126 0.979477 4.134166 6.969798 0.047220 6.159721 5.202932 6.749661 2.600956 3.892952 3.786231 6.710569
0.809537 3.453492 4.423935 3.918653 6.033762 1.949353 1.953012 4.864916 5.762448 4.477155 3.854177 3.772348 2.147247 5.050263 3.611045 0.043116
7.226729 0.082848 3.428908 3.232574 1.709348 3.262510 1.603145 0.099000 2.463028 7.072391 3.694281 4.692089 6.132816 0.719623 5.610469 3.365138
3.778044 5.425207 0.658360 6.111490 5.401842 6.786995 7.284054
5.551593 5.129413 3.171459 4.739076 5.113013 4.767521 1.569620 4.548024 0.279495 3.910250
5.253476 7.436086 4.812375 3.708312 4.061483 3.587785 6.918578 2.296197 1.285125 7.115226 2.215518 4.308166 2.481057 2.659760
3.587431 6.099863 1.158707 1.616774 1.293460 0.475723 3.167816 3.822324 2.861734 1.243423 1.721784 1.595712 6.446477 2.456187
2.732122 1.907638 0.169381 2.497329 1.406829 6.075761 1.261094 0.764892
2.766273 2.242699 2.129851 2.169262 5.823188 3.281799 7.237746 3.736429 3.556893
6.382109 5.830210 5.391061 1.885753 2.183169 6.725213 1.463700 6.180435 0.363823 3.942144 2.649889 1.544829 0.158092 2.075845 4.108372 2.033779 2.141305 2.443800
5.108712 1.786942 3.183503 2.056254 0.223346 0.231664 4.033031 6.054114 5.177705 1.338773 4.992047 3.416763 6.707553 3.180544 5.648299 2.564146
0.728682 0.739819 2.147437 5.713716 2.634190 3.263025 1.020689
0.764972 6.953364 4.780792
0.761086 7.328875 5.185207 5.990002 2.260815 1.128459 7.349671 0.302688 5.767793 0.771125 2.126639 4.012786 6.202075 1.093814 4.783269 7.349164 0.265712 5.181762 2.697720 4.526194
5.189199 6.655540 7.325336 1.027995 5.996795 4.994568 3.891976 0.885004 4.226232 1.565137 2.328037 3.759457 1.064241 1.629073 4.329990 6.579180 6.046356 6.495141 6.214928 6.890621 3.879496 4.920086 6.732608 1.339003 5.038163 1.116815 2.929677 5.462524
4.100069 6.475294 6.008418 0.041139 3.044821 0.593719 1.463220 5.917974 1.348889 4.683220 1.127430 1.682432
7.017839 7.492647 4.798915 4.892224 0.799981 5.790226 2.852070 1.598913 4.747209 6.904743 6.312873 6.926953
2.815891 1.627239 5.955805 7.333796 2.369575 0.565870 0.483101 2.732307 4.034327 4.789465 6.330911 3.021719 3.530175 3.873502 6.138209 6.138495 4.701450
3.530795 7.210617 7.093461 6.347808 1.604390 2.070025 2.358621 7.307739 6.652903 3.133424 5.622488 3.925072 1.686366 2.366388 6.650555 2.533029 0.431667 6.770233 0.077653 1.560094 1.891237 5.876476 2.218084 5.896639 3.503077 6.869668 7.323375 4.000003 2.887831 3.484858 0.479739
6.191178 0.398140 2.770609 5.103126 1.639671 7.068734 2.511357 5.764577 6.523060 5.956745 2.595340 4.203563 0.185709 6.791434 2.118646 5.420557 5.616861 2.990146 2.641519 0.421759 7.107910
1.105468 2.426898 4.536410 0.604709 1.191588 0.285115 3.417947 7.014901 5.802406 6.421525 2.305999 2.305969 7.187899 1.978381 5.694110 3.439574 0.528574
3.284895 0.116035 3.670647 7.381607 6.234138 4.545565 7.392315 0.941240 0.780239 2.834456 2.448124 2.126242 5.226315 1.152892 0.550652 1.921251
7.154524 0.748649 0.081186 1.259479 1.901854 1.150773 6.678782 4.070181 1.992158 2.270055 2.581865
1.820797 1.672771 5.657587 1.974379 1.206504 6.983641 2.184894 7.426676 6.170878 3.809715 5.018765 5.816444 6.787971 3.391128 2.455632 1.851190 0.375511 6.857585
0.821438 6.541483 6.617181 4.034562 7.392732 4.356148 6.499071 2.928263 2.732288
0.064702 7.103082 4.065711 3.777416 4.554372 6.144664 0.644911 6.713243 7.477850 1.835585 6.985389
5.595683 6.867330 1.720829 0.551192 6.108294 4.513541 7.064529 4.794083 7.473056 0.193394 5.449054 6.332029 0.530941 0.244128 5.662883 1.079228
7.450952 3.541465 3.456833 6.801892 3.009892 6.624125 7.126741 6.374984 5.668710 2.009216 5.535559 4.951914 0.043619 0.388104 6.215448 1.765308 0.902261 0.357639 3.338205 2.339563 6.936544 6.054714 1.009518 0.347711 6.728033 5.575523 6.205279 2.730448 6.459839 2.941072 6.286836 4.802108
0.123024 7.104003 1.289629 2.030309 5.375656 6.126763 0.720666 2.546265 5.306854 0.857738 3.574731 5.070894 3.339259
7.008867 1.012562 5.391411 5.391970 0.557121 3.549533 0.938989 4.535017 6.775927 0.479067 2.081297 3.344337 1.035329 7.452828 4.389609 7.382602 1.802386
1.919236 7.021038 6.521066 0.277694 3.805046 1.847893 2.205023 1.510460 6.016523 1.580993 5.209577 3.239816 0.421137 5.729827 5.163222 1.897610 3.541487 1.589877 5.547779 4.599982
6.379170 0.877167 7.210884 7.457876 4.680828 4.655759 6.850133 4.061386 1.118159 1.252960 2.018613 5.030698 1.056097 1.881878 0.341174
2.581908 2.958551 5.887515 2.688465 1.589844 7.081352 6.422798 2.797690 5.877409 1.937141
0.161933 3.976168 6.947241 4.351707 3.586790 6.477158 3.526170 1.411998 2.046270
1.088773 3.992989 3.089169 6.013064 7.257903 3.717108
6.313349 3.612363 3.826032 1.320076 6.768671 2.860307 3.138774 0.526730 2.751841 2.624279 4.780939
0.552420 7.047004 3.896973 0.158710 3.783876 7.459123 3.249572 3.186599 1.711858 3.154994 1.580050
3.420223 5.380024 1.691062 0.096237 3.447132 3.508456 4.859743 4.146096
3.560006 0.367694 5.322177
5.989960 2.880615 6.718608 7.454353 7.440499 3.763582 1.336796 5.190338 4.893157 6.255163 4.265481 5.555263 0.296156 2.026018
2.151509 1.589409 5.054830 3.119288 4.511876 7.256084 6.651227 3.606794 0.211595 2.512096 2.668401 5.267585 6.240765 4.562885 5.347530
7.031952 3.820899 0.031462 4.218259 1.360731 3.648375 3.405663 1.588941 2.534920 1.036652 5.782766 0.725266 3.184660 2.649265 0.436746 0.182672 0.251414
3.123343 6.907540 5.127047 1.253170 3.085457 4.426470 2.829592 7.478149 5.747996 5.947908 1.934108 3.924030
6.995677 0.262229 2.967190 1.059489 1.348646 2.579562 2.513198 4.575840 4.602465 3.931156 1.522554 5.124049 5.122951 6.387071
7.059589 3.103912 6.299355 2.010203 5.199470 2.653790 2.486191 7.251708 5.345223 0.950412
1.906553 4.119932 6.227220
3.527393 7.161576 5.068458 1.627527 5.773405 4.679060 0.862748
0.881219 4.797865 6.883084 4.753242 2.917128 6.706176 6.477683 6.912967
1.876161 6.460714 7.007547 6.830556 4.084040 3.131715 5.081634 6.623968 6.836864 1.887901 5.298648 5.047380 4.677327
1.781922 6.913565 5.129081 6.967865 4.744377 5.034431 5.372164 1.995506 2.921040 6.207012 7.017820 5.179918 6.456651 5.187862 2.556555 7.082613 1.668310 3.273162 3.087650 4.528033
6.251439 1.261850 4.871325 6.233625 3.861532 5.239837 6.157342 6.480720 7.052176 2.993983 6.182902 4.818032
1.647999 6.069749 2.302485
0.231200 6.294626 3.793003 5.522072
3.399313 0.743622 2.553873 0.339378 5.032288 2.050543 0.238997 1.551515 2.278656 1.538554 7.443087 0.980791 3.871273 2.357253 0.926851
