0.828852 1.084958 0.947392 1.151690 1.180738 1.052677 0.986481
1.219339 0.981481
1.014327 0.881558 0.937885 0.983180 0.949569 1.117931 0.921568 1.114441 0.878652 0.907835
0.808738 1.131543 1.128937 1.032215 0.975808 1.156982
1.149351 1.057655 1.071358 0.950198 1.049964
1.040299 1.247748 0.928360 0.845230 1.047998 0.924336 1.173349 0.844245 1.227873 0.989102 1.123974 1.081021 1.031707 1.034189 1.176466
1.028246 1.155157 0.875821 1.065837 0.886303 1.151526 1.030243 1.189618 0.970022 1.204355
1.010028 0.850594 0.992602 1.019150 0.959421 0.802830 0.862916 1.200595 0.891744 0.895684 0.895028 0.988776 1.126076 1.010473 1.005309 0.941787 1.092678
1.050904 1.034764 0.831727 0.829102 0.827861 0.854810
0.901033 1.254917 0.838271 0.927955 1.161884 0.819805 0.912808 1.108674 0.962107 0.942714 1.201463 1.134962
0.904428 0.929002 0.834569 1.064755 1.190618 0.846102 1.107641 0.799468 0.795693 0.814904 0.890447 1.096585 1.087456 0.955408 1.205064 1.093141 0.859111 0.952832 0.857657 1.172603 0.909741 0.798198 0.935272
0.886532 1.179532 0.827934 0.912269 0.934647 0.923293 0.867787 1.080454 0.939408 0.885140 0.993462
1.234728 0.829598 0.915238 1.093764 0.809599 0.846003 0.932875 1.002944 1.090114 1.240084 0.971588 1.212088 0.997056 0.915814 1.250524 0.952862 1.058292 0.923029
1.214517 1.072376 0.923782 1.072383 0.797175 0.811093 0.808678 0.979120 0.932942 0.848075 1.042225 1.121539 1.220690 0.848295 0.978873 0.907363 0.848153
1.211604 0.801064 0.957651 0.908757 1.146117 0.847620 0.873360 1.088918 1.074724 0.908195 1.240235 0.858847 1.181884 0.912766 1.147845 0.825748
0.900185 0.949581 1.220330 1.185168 0.810361 1.062447 0.929184 0.816923 1.058044 0.848943 0.851182 1.065935
0.873707 1.016956 1.044516 0.963992 1.104024 0.810503 1.190055
0.816194 0.920957 1.018985 0.904539 1.237970 1.081401 0.883316 0.918854 0.953469 1.145665 1.048098 0.935466 1.132981
1.114058 1.215479 0.878896 1.027337 0.876860 0.873178 0.966598 1.054633 1.053704 1.102445 1.185165 0.906618 1.049385 0.877095 1.005013 0.930294 0.809230 1.240394 1.155278 0.985198 1.065651 0.907982 0.838750 1.074131
0.884549 0.851368 0.905372 0.999257 1.227616 1.079010 0.899018 1.139150 1.097482 0.890955 1.069443 1.021240 0.863795 1.248195 1.108899 0.886806
1.242483 0.963803 0.980014 0.905450 0.904663 0.825336 0.991235 0.970751
0.871709 1.156370 0.805779 0.895024 0.822705 1.070575 0.816182 1.004408 0.878317 1.084587 0.796067 0.930346 0.916379 1.084260 0.949657 0.966191 0.932864 1.168912 0.996969 0.798272 1.254003 0.949124 0.816224 0.838090 1.173139 1.119501 1.238805
1.252577 0.857997 0.837929 0.917719 0.881581 0.837473 1.016698 0.943130 0.828562 0.998732 1.056058 1.075699 1.226047 0.878222 1.190790 0.870639 0.941990 0.985020 1.237954
0.877501 1.041844 1.039107 0.944535 1.247516 0.974620 1.221104 1.056232 0.894871 1.124198 1.119750 0.968139 0.919533 0.915120 0.818923 1.120926 0.834968
1.083427 0.816611 0.965871 0.916528 0.999888 0.962071 1.141163 0.896645 0.984872 0.961471 1.159402 1.084467 1.226860 0.905965 1.116496 0.952864 1.177535 0.920970 1.183645 0.908595 1.041778 0.917218
1.201430 1.228390 0.897079 1.258048 0.845912 1.198039 0.850621 0.931976 0.890090 0.860154 1.153391 0.951623 0.901513 0.972063 1.009134 0.877327 1.146181 1.014785 0.970926 1.247522 0.841576 1.133363 1.023984
1.087042 0.911241 1.252772 0.840584 0.874596 0.857899 0.968999 0.898593 1.053606 1.194514 1.041881 0.828563 1.139637 0.947354 0.991206 1.066763 0.935662 1.024933 0.799183 1.103150
1.223354 1.042014 0.985361 1.083804 1.085454 1.113143 0.811659 0.939754 0.909994 1.118466 1.065854 1.106629 1.009914 1.092759 1.195272 1.131572 1.087260 0.953428 1.044659
1.099145 0.868153 1.233969 1.081287 1.182140 0.895583 0.820401 0.947156 1.206311 1.223978 1.009195 0.928817 0.837931 1.044088 0.939223 1.047092 0.925386 1.065270 0.904945 1.014413 0.996312 1.195822 0.929702 0.826959 1.059238 1.039946
1.133592 0.822621 1.039897 0.960486 1.089315 0.831266 1.048276 1.205022 0.993553 0.847540 1.145834 0.871889 0.808505 0.839630 0.905797 1.048715 1.050967 0.810401 1.146898 0.854192 1.207887 0.865492
1.098692 0.941419 0.795835 1.082141 1.241651 1.069758 0.979543 1.163310 1.026043 1.117062
1.096044 1.058627 1.169455 1.175978 0.991858 1.161042 0.996332 1.122450 1.130829 0.929703 0.937311
1.160761 0.876788 1.051555 1.079832 0.827790 0.889564 0.920408 1.032443 1.123094 1.168889 0.862550 0.851744 1.207417 1.129381
0.811352 1.054048 1.015936 1.164536 1.163955 1.232548 1.002979
1.023225 0.930336 0.991844 0.853257 0.988954 1.160749 0.961528 1.078609 0.980201 0.859344 1.117535 0.863786 1.126449 0.807641 1.073831 0.907951
0.963274
0.803616 0.955837 0.851195 1.132594 0.998930 1.155748 1.218746
1.129013 1.030663 1.174940 1.026176
1.247260 0.851736 0.947344 1.184306
0.879314 1.042669 0.987698 0.913867 1.176552 0.880249 0.958384 0.878355 0.937073 1.045726 0.853164 0.856464 1.242780 0.831062 1.199059 0.849725 0.802915 1.221541 1.111265 0.801131 0.937644 1.003566 0.909399
1.098183 0.993910 1.155222 0.914770 1.006421 1.084983 1.175099 0.888470 0.818925 0.992997 1.221600 0.808329 0.876320 0.821034 1.102446 0.899799 0.811699
0.963750 0.981481 0.905052 1.101289 0.935459 0.819821 1.223413 1.195717 0.900165 0.996847 1.120533 0.865218 0.987761 1.005969 1.085006
0.885033 1.033355 1.143514 0.885238
0.796465 0.829428 1.023030 0.921097 1.086981 1.118772 1.250520 1.061076 0.866304 0.816190 1.239561 0.961215 1.044811 1.147830 0.813976 0.964740 0.830081 0.912853 1.006548 0.819469 1.090766
1.096357 1.037211 1.133489 0.870358 1.082240 1.258040 1.073351 1.067302 1.159530 0.906396 0.850512 0.952343 0.946940 0.959032 0.799532
0.915623 0.829812 0.848830 1.218739 1.074703 1.229341 0.978336 1.058746 0.936695 1.183290 0.907125 1.255957 0.910207 1.172904 1.024828 1.132471 1.047294 1.075900 0.940289 0.992185 1.082792
1.188523 0.802862 1.169795 0.872862 0.834689 1.170727 1.224024 0.914628 1.169205 1.054743
1.203202 0.921412 0.856322 0.935969 1.129111 1.243922 1.142279 0.906115 1.040015 0.989545 0.942521 1.095823 1.101903 0.857418 0.808004 1.256158 0.823835 0.930458 1.050105 0.922261
1.039728 0.794978 0.836690 0.975784 1.092260 0.969483 1.176487 0.929717 1.052114 1.030074 0.909860 0.881232 1.045872
0.855750 0.947576 0.811780 1.233346 0.897543 1.076420 0.939255 0.844279 0.925217 1.051317 1.001245 0.991424 1.226065 1.133630 0.993541 0.809248 1.153786 0.808987
1.169389 1.065839 1.089011 1.056648 1.157002 1.026053 0.968793 1.144554 0.940272 0.841148 1.054666 0.875998 0.811552 1.114391 0.868009 0.815155 1.057461 1.048039 0.826561 1.115169 1.242201 0.984632 1.098346 0.818147 0.817461 1.121010 0.865714 0.816984 0.813074
0.812651 1.033686 1.232237 0.867892 1.033905 0.994306 1.001838 1.187787 0.967356
0.916352 1.212070 0.852789 1.016576 0.794813 1.117324 0.905896 1.049512 0.859204 1.062611 0.954855 0.923603 1.054876 1.222731 0.959558 0.983313 0.990395 0.889655 0.811366 1.107285
1.067159 0.838661 0.918966 0.921223 1.129372 0.810002 0.999943 1.068251 1.181329 0.998449 1.099985 1.020764 0.988599 1.076912 1.255152 0.932774 0.960046 0.857181 1.039153 1.247374 1.036531 0.928748 0.873991
0.849653 0.826601 1.128429 1.079394 0.993957 0.796775 0.820661
0.840525 0.882158 0.991108 1.093228
1.131531 1.200781 0.857768 0.960392 0.989148 0.807551 1.035428 0.984028
0.934755 0.827054 1.012246 0.874062 1.034247 1.122022 0.997149 0.851941 0.916912 0.873814 0.829275 1.118185 0.926758 0.863191
0.874747 1.014912 0.999616 1.112839 0.815071 1.090940 0.959601 0.866068 0.977558 1.168465 1.045159 0.945999 0.874758 1.035942 1.009583 0.812863 0.864874 1.204230 0.891886 0.985134 0.956032
1.095394 0.811641 1.162186 0.985454 0.939944 0.812976 0.906787 1.240195 0.923956 1.250922 0.912507 0.809941 1.202798 0.987947 1.146010 0.839196 1.146075
0.898060 1.134315 1.089942 1.143181 1.237455 0.877495 1.203309 1.035930 0.902624 0.800048 1.195883 1.184848
1.075281 0.897070 0.889141 0.871289 1.135370 0.936579 0.867589 1.096624 1.018057 0.816474 0.876726
0.972300 1.248211 0.856095 0.842623 1.098276 1.108937 0.900512 1.127950 1.063728 0.926611 1.011879
0.861716 0.946727 0.919608 1.195926 0.852185 1.097055 0.996115 1.187824 0.970987 0.982110 1.055704
0.988116 0.910837 0.869725 1.063176 1.090501 1.155964 0.976159 0.807461 1.180729
0.811767 1.004410 0.798789 0.964814 0.819912 1.016211 0.844222 0.987620 1.109974 1.206437 0.861581 0.835300 1.045940 0.935097 0.824765 0.893484 1.021875 0.843572 1.165797 0.915187 0.933694 1.042210 1.005456 1.131574 1.041434
1.201500 0.963430 1.122220 1.135946 0.805653 0.836401 0.874544 0.883764 1.040322 0.815480 1.207036 1.064759 0.984755 1.258586 0.832015 0.958522 0.925239
1.142163 0.869366 1.082116 0.914765 0.870477 1.163350 0.922003 0.991138 0.976787 1.159241 1.020636 1.028131 1.091092 0.852469 0.973504 1.159021 0.822168 1.017914 0.993443 0.916982 0.989782
0.798011 1.185403 0.863777 0.929737 1.061965 0.845280 0.882364 1.118492 0.796158 1.047271 0.864875
0.853237 0.972369 0.850559 1.224980 1.086683 0.954735 0.878843 1.129799 0.850219 0.910179 0.971145 0.894841 0.850075 1.136738 1.060705 0.930316 0.982922 0.903246 0.842786
0.902679 0.877048 0.910537 1.063145 0.896993 0.951016 0.897428
0.835297 1.059608
0.829694 0.933614 1.166450 1.087881 0.799813
0.860414 1.177211 1.039892 0.958868 1.110626 0.805359 1.257514 0.971995 0.905955 1.116325 0.844513 0.865498 1.224627 0.888217 0.895668 1.032885 0.811527 0.881456 0.892130 0.981188
1.233520 0.843889 1.055854 0.821132 0.856656 1.128239 0.996733 1.145179 1.082605 1.251541 1.100327
0.904032 1.110899 0.943369
0.946742 0.877821 1.235798 0.823142 1.147048 1.075197 0.953150 1.134566 1.079297 1.175305 1.071632 0.821935 0.903255
1.105425 1.057827 0.988823 0.938692 0.972649 1.215097 1.046858 0.997721 1.083581 0.812097 0.812454 1.184753 0.925506 1.039726 0.896122 1.095258
0.808310 1.004088 0.859738 1.203718 1.068475
1.190200 1.205058 0.920561 1.062599 1.128347 1.206653 0.952487 1.176349 1.198424
1.046573 1.128278 0.840878 1.189365 0.899381 0.932862 0.843767 0.866683 0.871623 1.077236
1.015712 1.053613 1.107962 0.890355 0.807634
0.918488 1.197277 0.999778 1.178327 1.074803 0.984941 1.196572 1.147655 1.129797 0.845702 1.228157 1.146155 1.028515 1.009505 0.900547 0.984995 0.821453 1.056506 0.828947
0.863871 1.108031 1.206078 1.250947 0.958234 1.139258 0.857768 1.073152 0.806522 0.868471 0.972858 0.915450 1.192251 0.866493 0.875612 0.990782 1.211061 1.188803 0.843127 1.116338
0.820972 0.810018 1.009893 1.081523 1.026015 0.855685 0.815847 0.797302 1.105980 1.051312 0.946075 0.877796 0.838534 1.040553 0.925074 0.903100
1.221923 1.255342 0.806540 0.967409 1.234155 0.829013 0.955976 0.912124 1.043603 1.032049 1.137324 1.002750
0.998294 0.815387 0.975317 0.871554 0.828969 0.889937 0.988499 0.937115 1.031697 1.252227 0.799631 0.839194 0.975459 0.824358 1.167014 1.118101
1.182522 0.927789 0.825547 1.156307 1.086979 1.139680 0.955741 1.258877 1.179698 0.933111
0.880786 1.114171 1.188255 1.047652 0.829240 0.962111 1.213303 1.213857 0.827888 1.145732 0.998630 0.916002 1.150840 0.967291 0.994033 1.190307
0.863152 1.132940 0.826170 1.166067 0.805074 1.194218 0.916320 1.056205 0.850953 0.821829 1.013226 1.110330
0.934858 1.074312 0.820305 0.956172 1.032370
0.911302 1.130919 0.895285 1.052689 0.910309 0.962027 0.944950 0.798473 1.072791 1.143984 1.132243 1.159066 1.094266 0.989465 1.114219
1.252727 0.890576 0.951917 1.030118 1.198039 0.890830 1.054943 0.848285
1.212001 1.097374 0.993317 0.819366 1.201404 1.005702 1.141405 0.961465 0.871621 0.980862 0.962532 0.820255 0.821844 0.901910 0.961538 0.864650 0.825558 0.841259 1.124426 1.171915 1.029022 0.898000 0.985595
1.099072 0.979299 0.896475 0.945085 1.230839 1.123275 0.836739 0.933454 1.033306 0.896818 0.989876 0.825711 1.034470
0.994805 0.833235 0.916886 0.969314 1.101173 0.838445 0.896387 0.854504 1.140621 1.121344 0.946904 1.247197
0.878334 1.139990 0.877076 1.225200 1.219225 0.927422 1.142135 1.151433 0.799754 0.831200 0.963250 0.964598 1.048502 0.851431 1.030410 0.966748
1.187185 1.213191 1.197187 0.882304 1.022875 1.048199 1.117421 1.174830 1.048235 0.962797 1.142179 0.896396 0.977596 0.887047 1.142171 1.165159 1.165255 1.056271 1.247094 1.142626 0.966908 0.942102 0.892070 1.247796 1.104977 0.910299 0.967613 1.095789 0.916218 0.911816 1.138307
0.988472 1.217102 1.056791 1.010168 0.961426 0.882069 1.099639 1.092952 1.071989 0.868426 1.169374 0.806192
