5.446756 8.004643 0.187977 0.966942 1.503142 1.920790 2.781989 0.435921 0.107661 0.939505 0.443574 1.028553 4.458834 0.632520 3.447758 2.724218 2.350524 2.332809
0.044642 2.924773 1.825306 2.270172 0.975486 1.395752
0.070086 2.456859 0.455889 5.065716 2.254123 2.954729 1.018669 0.619180 18.814431 1.297756
3.522404 0.485340 0.155139 2.547421 0.693469 2.099591 7.843379 1.536233 0.624152
0.030806 1.623710 2.241689 1.343616 0.334537 1.941538 9.514769 0.266418 0.711007 7.301607 0.133044 0.443219 0.102090 4.441719 0.929983 0.376602 1.330164 0.988497 2.212417
2.407997 2.588084 0.150133 1.060354 5.439689 0.583005 4.489715 2.010895 0.947550 8.467362 0.908492 0.376660 0.393922 1.022010 0.457979
14.420703 0.100773 3.087060 2.312366 0.254119 0.232703 1.117250 4.704737 2.075630 6.401511 0.270445 1.740393 76.149984 0.274752
1.415613 0.396928 5.554339 0.345863 3.968624 2.032017
0.366935 3.297704 3.414497
0.212413 2.700457 2.723692 7.802485 0.372539 7.531259 0.372774
0.280841 2.721219 2.740617 1.214561 3.453846
0.198775 3.157512 2.641933 2.277690 1.022741 0.401062 3.500855 1.985322 3.066966 0.201150 0.659352 4.843962 2.172022 2.293279
11.914608 0.092961 2.567326 0.512899 0.320255 11.196144 0.955132 0.339707 5.858400 4.479307 0.731871 0.296980 0.247062 2.806968 0.633102 3.833404 0.602858
0.157638 0.522454 1.085558 0.018385 4.042396 0.264081 13.868327 4.839807 4.630656 11.806932 0.721806 0.019345 0.103500
0.658212 10.481970 2.148097 2.876468 9.552914 6.509927 1.752041 1.898851 1.647755 0.229046 17.716765
0.090079 1.863565 0.532898 2.492298 7.893822 0.951282 2.360895 3.920196 0.772032 7.511109 5.363526 2.536687 1.841604 3.070945 3.819031 0.757862 1.365572
0.304253 1.321116 2.440583 4.201472 1.666372 0.512899 24.745539 1.952787 34.605271 0.828313 5.437166 2.577745 2.038269
3.056664 51.248106 2.578590 0.156746 1.128611 0.277169 4.258638 0.483046 0.059237
22.305395 0.039710 0.749566 4.152055 2.911128 0.103174 31.264773 0.335095 0.587007 4.977880 4.831761 1.428574 10.024991 0.697496 1.558926
0.116075 3.598028 2.028126 1.942829 6.157592 0.671335 7.737030 0.555866 0.306322 0.520004 1.402919 1.105003 2.519043 0.474130 5.370649 1.238667 26.339352 1.665916 2.732600 2.598639 0.640391 2.728411 0.327470 0.419119 0.252449
53.155246 6.616761 0.435580 0.054791 4.395751 7.612629 0.257992 2.422198 1.014795 1.175793 0.858785 1.858614 0.191359 0.249641 3.265652 0.317685 2.473916 0.783013 3.434237
4.016508 1.338318 9.178883 0.736515 4.380226 3.876734 12.357736 4.576977 2.758390 0.091944 1.838602 0.288127 0.002732 1.208613 0.081892 0.901264 0.021065 0.270071 5.291094 0.111912
6.635513 7.631002 2.678748 0.241656 2.569287 0.755800 0.216251 1.200180 0.476078 0.505963 1.505560 4.956096 1.719633 5.230050 3.214920
2.128732 3.411243 0.482000
4.660508 0.336889 1.396698 0.021697 2.087891
2.863523 4.863328 0.163128 0.736734 2.001004 2.553685 1.866814 5.597514
0.115372 3.368454 5.122912 53.583945 1.816460 0.168463 0.522772 6.766500 0.271497 0.491185 0.642075 0.408246 1.467534 1.093424 0.347023 2.075218 1.863968 4.207391 122.996095 0.973379 0.496072 0.409484 0.376849 0.182016 2.276879 0.036596
7.054548 2.557859 0.514119 4.062886 6.952832 0.916820 0.108511 2.994622 1.363896 0.479310 0.937130 0.430863 2.221550 4.364143 0.095236 0.940265 0.294771 1.932411 0.032934 0.045134 5.793041
2.885685 1.657509 0.233585 0.900978 1.675883 0.034971 0.007375 2.278621 0.021888 11.808044
2.413624 1.107092 1.934272 0.712039 0.587722
0.656466 2.426424 3.818659 1.423383 0.257136 6.557940 0.883250 7.054645 8.859957 1.167287 0.943736 0.679533 0.305007 0.728079 4.392597 0.371290 2.282360 5.933256 32.719721 2.143606 2.207058 0.326205 3.211103 7.888361 5.949161 2.118203
0.315702 3.891250 5.475793 1.845097 0.714035 0.178031 3.450457 0.339124 1.399601 0.412991 2.722039 0.058541 12.460918
1.696013 0.845829 3.750761 10.371734 0.457244 2.067348 0.520203 3.671392 9.760108
9.124578 0.823682 4.516205 14.787678 0.918167 0.207953 2.529964 0.249934 0.728896 0.596651 2.788412 5.741554 0.848047
0.101525 8.474592 2.658035 0.391806 1.151052 7.309559 2.866718 1.504050 1.240128 1.086549 14.950221 0.055016 0.050824 1.409165 0.881290 4.267793 2.961834
3.467698 3.865622 0.722634 4.393843 0.549808
0.288784 0.225452 5.428299 4.140206 1.430108 6.181308 3.735750 6.143781 0.253739 5.888512 0.754033 5.455158 1.493006
0.551155 3.477299 1.064037 2.720055 2.488870 0.438461
0.153827 4.754502 1.109794 0.529534 0.017078 1.850778 3.869937 3.111458 1.732108 5.829837 5.168837
3.014463 2.547457 3.276434 0.442717 3.588456 0.226483 0.664625 8.002608 1.125433 2.781690 0.616894 0.642827 0.359136 1.786682 1.136563 8.440700 0.647309 0.804448 7.689464 2.843056
5.197191 3.038683 0.101619 4.691063 1.660945 0.055588 5.096442 0.826318 0.244688 0.916525 0.649931 9.344657 2.207653 6.019006 22.343940 26.990093 0.867800 8.961178 1.567587 0.506370 59.189403 0.278026 10.645593 2.687827 0.437832 0.758945 4.374141
0.488094 3.862313 0.377073 3.068798 6.265158 2.918583 2.803389 0.846919 0.125512 0.094156 0.970747 12.608593 0.920050 7.930923 0.181905 0.163140 0.379975 2.806437 4.202007 0.211109 0.135799 2.501976 1.828196 0.156958 2.562283 1.131882 0.673652 2.627953 2.654048 9.003676 1.578013 0.471192
5.854250 2.422487 3.617134 0.378789 0.082717 0.893151 1.025808 0.177814
2.169132 0.433785 1.568968 1.646899 4.224473 0.592854 2.165171 0.451599 3.638989 3.634075 1.792213 0.429149 2.636937 1.633021 0.519051 2.814844 2.218351 0.974764 0.693844 3.313150 0.057585 1.042019 0.737549 0.599134 0.542976
1.666765 0.231233 0.178572 25.212602 0.353997 7.614760 0.345126 3.573324 0.206388 32.881921 2.885104 2.091691 4.069407 13.563194 0.182575 1.966950 0.866469 2.585297 0.359275 0.003793 2.767294 3.430546 0.540856 0.382091 1.859601 2.228680 0.238501
1.867888 2.088281 0.056330 3.310884 0.363178 19.344654 5.852908 2.558293 0.149274 2.979949 17.674235 0.437704 1.647668 4.475101 0.106679 0.697702 0.039725 0.075586
5.701248 0.405781 0.508304 4.290296 2.835261 1.487525 2.096553 3.923463 2.672941 0.347356 0.361832 3.346736 0.502535 0.652719 0.462504 4.901147
3.809370 2.251356 0.125841 0.313327 0.563242 3.383421 9.166077 2.837003 1.234140 1.897316 0.364900 3.463743 7.114046 1.080075 4.923931 0.504248
0.369697 6.611411 2.369409 1.332109 0.724056 3.750413 2.177446
2.582240 0.463160 0.137656 0.416656 3.379641 5.439303 2.876138 2.083613 2.373742 0.795798
4.290663 62.499584 0.475562 0.279849 0.268172 0.434110 1.607658 7.903471 1.726373 1.822373 8.079064 0.655956 0.327035 1.109228
0.215902 2.501456 3.513673 2.468853 1.350721 0.602845 0.518083 1.700903 3.016386 0.915898 1.510690 3.802648 1.953501 1.649300
0.162405 1.609531 9.169035 2.269644 0.191997 2.666218 1.865456 4.525066
0.196291 2.529602 0.092233 14.798729 3.210002 0.588191 2.541101 0.647100 0.238932
0.752221 0.089074 3.407677 0.029775 3.499861 5.517336 3.896624 7.115595 3.887933 0.060808 0.424080 0.677027 1.183259 0.230423 0.229988 1.209028 0.209740 0.961855
6.154262 0.192716 0.949410 5.754521 3.899988 5.218586 0.081310 27.222439 0.576508 1.444777 0.384238 0.267319 0.854057 0.447178 0.048421 0.204789
8.181485 4.246204 2.936457 2.083307 0.225527 0.346567 0.162810
2.362944 6.179422 0.513799
6.116912 9.210266 55.043587 0.697987 3.137733 3.999702 3.718375 0.159230 0.362199 2.413723 0.386449 0.218819 0.141596 0.095941 1.558925 0.544277 1.993387 2.456559 0.033204 0.361598
0.240728 7.318184 8.620882 2.843854 18.592009 0.006277 0.528033 0.995622 1.066675 0.220824 3.215746 0.220016 3.547562 0.849095 0.085486 0.575138 5.619612 0.290753 0.301265 2.512594 10.151457 0.046044 0.089546 4.904275 0.110052 0.104922 27.709786 1.226307
0.518245 2.582029 2.687159 3.841837 1.058141 1.824625 0.745174 1.703653 2.001115 1.112989 18.778797 0.437832
4.075003 0.369358 0.568581 0.506344 3.155666 15.566780 0.140329 1.622809 0.556412 1.275536 1.581303 6.643588
0.127132 0.308865 8.102221 5.603667 1.110849 3.952722 3.516328 1.114035 0.125228 0.297076 0.783736 4.583720 0.309746 1.674931 14.372254 0.062712 16.115327
0.281995 0.432380 60.647265 6.902343 0.212543 7.216858 0.824746 7.370869 0.084033 2.083669 0.217742 1.229073 0.270790 0.869159 0.445171 1.376922 1.959464 1.700834 6.538082 0.016469 2.395856 1.626319 1.591555 12.935022 0.077579 0.671669 14.294652 0.276465 11.232876 0.245819 0.892295
0.113010 2.706733 0.588264 1.169767 2.645506 2.634418 2.049834 1.343378 2.653390 6.031452 0.388188 0.755433 4.717872 0.288742 0.368273 4.221521 1.937794 1.103876 1.894114 1.112768 0.985392
7.306973 2.661467 0.196155 2.831081 0.933187 3.856090 0.127570 8.614304 3.208291 5.233902 1.069837 1.494658 2.119481 1.038667 2.551866 0.860339 7.344909
0.751518 1.516147 0.655526 2.237893 0.612658 7.202435 2.475603 7.072819 1.869698 0.290678 4.231518 0.727729 1.163135 0.677901 0.169136 0.388251
1.905167 5.063166 16.031596 0.829082 0.332652 2.939049 3.834277 1.566701 0.873831 0.332864 0.805039
3.440619 0.824923 0.121266 1.202869 12.091838 5.299332 33.297514 3.480587 2.101827 0.122519 1.922217 1.778629 0.720872 1.270802 1.138382 0.900831 0.318536 3.141361
5.031633 5.211399 6.451527 0.019031 0.832616 0.503511 3.207069 0.964906 0.347096
7.768806 5.948983 0.140875 1.074484 0.315854 0.899477 4.033511 2.057471 8.592120 1.056013 2.267635
0.780842 10.970949 0.918975 4.353228 2.639089 0.236956 1.031155 2.091060 0.868298 3.382603 1.062798 1.367756 5.295211 2.716463 3.039818 3.309322
0.250206 0.135464 0.101578 1.182297 0.999094 4.987231 1.507201 1.135193 0.354334 0.902523 2.165460 3.058794 1.036394 3.372570 3.060272 18.672755 0.548487 0.308986 0.806580 1.460677 11.011325 1.734918 3.050169 11.986850 0.975296 0.901998 0.672580 1.103761 0.253975 4.362067 0.683757 1.499829
2.923369 5.887465 0.217161 2.916769 3.813985 0.167689 8.255575 0.157217 2.882110 9.336109 0.227085 3.370394 0.095576
3.706362 0.829091 1.014502 0.268913 7.231531 1.080460 0.281802 0.827620 5.813372 3.841178 0.289079 3.839315 5.103455 2.611008 0.718801 0.297222 1.733218
4.761752 9.807609 0.026360 45.644495 0.036854 1.293801 0.197028 0.788478 0.317710 0.052791 4.104363 2.915984 0.310131 0.954125 0.178195 0.433359 0.178996 0.345821 9.777437 1.008831
2.201421 1.552656 4.812610 4.185984 3.456972 0.116490 0.067510 0.284060 5.345679 0.132327 2.624225 0.401378 0.013304 0.650351 6.493200
2.688075 0.088360 1.133606 1.319731 3.041508 2.932945 1.857794 0.080833 1.605594 0.478647
4.907864 1.688685 1.938651 1.183557 0.684520 1.872347 0.822213 0.168414 0.245122
2.600823 0.456122 1.554165 3.619050 3.083005 0.123473
2.857441 3.968184 0.180229 3.870047 2.064878 0.335812 0.579126 2.490999 0.730995 0.020813 0.331959
3.618752 2.000660 0.427674 0.116358 1.212385 1.058526 3.456561 0.150075 0.931947 0.439212 0.145759
0.175996 3.227536 1.407548 5.337139 1.904791 0.129808 1.149773 1.022937
0.263983 3.183477 2.296988
4.114482 4.274723 1.481055 7.657679 1.559696 0.130167 2.050550 1.342870 0.275104 1.959899 0.463425 0.366557 0.184194 2.719886
0.704989 4.558900 7.187858 0.267430 2.746974 0.523780 5.491856 0.209654 1.507613 0.887780 0.625652 4.131257 0.610467 0.429947 7.197690
7.966029 0.877291 7.680739 3.393855 4.371646 1.127587 0.003846 0.102920 9.174580 8.420306 0.405767 2.016467 0.104707 1.042498 0.212067 46.060900 0.224707
0.003156 2.760452 5.050015 3.607138 0.861674 0.174253 0.679195 0.816276 2.081317 1.976356 1.581333 0.568483
3.265578 8.325780 0.041074 1.211566 4.124313 4.828991 0.786795 0.204238 5.931432 0.496144 0.151194 1.364862 1.045037 19.010566
1.393925 0.280798 6.928935 2.438344 0.879048 0.482964 4.718721 0.375512 0.667146 2.181596
3.902538 0.580381 2.712977
0.151490 4.071934 0.346481 2.960105 0.360613 2.440996 4.354668
2.743480 2.950189 9.577399 0.162175 0.738342 2.566887 0.500091 0.902519
2.785135 8.674964 0.371815 12.277703 0.117178 0.311458 2.174708 0.577670 1.056499 2.955914 1.072484 0.493612 0.556114
5.137591 6.972963 10.958645 24.212912 0.015245 1.901548 1.216554 2.081056 0.152319 3.860527 0.502917 0.213488 6.137070 10.988194 0.521137 0.934794 1.928640 0.333491 0.118604 0.327941
4.039590 3.696302 0.467646 0.302769 0.263746 0.817435 1.696676 10.968684 0.266469 1.030560 1.425995 1.371661
2.932022 3.441555 0.344621
2.231303 3.138732 0.290408 6.256339
0.134942 2.755505 0.592144 1.488390 3.371089 1.587971 0.847360 1.020180 1.330944 5.365933 1.025863 0.439461 1.995867 1.073890 0.254506
