0.000000 0.119327
0.000000 0.323350
0.000000 0.203512
0.000000 0.183601
0.000000 0.700036
0.000000 0.102329
0.000000 0.407244
0.000000 0.079274
0.000000 0.128391
0.000000 0.119312
0.000000 0.070178
0.000000 0.109624
0.000000 0.050125
0.000000 0.086576
0.000000 0.139935
0.000000 0.146763
0.000000 0.216278
0.000000 0.068807
0.000000 0.045702
0.000000 0.072266
0.000000 0.144218
0.000000 0.044924
0.000000 0.076702
0.000000 0.062487
0.000000 0.052932
0.000000 0.040203
0.000000 0.051804
0.000000 0.040217
0.000000 0.036646
0.000000 0.050903
0.000000 0.061216
0.000000 0.103364
0.000000 0.055180
0.000000 0.135875
0.000000 0.054229
0.000000 0.789088
0.000000 0.123041
0.000000 0.327188
0.000000 0.243407
0.000000 0.027672
0.000000 0.134048
0.000000 0.061940
0.000000 0.226300
0.000000 0.044388
0.000000 0.078729
0.000000 0.051939
0.000000 0.107953
0.000000 0.035532
0.000000 0.109079
0.000000 0.035712
0.000000 0.042968
0.000000 0.273577
0.000000 0.069195
0.000000 0.049400
0.000000 0.097624
0.000000 0.090606
0.000000 0.141292
0.000000 0.068970
0.000000 0.036545
0.000000 0.123087
0.000000 0.061677
0.000000 0.121594
0.000000 0.053770
0.000000 0.172324
0.000000 0.234279
0.000000 0.040554
0.000000 0.084441
0.000000 0.031856
0.000000 0.125984
0.000000 0.064651
0.000000 0.128706
0.000000 0.270731
0.000000 0.307089
0.000000 0.051449
0.000000 0.101335
0.000000 1.056880
0.000000 0.070368
0.000000 0.065354
0.000000 0.238013
0.000000 0.125823
0.000000 0.043378
0.000000 0.156066
0.000000 0.056293
0.000000 0.041296
0.000000 0.100551
0.000000 0.056726
0.000000 0.063841
0.000000 0.066288
0.000000 0.101915
0.000000 0.171870
0.000000 0.238535
0.000000 0.144235
0.000000 0.124707
0.000000 0.057843
0.000000 0.088457
0.000000 0.097186
0.000000 0.095134
0.000000 0.029059
0.000000 0.055536
