0.754756 2.512773 5.810191 1.172661 0.367156 2.262040 0.556128
2.690391 7.436444
0.835005 6.304963 2.829841 5.389429 3.523820 0.109822 4.357549 2.120218 7.431164 6.702520
6.196983 2.087734 4.927464 3.211612 6.741570 2.183410
4.237057 1.839753 2.726939 5.659914 3.376943
6.147229 1.262548 5.930107 6.611929 2.913729 4.268552 3.115512 4.259148 4.374896 0.854161 4.434896 0.323469 7.208215 4.074943 4.998672
6.182854 3.183400 3.410618 0.019854 6.249765 3.144836 2.309797 5.623712 5.558879 5.659268
1.703744 5.315683 3.105123 2.128651 1.660852 6.858002 2.891096 2.214237 7.145689 3.052498 5.627038 4.113871 1.100057 1.799636 6.229097 4.340530 2.562984
1.457954 2.210010 0.093457 4.148093 5.330774 1.550963
1.203476 3.280176 1.090073 2.877325 1.356409 6.674653 4.797764 3.901008 1.683910 0.064774 2.773913 3.103177
5.251901 2.372153 7.260476 1.928601 4.387631 6.517780 1.699840 3.262311 5.538343 7.199449 3.842690 0.070723 6.017385 4.806968 3.108901 4.559321 6.351427 6.601731 4.718366 1.554961 1.251110 5.712726 0.204184
2.024036 4.167636 5.506051 7.228990 1.586471 2.521891 7.130092 6.021474 0.498257 7.397352 2.816919
2.858551 6.774696 6.913820 4.249927 4.333705 1.064286 3.353485 3.191593 1.670199 4.122184 0.530905 0.566885 3.113572 2.625493 0.892595 2.666748 5.592113 3.068430
1.990255 7.174850 2.550535 6.017602 4.376853 4.427744 6.502685 2.596857 3.562226 5.737508 7.409587 2.056927 4.415164 4.070183 1.453713 5.039632 7.430139
5.419617 5.996926 2.305136 5.730909 4.320220 3.939240 2.743511 0.443259 0.584017 0.184852 1.180074 5.615225 1.675574 3.968752 2.073021 1.425474
7.109208 2.359975 4.036405 1.878930 2.453167 3.828667 0.006922 1.716681 1.469102 2.476784 4.575507 0.945980
5.478948 1.284765 3.876857 0.913230 1.933937 0.932798 2.893141
5.733289 2.766408 2.642188 7.401005 1.972783 4.501641 6.945209 6.772358 3.882427 4.060547 4.462906 4.210040 5.338235
1.765556 3.807390 1.379541 5.755959 3.232653 3.292033 6.843015 0.347059 0.856004 3.688159 3.210999 2.686437 2.134055 4.527877 3.850960 1.991081 3.926842 4.048563 4.437017 3.963849 6.374933 3.750277 7.092536 1.876808
0.197181 6.205496 5.979545 2.596818 2.500454 1.665389 3.085560 3.574832 1.718437 0.160223 2.909003 3.069445 5.007209 3.376026 4.120141 0.216859
4.467916 4.002256 1.972657 5.778031 2.643628 6.672499 4.193713 0.920961
0.191975 3.503158 7.449126 2.236444 2.434075 3.914558 6.156540 6.381329 0.419477 4.590260 5.786210 4.140302 4.436461 4.104060 1.742096 0.514872 2.221128 5.629985 0.317340 6.652369 5.979783 4.433513 0.003050 7.073365 6.194227 1.634377 6.296169
3.752945 2.284958 6.912801 4.211434 2.931475 6.792976 1.919790 4.421564 5.901515 2.125555 5.089230 0.999079 4.844747 0.832977 3.549240 0.126578 5.358808 5.800376 5.402558
1.948269 2.183642 1.047063 0.376670 3.832974 4.388973 2.701961 3.598631 4.717370 1.589719 4.070499 3.777815 4.290565 1.641815 7.211385 2.465658 0.199918
0.728419 0.540183 0.129348 7.194456 7.283636 6.414705 1.421373 5.544232 4.970687 2.541255 4.965772 3.434606 4.448769 5.926406 4.086237 7.128630 4.908734 1.685264 4.652550 4.937566 1.378767 3.686993
1.308595 0.165676 7.104069 3.350650 5.586579 2.418070 0.408039 1.868116 1.490220 0.374887 0.239043 2.570447 2.994145 7.018049 0.783552 4.365881 1.860156 3.821691 4.400417 1.169757 6.455213 1.583534 4.561357
2.284292 7.046909 2.080635 0.968988 6.232885 5.095748 1.967504 1.776865 1.838879 2.866245 2.078849 7.100163 4.699905 7.101099 7.080573 2.016697 7.301932 4.069845 5.583724 0.693347
0.624238 3.139254 0.438858 1.911542 2.844136 3.331778 2.039112 6.517358 6.968613 3.157678 5.316744 0.871536 6.595477 4.181194 0.717695 5.993054 0.695590 3.653362 0.492606
0.846777 0.548178 1.219636 1.535892 5.305017 3.095393 5.665851 6.701338 5.269684 3.950480 3.370032 5.607567 0.461413 1.870901 6.027276 5.285576 4.252857 3.243560 5.164059 6.502218 1.387553 2.715808 0.971370 2.689301 3.354486 5.435787
1.616312 5.379288 3.159716 4.913051 2.594590 7.450365 6.872450 3.413238 2.788589 5.754256 1.862581 6.698502 0.114639 0.178796 0.208530 4.295771 2.200305 7.383140 4.723735 5.831030 0.784063 2.593152
5.727927 6.413162 5.747328 3.087449 2.935242 2.474226 6.024592 0.165999 2.987990 0.257712
0.225746 4.458834 5.199412 2.482727 6.304518 7.491351 2.272916 3.387660 3.519809 3.279380 6.162649
0.543525 2.838398 2.230499 1.343583 6.831523 4.063693 2.116939 6.499011 4.598026 1.616391 2.141293 4.022355 2.628481 3.660509
7.166364 0.452133 5.359719 4.952215 2.937561 4.822275 0.478576
1.577705 6.589767 5.567597 7.105548 3.147890 2.332796 0.810362 3.531491 5.472443 4.601329 6.298382 6.525276 0.850748 3.105643 4.566648 4.509633
7.188069
7.347423 0.613263 0.478511 1.219711 4.155644 2.204736 2.709026
2.299286 3.096708 4.743795 4.686992
3.898024 5.408915 6.080708 2.241952
0.181788 1.842763 3.665484 2.298582 4.125823 6.300072 1.825017 4.403836 1.208792 3.733333 1.381131 6.541454 4.755847 5.754891 5.894004 2.716858 6.601803 0.772001 4.442052 1.654434 1.919784 5.802624 2.119247
6.161820 6.214014 0.881324 0.153168 2.112606 0.341697 3.429274 7.258758 6.329176 0.606437 3.394716 5.749291 0.080100 5.475900 0.796880 3.085041 1.866607
2.245352 0.782827 4.789970 2.963396 1.849644 2.950478 0.917897 1.682693 6.104795 6.928600 2.311478 0.857463 4.434562 6.849098 1.185106
7.230854 5.932193 3.645368 5.653894
6.416876 0.710504 1.098720 1.525958 4.383275 0.734549 1.185125 6.387939 7.117590 4.884241 2.513486 4.258915 1.095469 3.469530 2.033457 4.579513 4.508916 3.142931 4.057176 2.059840 6.085297
4.463933 2.188387 4.773012 5.746465 2.566212 2.787347 5.615344 1.042479 4.514414 6.568688 5.849301 4.943882 1.091128 6.585559 5.832056
7.268889 4.846209 4.966264 3.736088 2.718951 0.531938 2.643633 5.334498 5.788649 1.697836 0.560981 2.036367 4.748871 5.852528 5.282679 0.473390 0.846462 2.345656 4.314238 5.055088 2.251099
2.036196 6.594700 3.871389 2.768936 1.207325 2.732709 4.103830 0.514750 0.757017 1.705479
2.431724 0.899660 7.397756 2.109416 3.824353 2.381188 3.826016 6.555879 5.437240 7.264958 4.323388 2.692966 4.052049 3.317706 7.302862 6.329905 4.034218 4.596226 4.218242 5.919627
4.220122 6.022256 5.384043 3.461670 4.964962 0.613220 1.231841 5.414195 5.020755 5.222874 7.262415 5.595448 3.259015
5.982964 4.895502 7.083692 2.490063 6.187462 5.596520 2.059556 5.661451 7.028328 1.914120 2.906755 5.992255 1.051279 5.943518 1.688365 1.700868 2.004609 2.966231
4.655079 2.063504 4.717232 2.375285 4.381764 0.805026 6.994828 4.237135 0.329962 0.497494 0.449663 2.328178 0.231400 1.333326 0.053304 7.269395 2.446285 2.195049 7.459004 2.265867 4.415888 6.855221 7.436531 2.749693 3.934000 1.462112 5.435170 5.773792 5.718951
6.920190 0.466429 3.364696 6.670462 2.343629 6.239317 3.801422 3.277051 5.561414
0.259573 3.080754 5.011326 2.051175 6.218088 2.217255 6.978731 0.159266 3.023833 5.431259 6.313717 6.894151 3.626255 2.328130 2.165978 3.263248 5.913211 3.090507 2.420713 2.722256
5.791455 5.964208 3.881542 3.267415 0.175418 2.494401 3.885922 4.860778 0.251128 6.373952 2.104629 3.013975 1.018231 4.578682 2.715406 3.835702 4.114790 5.535288 5.250703 4.447996 1.541072 2.779024 4.266037
7.020195 1.267955 4.171691 1.709746 0.362587 5.974074 1.478847
7.072148 0.368441 2.513480 1.366974
0.890209 2.540979 2.481026 2.755795 4.321765 6.305268 2.965584 2.279649
0.131517 7.048955 4.790220 1.598915 1.625412 1.986682 1.754018 2.601018 0.018790 1.635217 5.263985 0.237465 2.082972 5.913509
1.836511 4.337936 3.203749 5.522403 6.810563 2.193477 1.123908 5.864977 3.944179 0.833275 4.482922 5.506880 5.110200 1.771263 0.985283 3.078806 0.358121 3.001699 6.644767 3.430440 5.849878
1.405367 7.180005 3.737640 5.732142 6.924825 6.799260 3.655522 2.555523 2.442605 5.589670 7.490385 4.063932 7.223705 2.012099 7.344473 5.139233 3.665771
4.174223 2.369690 1.301587 5.345633 0.824027 1.916096 3.336970 4.435710 7.248223 2.982451 0.770184 1.006568
1.697121 6.842649 2.630330 3.930000 2.186762 0.199552 7.184773 6.511876 1.225009 2.061860 3.990582
6.761993 4.070337 6.717571 0.478701 2.171105 0.024436 0.057613 0.421265 2.457248 6.607093 3.025365
7.424056 6.905218 4.448854 7.465328 4.564111 5.401665 4.941840 3.440360 1.888800 7.121248 5.926000
1.778324 7.175422 6.489595 5.016534 2.163037 2.448935 4.574800 6.400888 5.620472
2.406883 7.047433 0.991956 1.119354 2.619134 1.253462 1.139416 5.586264 2.433683 1.423649 1.703430 6.306766 5.196694 1.152049 7.109297 5.370657 4.190623 3.897513 1.868819 6.785802 2.429990 5.123001 0.577125 1.842905 6.895888
3.990405 1.611356 3.962740 0.530290 6.937402 3.392655 6.119965 4.820363 6.505221 6.659657 3.695409 2.400063 7.393321 3.507039 0.533446 2.814709 3.721249
1.890110 2.170218 5.563301 3.986460 0.519806 2.165658 6.703352 1.888739 5.175875 3.922391 2.011725 6.690398 4.500727 2.219733 4.261958 6.029450 3.865178 0.894807 1.520859 1.257541 3.886543
6.108465 1.744402 4.603327 1.088870 2.494376 0.924105 4.836524 3.043858 4.794402 2.722194 6.429101
5.974830 0.751556 0.833701 4.588125 0.741770 5.431860 0.887325 2.054463 6.510947 6.103586 6.523122 6.782799 6.730464 2.134908 0.811866 5.579253 3.263812 6.533698 0.595786
0.144475 5.947297 1.158257 2.618830 4.587889 1.769805 3.157427
6.160917 4.202385
7.106332 0.535348 4.936747 2.857087 5.344341
6.001448 1.900325 3.593170 3.713594 5.286711 5.972795 5.388888 2.606461 7.169223 4.726296 1.912950 7.363026 5.326929 0.207770 0.153462 2.947639 4.848974 2.856352 0.971176 7.061342
4.361498 6.905252 2.220318 7.350829 4.933470 7.104853 1.785201 2.843553 0.799077 5.972008 4.250859
6.606721 2.222433 0.658017
7.083738 0.318729 3.017712 7.386487 1.878084 1.134551 0.415692 2.323911 3.390142 3.922097 1.825343 3.853745 2.365209
0.046506 6.038279 6.467536 3.892474 1.681763 2.410550 6.786641 7.269424 2.383108 0.651733 6.246806 5.699054 6.569237 2.437381 6.566014 2.781948
6.044575 1.488847 4.956499 5.700399 0.475808
2.888956 6.789471 7.143203 4.500805 0.270206 4.654361 5.179830 0.101462 3.289539
1.684366 4.424925 5.610542 3.497942 7.214375 2.205886 7.339856 3.486721 2.439288 2.454961
1.522509 2.368463 0.717762 3.010352 0.020383
4.567634 3.088696 6.993499 4.502629 4.388908 1.916348 4.736145 3.732918 6.172000 2.544645 3.236795 1.566267 2.028498 7.464889 3.622041 5.497320 5.531367 5.441838 2.794445
7.086422 1.590489 4.550976 3.490962 4.669369 2.823125 3.054750 5.574080 4.230012 2.413640 5.369178 1.171056 2.756723 6.011607 1.695317 1.550000 2.939008 2.504110 3.778247 3.637464
7.221837 6.317709 4.169830 1.520877 4.444070 1.933474 5.666891 4.530651 1.216083 3.963262 2.922125 5.453918 0.910738 5.048489 1.663991 5.925640
2.180172 4.118795 6.668586 3.769481 5.026018 1.228100 2.759935 2.343465 0.450192 2.036460 5.433186 3.596741
1.864179 0.559586 4.146031 1.100619 7.410599 6.893679 4.374856 0.176219 3.614230 1.429991 5.911436 5.278299 4.101800 4.695809 3.980134 3.171969
0.909281 7.309765 2.952855 4.366424 5.391008 6.324298 6.943509 3.789807 6.635751 6.406480
6.301875 3.104187 0.687307 5.077620 5.203729 0.261362 2.378682 4.273741 5.405666 6.280725 0.627796 4.568728 1.307784 2.518071 1.908046 4.596549
1.292652 3.364855 6.215423 2.692569 6.324501 1.289351 0.598753 5.567133 3.720751 3.151646 2.876768 5.285657
4.647588 1.861898 5.975020 1.729411 3.861763
1.159374 2.358856 6.983085 5.645198 0.423743 2.334317 6.962110 6.497000 2.577177 4.373464 3.403891 0.069920 0.189121 2.282634 4.469113
4.973988 5.640500 2.747723 0.744116 2.959698 4.305841 5.481745 3.283970
1.936449 1.479960 2.546624 3.992173 7.318686 3.684583 3.869814 0.601866 4.351113 2.751732 1.796525 1.494759 3.743866 0.903704 0.134518 2.878877 7.329575 7.215440 4.281192 7.188464 3.691193 2.432000 2.306225
2.659343 2.093616 6.470999 6.918702 3.853593 3.786276 7.172893 1.806605 0.566853 3.476458 6.347809 0.659176 7.296874
0.165441 7.407908 3.882140 5.004280 2.339395 5.076908 2.072688 3.833124 1.490483 2.041563 7.330867 4.520383
6.603053 4.762543 6.900386 4.888129 3.386537 0.896166 2.195997 1.760511 4.150274 5.427456 1.427319 6.650348 5.989013 5.743523 3.620541 0.700962
7.240534 4.004025 3.751980 6.604210 4.792146 1.502703 5.429739 3.171983 0.587502 6.450781 1.546092 5.666311 4.399624 6.704069 6.055457 1.619015 0.158841 0.141749 4.968361 4.988568 5.553217 0.532560 4.833881 4.573746 6.237766 6.825107 6.944038 2.683599 1.446832 0.360344 7.489969
5.182560 2.716451 3.109175 0.072447 3.459340 2.937925 4.086926 2.410204 4.089967 0.533531 2.647620 6.048539
