3.976371 4.078373 1.769272 3.202400 2.104007 0.835612 0.823628 1.405574 0.364445 4.419175 4.324860 4.877166 0.702608 1.279181 4.004127 2.137093 0.361235 2.542819
3.035930 4.250719 3.501613 3.203753 0.837640 0.318308
3.560973 3.993978 3.718601 1.729950 0.385560 5.087780 4.729865 3.684809 5.187069 0.034375
1.322676 4.413049 2.047772 4.228264 3.284294 3.104033 5.101671 1.449488 0.776971
2.261507 3.012106 1.213433 2.969256 2.560060 0.981376 3.964608 3.065051 1.012638 2.698360 4.302885 3.477974 2.300493 5.049632 1.181812 2.337301 2.004832 2.657790 0.284474
2.402471 0.409861 1.648558 3.857676 3.953494 2.858089 4.527592 4.063608 1.251941 3.050631 2.588070 1.173757 4.072990 1.693319 0.722366
2.006902 2.147347 5.009534 0.034302 0.264867 1.545990 1.465823 0.985607 2.893644 1.737135 3.662538 0.725267 0.453900 2.109692
1.115539 1.745731 4.728306 4.804310 2.456553 4.421754
1.780025 1.410021 4.958571
2.705825 0.937652 3.680394 2.809676 0.393135 1.027348 2.976017
1.345966 3.165285 3.560007 3.619392 0.875733
1.959731 3.448402 0.633597 2.454221 4.673314 5.008200 4.771721 3.975961 5.126657 5.058004 3.334476 4.188605 2.023937 0.733270
3.269887 2.609477 0.165439 4.690837 0.497345 5.023570 0.029672 3.501006 2.850299 1.894384 4.438445 2.485614 0.788698 4.340231 0.402020 1.225034 4.702752
1.504643 3.973511 3.732107 0.645599 3.999853 2.775462 3.968989 0.313846 0.790760 1.268080 3.029024 0.403298 5.138251
4.624780 1.667005 0.787886 3.141112 3.891879 4.456585 3.055185 2.648268 4.598373 2.766414 5.053544
2.935641 4.956929 4.461452 0.421740 4.376072 2.974750 1.557408 4.792417 0.986819 0.833241 4.134701 4.384384 4.248982 0.350465 1.418049 4.190607 5.028039
1.649355 3.834296 2.275640 2.187797 0.582584 3.554298 3.155548 3.304038 0.300688 0.490912 1.429108 3.133477 3.144171
3.205486 0.254367 0.146205 1.999694 0.844208 4.030611 4.460520 0.186449 4.813947
5.112495 5.002677 4.527968 3.971242 0.869745 1.892117 5.106638 3.581585 1.546999 2.818370 1.191472 2.439562 2.928580 1.850091 2.148906
1.562660 0.586877 2.283316 4.736371 5.080730 0.943031 1.078709 1.938518 2.246698 2.457664 4.707861 4.644696 2.656034 1.949450 3.213217 1.550742 3.821655 3.030209 2.584081 0.564087 1.586325 1.571066 4.019642 0.141306 3.784366
3.592467 1.233183 0.222970 1.563046 5.085997 0.024884 4.376433 1.457637 3.658422 2.868500 5.175600 3.105400 5.065791 4.457175 0.276019 3.829851 2.373726 3.437366 1.216465
0.601341 4.240524 2.632594 4.762187 3.080774 4.290080 3.232846 5.102228 0.404786 1.735011 0.468908 4.477023 0.028343 0.895542 2.377924 2.078488 3.474478 3.180110 3.066804 0.007855
2.316827 4.224987 0.501450 3.103360 2.274125 4.156422 0.862176 0.188238 1.390327 4.026278 0.810254 0.578712 5.011068 0.211971 1.191443
4.992418 1.737860 3.585409
2.497793 3.196176 5.133379 4.830988 4.488449
1.954890 3.258561 3.515659 4.819833 4.060738 4.126250 2.214330 4.485266
1.970044 0.220194 2.886077 1.235510 3.772590 1.725290 3.433411 4.640667 0.548759 4.398302 4.654904 0.933101 1.268376 1.117883 3.538660 1.576728 3.584053 3.590714 4.261918 0.981846 3.036246 2.440644 2.812705 3.458504 4.378875 2.151483
0.124886 2.733515 4.328795 0.907251 3.762411 4.085065 0.972706 2.006525 0.574989 1.066961 1.109116 4.293271 2.178773 3.339450 4.914238 0.260290 1.355303 3.220092 3.042729 2.218076 2.211884
3.374168 1.992834 2.302291 3.576997 1.115460 3.734897 1.239550 3.784815 1.193095 2.691208
0.174034 2.454711 3.212413 1.042723 0.909969
4.047019 0.436502 4.662883 5.153921 2.483616 3.606319 4.844285 1.422464 4.183951 4.137875 2.711519 3.858614 3.702944 4.938250 1.355830 2.764051 3.437696 4.009619 5.005263 4.775191 3.899329 3.383210 0.668266 3.295819 5.091414 5.007661
0.458099 1.041792 3.346866 0.128081 0.889095 1.910317 4.740201 0.551100 0.344292 2.111354 0.402127 4.486174 2.884752
0.750058 4.990745 4.217621 2.106617 2.429337 2.045284 4.340124 4.334624 2.533466
5.165901 5.115274 4.330076 1.260152 0.725597 4.916658 4.133867 2.061259 2.951090 4.780606 0.506820 3.721941 3.471815
2.227314 2.788402 0.486000 4.242606 2.402159 1.197366 3.732578 5.159507 1.783330 4.694061 4.364579 0.202797 1.657377 4.954220 2.477139 0.317944 2.232670
0.428640 4.216382 2.068936 1.545951 1.528656
1.129968 4.757583 0.272776 4.806312 0.403959 4.144453 0.676866 0.061996 3.414675 4.519329 0.793877 0.506461 3.875594
2.514867 2.427579 0.605063 1.467436 0.146446 1.366349
1.371195 1.361870 4.539637 4.155331 2.861100 4.023754 2.788212 1.521934 3.459008 1.192011 4.896468
0.147404 2.681483 1.511097 4.731983 3.189969 3.015462 1.358248 3.814663 4.619866 3.446433 0.903617 0.506199 4.247801 0.142059 0.698091 1.491342 4.443340 1.632863 0.154641 5.140758
4.187605 0.045129 3.001351 0.291596 0.126364 4.818723 2.807552 3.387477 4.921201 4.101908 5.095101 3.546488 0.830976 4.520857 4.245873 4.800996 2.963449 3.364176 1.467737 4.084414 5.119855 0.662327 4.664069 1.141781 3.276209 0.566658 0.525741
2.509774 0.526801 1.820055 1.863056 2.361041 2.674095 0.365519 4.185031 2.642027 1.860909 3.828233 4.916728 4.592608 3.601407 2.515187 5.164274 4.848082 4.428679 4.407143 4.882252 4.864667 5.085895 4.562579 0.374781 4.921396 1.056855 3.643932 0.061079 3.398424 2.419917 2.489581 4.234558
3.361910 0.229854 3.016439 3.458712 2.429093 1.380881 3.517305 1.824442
2.446965 4.096018 4.530310 1.684530 2.817912 2.747507 2.856956 0.044178 4.201263 1.787258 4.488135 1.171384 0.068099 3.740460 1.624309 3.021349 1.151120 4.014381 3.750194 3.604804 0.247777 1.546562 0.072765 4.421222 4.630742
3.463918 4.449515 0.122233 0.478273 3.398551 0.790003 0.307959 0.773172 0.943449 4.174163 2.038030 0.940491 0.187341 3.371136 1.192190 3.490112 4.294407 5.061227 0.866627 1.931336 1.075596 4.718822 2.934807 2.101771 3.307399 1.976925 0.279900
3.068256 4.538849 1.348023 0.475576 4.312626 4.988915 0.110112 0.518354 4.822632 0.222279 3.987921 0.648686 4.407697 1.839989 0.904797 3.686062 4.798630 1.312846
0.424000 3.886600 0.287480 0.691433 2.584756 1.743489 0.597510 3.095469 0.523480 2.650501 1.182511 3.824882 1.842664 1.009279 3.628986 2.486777
2.898187 3.486996 3.242674 0.924655 4.173772 3.589906 1.398671 1.693069 0.085457 4.512638 0.568613 3.758120 3.903525 4.062731 4.838648 3.759556
4.052018 4.179360 1.664876 0.934862 0.744492 0.247625 5.146269
4.303023 2.261321 2.443261 1.132391 2.050089 4.313100 0.998363 3.740947 3.153391 2.973396
3.403599 1.023649 1.091290 0.706061 3.512738 5.148555 2.796593 0.341601 1.071219 1.038493 4.863644 3.407312 4.176128 5.000167
1.746736 3.182897 3.494384 0.575146 4.611257 2.238825 3.052487 3.942921 5.135746 2.323789 3.760198 0.010970 3.511219 1.288939
1.955112 0.653757 1.800014 2.072771 2.803698 4.185012 3.680652 2.533159
1.089005 0.245602 3.784989 3.583025 3.841095 3.702960 3.845379 4.407246 2.725120
0.505191 3.424039 4.259757 1.461202 0.260832 2.695237 1.984759 0.902978 4.414202 1.973004 1.470945 2.779158 4.652423 3.411947 0.312783 3.928735 4.163141 3.503299
4.889197 0.021134 0.792367 0.213378 0.705523 2.719735 1.599812 2.773301 2.125453 1.686283 0.626322 4.956767 3.366552 1.403835 0.381440 2.402892
0.715022 1.284430 0.035788 5.030276 1.371753 3.263176 0.675533
0.919161 3.903464 2.242123
0.542149 3.109410 4.382207 4.125158 2.449897 1.212934 1.751632 1.241424 0.390502 4.835324 3.721314 5.154787 1.063904 0.297259 0.393279 2.792874 1.938795 3.113701 2.305345 4.071371
0.511961 4.155526 1.184874 0.252270 2.962090 0.509509 4.684652 2.113607 2.903683 4.310955 0.965495 1.381327 2.901710 0.358094 0.039388 1.508034 4.679233 0.033024 0.311662 4.359058 0.216532 3.496679 3.741731 0.070341 1.841608 2.144768 0.922193 2.380454
2.763260 1.232198 4.976886 0.581217 4.612134 3.459245 4.505726 0.437092 0.708977 0.572470 4.272328 4.854045
4.426206 3.860263 0.678908 1.706577 1.108344 1.796676 1.601391 1.309788 1.686585 0.874454 1.171749 4.798986
1.361734 4.320211 4.967177 1.959709 0.969455 1.855471 2.705382 5.035426 4.431200 4.585181 4.193570 5.121270 1.775930 4.470608 0.466457 4.457432 4.118048
2.235037 4.025994 3.009278 3.807368 4.105280 0.382863 3.174836 1.625774 1.923580 4.005114 1.359602 4.830251 0.459203 3.530340 2.546865 3.521762 1.606539 3.003851 1.156333 4.988548 1.170902 2.433237 2.042951 1.704391 3.580634 5.175389 1.614191 2.129124 3.737189 1.283068 5.190665
1.458598 3.683413 3.451918 3.107982 2.870509 1.305680 0.962447 1.450063 0.240601 4.215981 4.616968 2.023406 0.223637 3.500862 1.172039 3.305271 2.442853 4.873941 0.676780 2.531026 4.423963
0.031754 0.057466 0.932098 1.561811 0.538432 3.430904 1.426514 2.242736 3.277506 3.919268 2.694307 5.036075 3.991240 4.533513 3.441382 4.922399 2.915745
2.348721 1.887723 4.284908 4.498118 0.260705 4.263692 0.109580 0.559844 3.613991 0.041988 1.162242 3.642068 2.229028 4.787278 2.777403 0.698883
4.934024 0.036358 3.797487 3.160399 1.242589 1.975781 4.452399 4.563241 3.019453 3.445641 5.075322
0.992052 4.749796 1.453916 5.093296 2.858530 3.668472 4.039003 0.549738 4.968145 3.018373 3.280297 1.827375 4.664107 0.208927 1.558784 1.064965 2.921075 2.376202
1.869363 5.064405 2.209499 1.983199 2.131887 3.134240 0.514672 1.131228 4.118105
1.522892 3.038281 2.506392 2.834068 2.934685 0.975077 0.698643 3.859442 0.904936 1.589610 2.312937
2.118203 2.353723 2.714602 1.813847 4.807499 3.583818 3.972647 4.940804 4.106582 2.587320 0.827546 0.865069 4.147416 0.839898 3.145393 1.993338
3.602234 1.756303 4.248628 5.140393 1.000302 3.025516 1.377078 2.307864 2.465209 4.622041 4.563191 3.101997 3.401718 1.312526 4.663157 1.063163 1.587915 4.537492 4.869420 1.892979 0.391876 2.871967 3.284043 0.988221 4.255235 2.021718 0.713728 3.352019 2.660034 4.703564 0.599918 3.223728
3.378620 1.380511 3.949992 2.267900 4.038433 0.247876 3.829859 3.197172 3.655277 3.488443 1.021105 3.943230 1.603576
1.326183 1.442968 3.750201 0.207960 2.088283 1.022226 2.144383 4.087644 5.187001 1.275931 0.970564 0.261838 0.600644 1.282955 2.240926 4.389542 0.073700
0.412988 2.339986 2.765160 3.580209 3.103113 2.228488 0.848749 3.920317 0.882661 4.339853 3.783053 3.752342 4.070976 0.690032 0.416561 3.773736 1.116397 3.284809 1.971592 3.851595
2.153765 3.500389 0.500919 2.766660 4.953677 1.648032 0.853246 2.845962 2.044751 3.240018 0.721730 1.337732 1.574518 4.011408 1.453421
0.013872 1.444336 1.303414 4.336614 2.286554 4.432117 3.487506 5.083805 4.432501 3.174469
2.404110 5.029700 1.998480 2.976046 5.017313 0.967346 2.719936 4.579660 5.137575
2.258888 0.465248 4.223492 3.252087 2.026029 2.786696
2.102509 3.862527 2.683586 0.873139 2.519210 2.088223 4.430127 2.724853 4.467127 4.827174 0.126537
2.717069 3.916206 2.818572 3.689884 5.193300 4.134591 4.744557 4.092523 3.946301 3.596703 4.968147
2.657577 3.754576 1.323118 1.828151 3.398508 3.846051 2.397343 3.438891
1.814891 0.852796 3.125661
4.908976 0.121085 3.651952 1.232508 1.393512 1.565083 1.638489 2.419044 1.528504 1.646297 4.354166 0.321140 5.119202 4.416350
4.539542 0.437634 3.839796 4.064625 3.511018 3.188327 1.017229 2.271735 2.358649 1.256118 4.184598 1.171366 0.955721 2.611411 3.383336
3.499584 3.757483 0.121049 4.752574 3.654028 0.589587 1.782107 4.494480 0.478866 5.149376 3.276398 0.562031 2.256839 4.312172 4.045781 3.998611 4.843729
2.491821 1.438996 3.966623 0.782174 3.123209 0.099964 3.660744 3.652351 1.531626 0.998163 2.275403 3.708199
1.771979 4.059295 1.394365 4.762119 0.795931 1.395855 2.840692 0.223331 4.703727 3.808114 5.173535 0.763684 3.966683 1.965536
1.568821 2.388580 4.766194 1.134883 1.013872 4.387628 2.852525 4.533265 1.273252 2.510097
0.365579 1.606355 3.919885
2.391577 0.778951 0.897315 0.825263 1.107062 3.609083 0.108313
0.866578 3.970746 2.083966 2.360860 3.267926 4.734430 2.003447 0.552965
0.559696 4.650571 5.169001 2.191904 1.410878 4.797806 2.324340 0.706636 2.932354 4.353411 3.057390 1.099603 1.104673
0.339823 5.190028 4.672205 2.304308 1.899818 3.055006 0.025218 4.347794 5.127991 0.709862 4.697801 0.681282 1.961025 0.398805 1.323123 3.755331 2.925716 2.708747 4.512294 4.195810
4.382122 2.690247 1.884061 0.171966 2.453529 3.133256 1.474198 0.206470 4.230028 2.738060 1.082801 2.665679
2.983302 3.659779 3.185906
2.332893 4.338388 3.612132 5.133417
2.921945 0.474299 4.580901 3.690909 3.918370 3.656965 1.958630 3.126453 3.626534 2.242516 3.774564 4.683899 5.033862 3.837456 3.577659
