-9.000000 16.000000
-9.000000 16.000000
-9.000000 16.000000
-9.000000 16.000000
-9.000000 16.000000
-9.000000 16.000000
-9.000000 16.000000
-9.000000 16.000000
-9.000000 16.000000
-9.000000 16.000000
-9.000000 16.000000
-9.000000 16.000000
-9.000000 16.000000
-9.000000 16.000000
-9.000000 16.000000
-9.000000 16.000000
-9.000000 16.000000
-9.000000 16.000000
-9.000000 16.000000
-9.000000 16.000000
-9.000000 16.000000
-9.000000 16.000000
-9.000000 16.000000
-9.000000 16.000000
-9.000000 16.000000
-9.000000 16.000000
-9.000000 16.000000
-9.000000 16.000000
-9.000000 16.000000
-9.000000 16.000000
-9.000000 16.000000
-9.000000 16.000000
-9.000000 16.000000
-9.000000 16.000000
-9.000000 16.000000
-9.000000 16.000000
-9.000000 16.000000
-9.000000 16.000000
-9.000000 16.000000
-9.000000 16.000000
-9.000000 16.000000
-9.000000 16.000000
-9.000000 16.000000
-9.000000 16.000000
-9.000000 16.000000
-9.000000 16.000000
-9.000000 16.000000
-9.000000 16.000000
-9.000000 16.000000
-9.000000 16.000000
-9.000000 16.000000
-9.000000 16.000000
-9.000000 16.000000
-9.000000 16.000000
-9.000000 16.000000
-9.000000 16.000000
-9.000000 16.000000
-9.000000 16.000000
-9.000000 16.000000
-9.000000 16.000000
-9.000000 16.000000
-9.000000 16.000000
-9.000000 16.000000
-9.000000 16.000000
-9.000000 16.000000
-9.000000 16.000000
-9.000000 16.000000
-9.000000 16.000000
-9.000000 16.000000
-9.000000 16.000000
-9.000000 16.000000
-9.000000 16.000000
-9.000000 16.000000
-9.000000 16.000000
-9.000000 16.000000
-9.000000 16.000000
-9.000000 16.000000
-9.000000 16.000000
-9.000000 16.000000
-9.000000 16.000000
-9.000000 16.000000
-9.000000 16.000000
-9.000000 16.000000
-9.000000 16.000000
-9.000000 16.000000
-9.000000 16.000000
-9.000000 16.000000
-9.000000 16.000000
-9.000000 16.000000
-9.000000 16.000000
-9.000000 16.000000
-9.000000 16.000000
-9.000000 16.000000
-9.000000 16.000000
-9.000000 16.000000
-9.000000 16.000000
-9.000000 16.000000
-9.000000 16.000000
-9.000000 16.000000
