0.191444 0.419322
-0.346794 1.478897
-0.292504 0.756173
-0.219137 0.591184
0.166156 0.416404
0.265815 0.217482
0.266423 1.405252
0.105674 0.383698
0.113985 0.282073
0.146832 0.594552
0.163069 0.424294
0.218635 0.214765
0.139055 0.300310
0.476695 1.520869
0.499054 0.541328
0.436965 0.439977
0.209902 0.383369
0.143484 0.770995
0.191335 0.698068
0.211303 0.325589
-0.070635 0.713271
-0.099885 1.064345
0.158119 0.400925
-0.072354 0.545485
-0.049295 1.264723
-0.098056 0.552833
0.027650 0.596607
-0.281314 0.782842
-0.442765 1.271875
-0.116241 0.482918
0.262933 0.244638
0.481862 0.757450
0.455655 0.610644
0.401829 0.671016
0.244574 0.745082
0.515748 1.877669
0.535468 0.697052
0.308845 0.379348
0.385311 0.750765
0.265745 0.210842
0.170921 0.518509
0.002166 0.263521
0.110927 0.839480
0.014888 0.221690
-0.228968 0.882591
0.119608 0.570660
0.141238 0.326516
0.463926 0.305601
0.637695 1.118265
0.336701 0.366533
0.082921 0.517103
0.181638 0.137889
0.160798 0.370078
0.002939 0.445472
-0.307621 1.238223
-0.402879 0.567472
-0.344288 0.362353
-0.321447 2.079682
-0.177998 0.762559
-0.089082 0.579570
0.180460 0.288137
0.426132 0.649117
0.057800 0.457712
0.151175 0.916605
0.224701 0.385562
0.387296 0.216473
0.141645 0.225286
0.229474 0.502762
0.305397 0.314257
-0.085109 1.368207
0.116029 0.675428
0.377674 0.411814
0.333701 0.318949
0.040096 0.486203
0.263408 0.263029
-0.036747 0.619502
-0.125006 0.791105
-0.049563 0.437836
-0.065659 0.622932
-0.091095 1.256774
-0.181090 0.479425
-0.288960 0.537070
-0.079741 0.247104
-0.067826 0.192413
-0.094711 0.433609
-0.027389 0.498073
-0.052411 0.600211
-0.361367 0.667024
-0.263046 0.917006
-0.460195 0.739649
-0.334700 1.037834
-0.565892 0.414731
-0.652139 0.915144
-0.455439 0.708223
-0.018009 0.747205
-0.063708 0.247664
-0.089430 0.873118
-0.262416 0.349621
-0.273094 0.401567
