-26.609998 -18720.268305
-26.960206 -18710.736872
-28.252611 -18714.216182
-23.812004 -18715.794422
-36.685267 -18712.629702
-19.189322 -18709.764527
-37.566527 -18714.753925
-14.340497 -18716.332705
-22.015894 -18711.181691
-20.647000 -18711.716217
-11.521651 -18707.166618
-21.806091 -18709.672312
-21.447543 -18705.936020
-30.995436 -18709.467057
-22.751288 -18719.710619
-27.095440 -18705.446834
-28.377909 -18710.395181
-19.754015 -18711.919379
-19.334677 -18708.812340
-27.833208 -18714.159758
-35.916721 -18708.592079
-30.355912 -18718.670451
-19.604220 -18707.136192
-13.854234 -18709.198462
-12.884524 -18717.957760
-10.907450 -18704.537816
-34.795936 -18705.850530
-26.141513 -18707.225194
-13.929696 -18708.449323
-9.936249 -18720.055602
-29.707155 -18717.996931
-25.591087 -18711.006561
-16.203178 -18716.806780
-26.750487 -18709.082250
-25.885670 -18710.279527
-30.619673 -18713.292723
-28.666694 -18707.317098
-21.325698 -18714.167348
-28.515637 -18711.715727
-14.224868 -18705.740008
-43.290260 -18708.955599
-39.374135 -18712.336795
-26.000079 -18710.578353
-17.855568 -18707.623995
-42.873182 -18711.760324
-25.373700 -18707.315769
-22.169914 -18715.855280
-17.974813 -18712.473649
-21.278790 -18704.951307
-12.671092 -18713.895288
-13.869123 -18714.388095
-21.387903 -18709.228023
-13.762344 -18711.561187
-12.330267 -18713.419188
-36.645413 -18711.403445
-36.296487 -18709.616812
-21.733504 -18708.308866
-19.227490 -18716.308770
-27.064893 -18711.912966
-48.848182 -18713.492809
-16.361424 -18718.869030
-24.747017 -18714.827490
-29.453394 -18716.665848
-52.087921 -18709.160049
-30.049881 -18714.537821
-13.422156 -18709.909874
-18.711371 -18717.506273
-9.559943 -18712.810541
-30.192357 -18717.994090
-19.946023 -18707.806114
-26.152148 -18707.024999
-28.535208 -18712.723093
-47.830589 -18709.395457
-19.917837 -18715.267669
-22.407775 -18717.767401
-44.459026 -18705.703751
-27.363596 -18704.807317
-16.793900 -18716.071103
-24.474734 -18714.359442
-21.089955 -18711.850707
-22.396360 -18709.783638
-25.308081 -18712.020493
-12.946491 -18710.405694
-9.125616 -18704.625246
-22.968853 -18717.378879
-22.943099 -18705.218757
-33.098304 -18712.889287
-23.733615 -18711.524843
-28.197662 -18707.892432
-26.825977 -18709.434268
-26.348708 -18712.992110
-23.119103 -18708.651961
-25.352281 -18708.472376
-21.182404 -18709.162424
-34.753875 -18717.234880
-19.926031 -18709.230550
-16.283080 -18713.679784
-2.357624 -18716.461597
-20.005583 -18719.531600
