70.952470 18.497863 9.532919 14.875253 10.354576 10.233643 4.951928 5.228481 58.093873 33.673072 189.827562 21.634446 23.678690 8.900105 147.033647 20.549667
77.561719 16.290191 7.378047 17.858200 9.450188 9.914533 4.346776 6.185184 53.255382 34.055639 178.586870 17.761712 28.211227 7.638151 112.446001 19.269313
91.813700 22.002564 8.765336 22.557620 12.810223 10.663360 6.631122 8.050614 52.279603 38.938650 226.738562 16.721211 34.695689 9.426160 142.411149 17.880928
78.662111 25.499025 9.780827 14.647589 9.266061 9.184255 5.823360 5.510555 49.529672 31.032378 159.445255 20.017312 36.129267 8.708291 134.477503 17.295765
85.166780 18.820280 8.308662 17.431668 10.550448 7.751638 4.579802 6.555716 57.632830 29.119343 179.976994 13.891290 30.578635 8.486053 107.938200 15.877469
88.769003 19.256451 9.077785 11.993067 9.553756 9.182697 4.246753 5.309506 51.814701 27.542101 153.162541 14.354825 34.718781 10.041014 102.001197 18.177585
106.035883 23.076439 10.022439 16.455586 12.812447 13.313833 5.970326 5.875490 57.833409 31.259250 197.784256 19.297009 30.802453 9.549457 108.023962 17.117646
102.207701 22.419946 11.203230 16.417889 10.526021 8.848061 5.506853 6.843602 47.003153 37.716932 256.774367 14.737149 30.747520 8.894517 136.511646 22.194978
104.592872 26.489842 8.823270 18.382251 13.868746 14.553595 6.610947 7.625842 61.594385 43.269541 212.575320 14.368097 33.107298 11.598048 152.041677 23.228773
96.794363 19.800598 11.561566 17.947442 10.748229 10.775720 5.520546 5.367055 60.487926 39.327684 233.477996 19.353442 28.481410 10.193446 131.010203 17.957856
86.284801 20.545700 10.021290 16.681465 13.589725 10.592121 6.356718 5.295839 59.818080 35.537988 180.383160 19.388736 33.010091 10.440484 121.266711 20.464367
99.241572 24.990020 9.632700 20.909827 13.315283 10.719360 5.663314 6.769555 57.734770 43.591719 288.194968 15.971959 31.658525 9.592000 159.460976 19.600316
86.390177 22.037898 9.380493 16.128439 10.195084 11.619389 6.954312 6.083443 61.231475 38.706649 211.865763 17.713963 32.148063 8.122019 157.641714 17.274133
89.800586 23.888349 12.340633 19.979614 11.712712 14.460784 5.279004 7.102060 60.438897 39.091036 219.625254 16.123033 24.381003 10.160543 158.932159 20.490660
80.633227 21.955317 8.075419 21.378766 9.887423 12.475893 5.204879 7.155335 56.632005 37.111174 256.836619 13.923632 34.136241 11.596571 141.757591 18.630025
97.033247 20.654519 8.435122 17.141693 12.144071 12.154469 6.226040 6.855103 68.254265 42.372625 214.983419 16.703389 31.686911 9.358710 147.340783 20.104608
129.709890 23.258089 8.802393 19.721200 13.535700 11.412510 5.142345 6.118802 64.770681 39.980534 208.924868 17.835684 30.328970 8.762761 151.590745 23.872650
93.765063 18.927584 8.956657 17.549653 8.930345 9.672497 5.951548 4.746922 47.968552 27.201191 156.628870 14.046037 23.789560 12.191905 119.857097 17.885809
93.047672 27.722621 8.401074 16.325687 11.490765 10.670468 5.312219 6.066455 56.687000 36.241903 222.771519 16.619332 26.680146 9.895384 106.704591 20.091659
81.230912 16.798224 8.702274 21.179768 9.674728 9.725863 5.014325 6.219369 49.023064 41.267068 230.797351 18.603486 27.230679 8.557781 133.510602 20.841902
112.316676 19.960717 10.538450 19.206912 10.589872 13.141847 5.285639 6.340301 80.571729 31.923421 244.379795 16.683658 31.927174 10.918074 134.167504 20.874440
107.937284 23.959246 13.811057 20.961453 11.556395 12.296604 5.855985 7.327875 58.587466 49.494470 223.082540 20.238763 37.739368 11.582219 113.024255 26.054087
92.290955 21.214520 9.114957 18.013303 10.468097 12.398193 5.599960 6.989671 70.007202 32.226773 228.863624 17.405120 37.208328 9.318719 156.715234 21.346016
86.859812 22.864199 12.474037 18.897800 11.699831 14.019070 6.133917 6.233820 54.102737 33.958122 245.913208 19.409243 31.016508 7.781833 124.981686 20.318112
99.727527 17.190607 7.341899 17.037273 10.224091 9.921082 5.456799 6.442284 59.902655 33.363060 221.892146 15.422460 35.869131 13.737646 120.411680 18.589873
90.457982 25.849954 10.193018 19.747710 11.671026 12.175598 7.248284 7.309731 58.818074 39.580414 177.295823 14.575295 26.591708 10.304328 136.166513 19.133773
98.288525 20.904434 8.375561 16.032558 10.711996 11.856530 5.300608 6.482287 48.439963 37.671031 216.804474 16.264252 32.589082 9.969583 127.026877 23.425540
73.462414 16.804278 7.740857 14.309214 9.602461 10.608852 5.358464 5.624607 49.837741 35.666442 186.937306 16.802863 30.571878 8.339162 127.759215 18.153288
86.650996 19.038565 9.171729 19.215251 11.431111 8.112602 5.979850 5.218617 44.315961 30.509294 184.711639 16.488206 38.847789 10.712122 132.420166 15.958287
108.970753 24.213371 8.555498 18.983427 12.283538 11.225034 4.958193 6.440774 52.300941 58.771734 181.860064 18.706436 29.131299 10.480430 129.378152 19.658838
70.339175 17.500375 8.675023 15.743647 9.109583 10.190452 4.621189 5.741700 48.060552 35.903646 183.693899 18.267567 33.209668 10.541269 136.009194 16.289203
89.639561 20.615891 9.852402 16.784376 10.813255 8.503243 4.872846 4.934721 42.392677 29.510463 164.314892 14.990264 30.811816 9.095381 109.398818 16.723173
91.504385 26.475232 8.636936 18.637628 9.478469 10.662205 5.107905 6.558196 48.994156 35.993706 197.045050 14.995309 28.578579 9.186683 139.548338 16.742894
109.065718 22.208304 7.846276 15.566807 11.728939 9.962940 5.209402 5.611942 63.951536 35.572248 184.605686 15.480036 35.236270 8.976153 136.200631 15.142399
93.770195 24.213083 8.488289 16.343581 12.703101 11.016695 5.353436 5.810566 47.086127 45.167632 207.047889 13.457770 31.932952 11.409477 119.565125 22.091101
93.119924 19.944905 9.661548 18.587414 11.836810 11.251933 7.130628 5.742580 62.209466 40.858168 234.711027 18.642589 24.282011 9.653834 133.321639 20.424663
88.687554 25.218989 10.868862 19.393443 11.051409 13.468384 5.406729 6.779292 59.906982 42.038141 210.927207 15.502203 31.750536 12.557510 166.933553 21.233558
82.285023 17.770411 7.254601 14.673727 9.051808 11.623466 5.477375 5.682130 47.279202 37.168645 207.257112 12.531116 28.257133 8.199590 127.327254 18.220513
65.142729 18.010662 10.062268 19.732562 9.454215 9.147941 5.565392 5.165945 45.920177 32.400698 179.334608 13.098350 26.530791 7.601363 136.684136 13.674123
105.014472 23.495157 11.550102 16.228397 11.907561 12.379494 5.643680 6.384911 57.461930 40.509326 235.971580 19.268804 36.912661 10.388046 126.930912 19.180766
89.049368 26.970597 10.083647 15.532185 12.927182 13.513004 5.406308 6.410059 55.244010 37.742622 267.321436 17.533753 25.885211 10.213739 143.831859 21.547066
94.387058 22.087960 9.070872 15.639977 10.734639 11.525031 6.474247 6.971881 61.921404 47.471838 162.833990 22.166991 35.006000 9.368255 124.734904 23.534545
95.336269 18.264271 8.149240 16.213224 9.477145 11.457368 5.404483 6.648305 47.111999 28.595646 256.246861 18.293195 28.270947 10.145590 132.735109 17.124567
91.800930 20.934493 12.652718 17.271500 11.976048 9.264171 4.602482 6.912571 57.439862 41.075682 214.956883 14.168638 32.579612 9.200491 158.127807 19.688573
112.795779 17.934118 8.121937 16.977198 10.163519 10.000979 6.291049 5.580082 55.149282 32.474884 174.968414 14.650989 25.099867 9.939171 126.651008 16.310551
103.943971 21.262554 8.555513 16.506079 10.091169 11.534673 6.060534 7.072719 55.571976 31.099488 227.118280 12.017108 24.107232 9.576698 122.404553 15.602306
88.319927 16.770487 9.735273 17.627984 11.808783 8.319041 5.940747 6.995657 54.384798 30.751711 191.144637 16.400377 25.315479 12.316509 132.657600 19.776539
110.757221 19.974871 7.806642 16.173162 12.932697 9.771066 6.531338 5.539212 60.729817 37.070049 224.082185 21.526270 31.961889 11.341064 171.813780 23.524833
86.077880 19.365097 11.013575 17.629310 11.341565 12.250970 5.608653 6.204393 44.614140 36.294819 213.050944 18.600546 31.657211 10.334827 140.618727 21.332875
109.868518 21.345195 10.044455 15.898421 13.381457 8.734681 5.171743 6.473487 59.609886 37.102886 185.737294 18.023770 30.963714 8.665679 121.184883 17.952929
103.113955 18.985763 10.258439 15.975046 12.114402 11.375712 5.674973 7.094005 50.105661 46.795545 165.405926 15.359143 32.876481 11.493699 120.344291 25.526250
95.860491 25.660756 8.837247 16.211174 10.770980 11.422764 5.696553 7.685529 59.142235 33.758783 187.456338 18.442681 28.696747 9.365594 150.402651 16.361366
85.991233 24.652668 10.516257 14.675328 9.908717 11.247745 4.651828 7.118678 64.429525 41.266564 146.574245 17.411196 29.634064 7.671656 123.609447 18.549078
82.333677 17.014398 11.448850 22.173864 10.182517 9.966536 5.818836 6.085565 57.181205 30.823540 211.251778 14.933346 29.674020 10.101052 151.876390 18.065054
76.209862 20.052840 11.591936 14.782428 11.617246 9.416390 6.170160 6.956257 68.307306 39.448757 270.503099 16.584033 33.399319 8.911424 125.420531 22.134065
94.877201 22.204981 9.698316 17.878056 11.733353 11.861081 6.707823 6.826535 54.137178 46.347921 188.316701 19.996666 37.256252 10.165196 143.902743 22.338249
75.388889 24.057084 8.067836 14.206284 9.150211 9.485815 5.548143 6.643585 42.519585 31.189283 174.815391 15.667953 28.150315 7.546549 135.809584 17.447811
145.498326 21.299325 8.561613 15.775222 13.018220 11.575394 7.215053 5.709062 59.613375 38.281897 219.741227 19.091145 31.967102 11.277021 138.213072 24.814609
136.012868 21.566141 11.665636 17.941579 11.477943 11.683454 5.462853 6.617332 65.508838 34.486170 223.607441 17.129939 33.680111 9.533232 120.707333 22.448039
91.712309 20.464641 9.377554 16.740621 12.384543 11.413633 5.680441 7.775408 53.437662 36.575584 186.158915 17.473247 39.880446 11.453367 131.388386 22.855455
78.571929 18.318177 11.495140 20.121752 10.307097 10.278556 6.142017 5.623121 73.037700 36.956589 201.605637 12.010511 27.980363 9.476233 126.488309 15.826605
79.998753 19.542171 9.310665 17.539838 13.019547 13.473088 6.298328 5.513565 52.831563 40.241132 200.416296 16.149467 27.110311 9.517632 125.268860 19.826363
107.311025 21.876461 10.078470 16.742803 12.945859 8.706915 7.343741 7.783196 60.147014 33.994750 209.630211 15.805964 37.090855 11.119311 132.942142 20.562008
92.450406 19.810543 9.755920 17.410544 11.559673 9.819920 5.072144 6.880236 49.208948 31.021616 192.349014 20.026579 33.844529 9.359232 101.010021 18.346673
98.762594 17.689813 9.840272 17.039062 11.982779 9.804320 4.991272 5.240725 59.229416 30.688607 194.976360 21.607775 30.861948 11.586917 143.028901 19.769237
89.743340 18.693121 10.028110 18.493543 10.686392 9.833268 5.802673 7.897234 49.648503 47.670830 216.560384 15.753220 26.720307 12.039591 135.742467 19.596994
107.219854 25.136179 8.969561 16.394435 10.364427 9.049645 4.545419 6.178702 45.543140 33.886788 197.641707 16.677663 40.450048 9.590512 142.419962 19.808143
104.243943 18.054865 7.568739 17.728902 10.623392 7.886053 5.550287 5.843047 53.732319 28.192283 178.108001 16.243811 31.595183 10.188907 101.439032 19.362705
103.731593 26.462849 9.043921 14.951358 11.286928 9.807230 7.658802 8.486096 56.009292 36.052193 272.396934 19.639597 35.925142 7.882648 156.907363 20.012863
90.037654 24.059828 9.532545 15.935542 10.530461 11.102321 6.982495 6.424725 60.128337 39.652646 227.106769 19.418040 33.365823 11.395497 117.317513 17.135309
105.700323 20.683318 10.620081 17.538008 13.063524 9.995123 6.834418 6.301767 51.588489 38.426940 227.567791 19.146680 34.331298 10.568246 131.729626 25.293662
101.364207 20.517777 9.368757 14.089667 11.913166 11.006967 5.655011 6.298057 58.941047 33.227803 158.252409 14.768046 32.448209 9.080494 127.162188 23.821397
112.627413 21.628352 12.583763 20.433919 13.019827 12.206624 6.218512 6.459778 66.196972 51.621529 232.239664 16.776588 31.963126 10.282908 152.267997 23.655083
113.834908 22.006850 10.319836 21.463054 10.904185 13.306232 5.219470 6.114632 67.496899 33.701411 224.103151 16.513504 31.444469 9.662617 145.899417 23.272093
84.990488 21.234707 9.670960 17.402491 9.730351 8.478462 4.667003 5.562148 37.309591 40.508734 182.241333 16.475252 25.502718 9.472675 146.087164 17.490460
85.053791 18.563519 7.875627 14.753512 10.995571 8.584604 6.021234 6.122925 53.786551 34.942670 218.938724 17.192895 34.193379 9.621951 110.335256 16.667294
87.681764 23.187309 9.906526 18.011903 9.347880 12.608498 4.609543 5.655647 49.857941 34.030178 212.934017 17.372236 31.858242 8.605312 146.135667 19.600137
81.795691 26.342665 8.155979 14.877919 10.908525 10.646104 6.157042 6.742649 71.069442 33.038698 195.138576 18.665944 34.745668 10.799182 114.008471 17.408389
110.579741 18.578287 9.605118 18.136604 11.030666 11.478806 4.715535 5.114894 64.385383 34.243783 175.378271 16.865389 32.275270 10.109713 119.744367 17.519183
79.150802 16.817389 9.023422 16.242590 11.925970 10.443922 5.433207 5.833372 59.604465 37.133698 177.929652 14.305516 26.369968 9.673817 102.256791 14.200946
111.607192 20.071685 9.996467 17.775252 10.614539 12.658629 5.623286 6.610705 52.985765 50.419340 197.088404 14.218857 28.996855 10.909221 134.894022 17.682846
88.995724 20.825016 9.695849 19.118488 11.047717 8.724008 6.339483 5.542304 62.699632 35.652008 193.753378 18.723471 30.553547 9.569154 130.506087 17.845349
101.588203 19.837428 9.014734 20.295119 11.765848 8.026340 5.317920 6.772612 56.121358 34.782082 223.284517 15.742407 29.937906 10.089026 146.470526 21.559915
104.536745 21.927331 9.273588 14.909088 11.212111 11.494031 5.266939 5.905122 50.883566 35.500308 233.336645 14.659469 28.319539 9.923913 113.697444 19.259759
99.378840 22.810578 8.979556 15.520261 11.254470 10.419577 4.567469 8.367981 66.768928 43.008073 212.181768 21.182135 31.643525 13.250345 168.623344 17.322016
89.886856 22.197765 10.332695 18.735251 13.637090 12.610595 5.789358 6.418832 57.691598 44.041746 227.615171 14.346599 36.398261 9.204284 120.521016 20.284781
106.557445 19.857821 8.682779 20.851028 13.064296 10.674491 5.383997 8.448013 46.020260 40.924230 227.023870 20.328554 32.524189 9.286891 152.466444 21.630927
78.664432 17.975759 6.649296 15.591123 9.561172 7.900420 5.982708 5.782760 49.819076 32.054218 125.138492 12.988245 28.771857 6.983683 117.578394 18.680133
94.926655 23.659929 8.787886 16.753960 10.174051 11.467784 5.717124 7.054000 59.801632 42.539200 215.765728 12.932897 27.327881 9.519426 175.931826 20.897473
100.668973 27.604157 8.348856 17.766395 11.488002 13.676207 6.934655 7.016533 51.004549 38.398842 216.871600 21.252544 31.150397 8.126903 138.689344 22.908411
117.614623 26.047672 11.985597 18.719517 13.686414 13.560528 5.771394 7.856660 53.631455 38.912357 245.966733 17.303712 41.912192 10.889588 124.183193 24.666405
102.988466 20.952517 7.558278 19.167297 12.310632 11.850439 5.155543 5.964575 64.937857 34.987613 221.922985 17.694516 23.352169 8.697627 117.343091 24.303069
119.499602 22.432946 8.687365 18.530357 9.764925 11.471772 5.781080 4.674723 51.793564 35.292843 197.418878 13.936901 26.974755 8.812060 136.197982 20.823985
106.146498 24.079465 10.760664 16.757087 12.970226 10.224029 5.356577 7.030779 59.382872 38.885469 242.223771 20.910189 40.578784 13.091774 154.198732 25.281028
104.199790 28.272339 9.230976 21.038029 12.817406 10.460460 5.083454 6.470714 42.572801 37.728656 240.896346 16.239194 29.913660 8.400314 166.738581 18.598796
87.918512 21.437395 9.286562 14.525733 11.529991 14.343379 4.709133 6.333267 52.628740 36.288104 193.772403 15.911197 30.429115 11.038508 154.524614 19.515827
90.783999 26.553362 8.953676 19.626098 11.289661 9.205042 4.557852 5.521650 63.483577 28.898933 168.182012 18.619504 29.979944 8.906823 132.269096 17.516216
126.060887 18.037798 12.388961 15.507768 12.083672 12.254802 6.544608 6.620256 51.435437 29.905734 174.731508 16.009401 28.261916 8.749656 147.635153 20.602237
71.131002 28.400176 7.884344 15.423909 9.779563 13.098019 5.422895 5.586219 54.823862 39.219991 197.701797 13.722870 29.618747 8.293085 108.895547 23.286377
