0.796583 1.237794
0.792992 1.130218
0.802105 0.465814
0.851896 0.375862
0.838012 0.636961
0.888365 0.755803
0.915301 1.127335
0.914955 0.705247
0.919945 0.722922
0.898640 2.156052
0.900583 0.602522
0.890181 0.375052
0.880107 1.880460
0.872614 0.405455
0.840070 1.445147
0.815495 1.565247
0.807825 0.410597
0.817821 1.339544
0.854692 1.707206
0.873469 1.361940
0.868910 0.725685
0.852981 0.535977
0.859272 0.729098
0.847492 0.654566
0.867318 0.692695
0.792337 0.457104
0.803639 0.618364
0.800383 0.676477
0.808425 0.207893
0.775775 0.463683
0.765911 1.045804
0.742466 0.218003
0.752670 0.412251
0.749142 0.244294
0.679270 0.811018
0.641140 0.255860
0.623557 0.660950
0.611354 0.801063
0.644041 0.608029
0.642006 0.204596
0.672818 0.492190
0.668545 0.205165
0.687537 0.330047
0.684790 1.039165
0.680269 0.537206
0.663894 0.677225
0.688483 1.704707
0.657433 1.866280
0.636850 0.468079
0.658183 0.499184
0.661185 0.660176
0.675427 1.043524
0.713836 0.323645
0.747522 0.733817
0.757943 0.972322
0.740109 0.449533
0.726212 0.232688
0.713217 0.409587
0.740996 0.461490
0.712946 0.407122
0.752161 0.787524
0.749859 1.201118
0.751541 1.267205
0.774077 0.634220
0.778681 0.582940
0.747078 1.093223
0.698176 2.573183
0.719798 0.390367
0.706212 0.941060
0.726569 0.451333
0.724740 0.533291
0.734042 1.131036
0.768987 1.313300
0.763770 0.436552
0.768964 0.588036
0.734112 0.345164
0.765842 0.458320
0.723590 0.450855
0.743727 1.905719
0.740681 0.580834
0.732155 0.459124
0.730764 0.724035
0.706318 1.179080
0.735489 0.601168
0.701594 0.687667
0.690650 0.374178
0.727243 0.593347
0.710728 3.119130
0.715270 0.639206
0.707657 0.518406
0.724021 1.491955
0.755242 0.291431
0.711109 1.168726
0.746422 1.458421
0.750828 0.638421
0.766574 0.392251
0.737604 0.788557
0.779269 0.508553
0.789954 0.380762
0.781531 1.044684
