0.377073 3.852786 3.199775 1.381197 1.671627 6.208546 3.479511 0.723767 11.045221 
0.343947 3.923819 3.352848 1.375432 1.356204 6.907645 3.018341 0.616764 24.668911 
0.367664 4.119353 3.477658 1.379608 1.059149 7.568442 3.300431 0.316865 7.452735 
0.354236 3.772565 3.341866 1.691185 1.332996 8.305797 3.203775 0.628770 20.540978 
0.376400 3.719306 3.394184 2.026229 1.089704 7.699241 3.477796 0.129083 13.519730 
0.363159 3.848381 3.391550 2.109474 1.427670 8.743480 4.031585 0.258038 10.057872 
0.359871 3.868287 3.548760 2.395399 1.228039 7.890725 3.132559 0.334443 11.252582 
0.369692 4.011224 3.742203 2.447473 1.075985 7.682115 3.107747 0.259554 20.025302 
0.350381 4.595161 3.661229 1.364513 1.140130 7.475329 3.006932 1.663778 17.037545 
0.337430 3.693811 3.466608 1.781572 0.878438 10.222946 3.170333 0.676971 17.073002 
0.353009 3.431850 3.687061 1.882477 0.932728 8.808568 3.061131 1.224865 11.462097 
0.377435 3.758257 3.440755 2.023868 0.960887 7.662264 3.177558 1.108262 8.093940 
0.364500 4.225646 3.781545 1.998554 1.141393 7.611862 3.526714 0.031906 15.631782 
0.366765 3.519721 3.640233 1.692559 1.132496 8.129240 3.530733 1.093511 16.383404 
0.351870 3.942061 3.579257 2.091005 1.055475 8.530249 3.179819 0.061695 21.566985 
0.347319 3.753618 3.523809 2.059134 1.042260 8.120824 3.113227 0.149358 18.275313 
0.339345 4.084508 3.323552 1.889309 1.114739 8.343138 3.191374 0.261728 18.586576 
0.354015 3.738942 3.180259 2.004926 1.116954 7.254070 3.209290 0.104624 18.438261 
0.383905 3.433233 3.537190 2.299016 1.129071 7.578341 3.228118 0.403836 247.855467 1.621245 
0.360001 4.273437 3.544919 2.202640 1.595459 6.567642 3.729503 0.282740 15.742171 
0.356420 4.114045 3.802146 2.149077 1.329128 7.985922 3.380160 2.786332 16.391449 
0.368766 4.079171 3.587372 2.074970 1.195799 7.817807 3.253222 0.186332 214.512526 
0.392995 3.847313 3.496481 2.201247 1.107478 7.074603 3.267081 0.415693 9.137514 
0.380144 4.498025 3.339288 2.029686 1.234162 7.573826 3.659402 0.528677 9.918689 
0.369842 3.940589 3.742952 2.149812 1.036830 6.642042 3.289622 0.873900 10.810196 2.128216 
0.341722 3.627158 3.252153 2.241568 1.319873 8.436930 2.988497 1.532341 19.486482 3.142439 
0.339431 3.820314 3.428346 1.789241 1.329286 8.008504 3.379724 1.399362 13.511861 
0.361398 3.585916 3.454554 2.159084 1.137027 6.515986 2.836539 1.093479 12.522515 
0.349184 3.794839 3.639596 2.150058 1.195939 8.690246 3.877291 0.921501 8.575469 
0.355220 4.052610 3.606468 2.069793 1.043424 8.268094 3.161454 0.903208 4.779006 
0.334828 3.882132 3.634899 2.432858 1.502473 6.619477 3.483346 2.711622 
0.357823 3.843769 3.724367 2.401218 1.251661 7.249157 2.991621 2.310492 
0.368618 3.998245 3.376663 1.985004 1.095291 6.636540 2.870667 3.110961 
0.337586 3.984917 3.498665 2.217971 1.392165 7.758456 3.434554 2.665703 
0.350727 3.847021 3.364795 1.948869 1.286767 7.760863 3.109192 2.997309 
0.375927 4.019923 3.318705 2.105465 0.864488 7.920893 3.111969 3.750454 
0.340520 3.682886 3.367857 2.023175 0.842612 7.241626 2.968165 2.581073 
0.367166 3.611057 3.016478 2.137411 0.909650 6.987776 3.078871 2.278300 0.300209 
0.369332 3.900956 3.243212 2.436842 0.991147 7.011657 3.185838 2.382373 
0.366207 3.828603 3.273134 2.536804 0.763284 6.398199 3.342564 4.006458 
0.384539 3.998249 3.401375 2.501003 1.193880 6.813847 3.212940 2.780368 
0.369713 3.337484 3.008319 2.048331 1.009831 6.696271 3.158196 2.567779 
0.372895 3.387712 3.120007 2.477136 1.154650 5.623151 3.021253 
0.375068 3.977360 3.113230 1.906029 1.741885 5.323590 3.475158 
0.372986 3.381990 3.300004 1.503491 1.703370 5.452113 3.070158 
0.365038 3.363408 3.387096 1.743183 0.918462 6.235384 3.599509 
0.387832 3.483572 3.172671 1.605661 1.067363 5.997002 3.440740 1.180351 
0.361072 3.608782 3.139653 1.394533 1.013981 5.286035 3.452019 1.137382 
0.335144 3.570105 4.089404 1.493356 1.861592 5.060821 2.693915 1.817773 
0.359877 3.376018 3.931655 1.719792 1.366338 5.174257 2.553658 2.049862 
0.371991 3.544231 4.353845 1.660896 1.407855 5.578242 2.713771 1.280110 
0.351635 3.635054 4.520652 1.912432 1.806730 4.206356 2.487449 1.408322 
0.335913 3.054040 4.115888 0.832740 1.517581 5.404884 2.507672 1.677541 
0.340495 3.464730 3.932746 1.445393 1.816373 5.091667 2.850903 1.283802 2.840275 
0.356203 3.728513 3.436237 2.157084 1.514044 5.220192 2.828186 0.656755 2.167512 
0.375095 3.809037 3.822818 2.180699 1.397827 5.794646 3.183152 0.292275 1.566429 
0.365085 3.629779 3.728420 1.489491 2.509491 4.524062 3.021325 0.778823 
0.339874 3.392081 3.579135 2.174327 2.093209 5.307797 2.575184 0.859259 
0.339384 3.616555 5.099319 0.761182 1.598891 3.920051 2.841297 1.286629 
0.345043 3.336821 4.911000 0.777806 1.500159 4.264124 3.000267 0.929571 
0.316773 2.882108 4.383368 1.055007 1.396924 4.525673 3.246867 1.310697 0.361971 4.173660 
0.331234 2.975716 4.944951 0.667526 1.403808 4.611630 2.972348 0.963981 0.336586 
0.355354 3.128326 4.453042 0.845854 1.256965 5.425604 3.062086 1.238094 0.374459 
0.322821 2.756240 3.937164 0.426025 1.998319 3.877066 3.053096 1.148398 
0.332627 2.933321 4.310688 1.215911 1.545831 4.697002 3.066349 1.348135 
0.328591 2.679457 3.543464 0.435475 1.700301 4.138980 2.891420 1.036341 
0.319817 2.920915 3.328959 0.141824 1.568593 3.647005 3.115957 1.019065 
0.327792 2.916314 3.302382 0.631276 1.242370 4.234014 2.928451 0.119559 2.193304 
0.332627 2.791725 3.119648 0.921477 1.338792 4.481922 2.607419 1.261284 
0.302832 2.844929 3.494838 0.466722 2.285395 3.695802 2.679281 0.876073 
0.330459 2.645210 3.089581 0.983697 0.731942 5.022335 2.830455 0.509060 
0.350636 2.638030 3.666070 0.645918 1.740670 3.593686 2.731894 0.072921 
0.341206 2.835677 3.612559 0.147934 1.673803 3.793193 2.867285 0.100487 
0.384237 2.633140 3.663933 0.576200 1.629011 4.989104 2.964533 0.213374 
0.364797 0.099170 3.669243 0.687185 1.146886 4.777487 2.972659 
0.326249 0.406356 3.315900 1.160468 1.150127 5.149570 2.789791 
0.378518 0.402365 3.651699 1.253781 2.042865 4.865405 2.788873 1.428247 
0.377350 1.099385 3.435383 1.075568 1.759967 4.572300 2.725707 
0.359308 0.060026 3.251587 0.838094 1.373208 5.534092 2.910504 
0.363589 0.105178 3.310018 0.591339 1.386996 4.500251 2.880327 
0.352364 0.305030 2.973764 0.468646 1.346636 4.620057 2.794947 
0.371498 2.897719 3.326362 0.740829 0.451119 4.361835 
0.377017 2.853618 3.379548 0.570408 0.083791 4.704549 
0.378864 2.938553 3.302275 0.650738 0.266448 3.449123 
0.406391 2.813722 3.210308 0.405905 1.122492 3.537597 
0.371260 2.817400 3.058469 1.337537 0.848450 4.287075 
0.363697 3.048805 3.511825 0.499197 0.207545 3.296718 
0.366403 2.877275 3.467847 0.194006 0.092545 4.757652 
0.385252 2.824092 3.233645 0.499927 0.286380 4.392738 1.235478 
0.344464 2.825438 3.037618 0.357303 0.680679 5.415916 0.976714 
0.364090 2.780389 3.419164 0.562970 0.468582 4.103337 
0.369017 2.778755 3.374129 0.915443 0.592470 4.300999 0.867007 
0.402721 2.904845 3.385560 0.661609 0.282323 4.721391 
0.381453 2.926475 3.248261 1.134648 0.452228 4.477583 
0.371045 2.934697 3.076230 0.410457 0.881529 4.486075 
0.376202 2.915286 3.147060 0.407648 0.367185 4.319230 
0.352120 2.751220 3.316709 0.524335 0.442607 3.849224 2.271364 
0.367904 2.709959 3.243774 1.040713 0.616297 4.305852 1.917517 
0.365945 2.836703 2.989933 0.748425 0.891232 6.448167 5.322152 4.513551 1.038731 
0.370890 2.873468 2.841466 0.465295 0.593498 4.631336 1.555865 
