0.837395 1.731229 1.595067 1.379579 2.069373 2.126594 0.013458 0.083321 
0.455378 2.025330 1.828056 1.415617 2.050580 2.280746 0.283899 
0.389336 1.538227 1.362309 1.383265 2.050580 2.309757 0.283899 
1.442198 1.357861 1.614618 1.237520 2.050580 2.342858 0.283899 0.764663 
0.149228 1.417872 1.319051 1.283530 2.005382 2.342858 0.011684 
1.267260 1.517296 1.527800 0.266795 2.023360 2.329237 0.306572 
1.321156 1.538519 1.438528 0.600045 2.023360 2.329237 
1.321156 1.498690 1.429547 1.256362 2.059862 2.217533 
1.351520 1.675680 1.359089 1.304957 1.940295 2.241261 
1.389029 1.675680 1.526920 0.334956 1.946956 2.241261 
1.388197 1.675680 1.406263 0.458921 1.992980 2.241261 1.333981 1.121267 
1.316304 1.675680 1.737072 1.005688 2.130331 2.472373 0.247255 
1.425070 1.631778 1.529909 1.068603 2.152758 2.274332 0.593826 0.116022 
1.408023 1.562409 1.550106 1.186768 2.020990 2.274332 1.120597 1.353612 
1.408023 1.867286 1.949437 0.758452 2.025065 2.093982 0.276953 0.394427 1.648484 0.296555 0.058660 
1.339105 1.844226 1.710643 1.251850 1.994629 2.351405 1.039502 0.499463 0.751533 0.229398 1.068513 
1.443487 1.988653 0.547339 1.839354 2.115845 2.453344 0.830190 1.432287 0.344464 1.063481 1.935787 0.161245 0.147112 1.869318 
1.443487 2.068252 0.911918 2.019117 2.367679 2.453344 0.886321 1.432287 0.008783 1.347901 
1.443487 1.927158 0.286816 1.773640 2.176109 2.385464 0.870062 1.432287 0.035412 1.599706 0.121493 
1.443487 1.939866 1.101134 0.436227 1.993755 2.431527 1.748257 1.432287 0.260884 
1.443487 1.474902 0.953809 0.571565 1.993755 2.431527 1.725599 1.432287 0.260884 
1.443487 1.797224 0.316835 1.111660 1.966651 2.277670 1.545904 1.432287 0.084825 
1.443487 1.737402 0.113945 1.199308 1.966651 2.338893 1.892264 1.432287 0.174750 
1.443487 1.782190 0.206811 1.024532 1.966651 2.338893 1.520787 1.429993 1.260380 
1.443487 1.794444 0.151210 0.786854 1.966651 2.151249 1.260533 1.429993 1.042649 
1.443487 1.965177 0.039537 1.442253 1.966651 2.185709 1.974776 1.429993 0.726778 
1.443487 2.112144 0.581550 0.312312 1.991410 1.792625 2.119816 1.429993 0.539834 
1.443487 2.258179 0.262051 0.434352 1.991410 2.299205 2.350905 1.429993 1.236016 0.456676 
1.443487 2.258179 0.583636 0.512443 2.104489 2.302297 2.305417 1.429993 0.844678 2.593503 1.923466 
1.443487 2.258179 0.080774 1.276316 2.257182 2.587295 3.084198 1.429993 2.358557 0.595790 
1.443487 2.130442 0.020068 2.273789 2.099491 2.228617 2.996121 1.429993 3.472260 1.510232 
1.443487 2.577790 0.776950 1.110179 2.271523 2.439219 3.437802 1.429993 3.938694 
1.443487 2.593731 0.005816 2.244552 2.137797 2.261481 3.375240 0.554259 3.822101 0.083548 
1.443487 2.593731 0.115087 3.086269 1.992312 2.296892 2.822473 0.205635 3.388589 1.603823 
1.372859 2.640387 0.157320 3.864752 1.938800 2.257387 3.086235 0.535159 0.743144 0.332666 3.064876 
1.481869 2.628223 0.157320 0.827900 1.850003 2.257387 3.797882 0.007204 3.018379 0.796814 5.687043 
1.492315 2.628223 0.140783 0.723757 1.831365 2.317272 2.888991 1.340518 1.619970 3.530929 0.104235 
1.492315 2.661997 0.469184 0.024399 1.831365 1.894090 3.234112 1.370453 0.134844 3.839317 1.383236 
1.435966 2.661997 0.296641 0.585053 1.982959 1.834553 3.081411 1.370453 2.444473 3.736256 2.079645 
1.435966 2.661997 2.548584 0.277002 1.990934 2.234563 3.089449 0.840356 2.745596 3.736256 1.868461 0.973290 
1.453332 2.661997 3.797662 1.085178 1.990934 1.658183 3.089449 1.008930 0.383613 1.830267 0.910265 2.333541 
1.376291 2.454745 3.797662 0.611779 1.917889 1.586398 3.089449 0.409090 2.427770 
1.352952 2.327334 3.805619 0.278042 1.917889 1.569530 3.095527 0.633200 0.757526 2.117103 
1.405476 2.327334 1.226368 0.478193 2.079655 1.773514 3.095527 0.491743 1.704639 3.739506 0.821867 2.119263 2.340793 
1.405476 2.343459 0.366729 0.727792 1.902455 1.851576 3.111238 0.955034 0.847380 3.739506 
1.257541 2.555289 0.202943 0.087421 1.896206 1.900637 3.054434 0.489233 0.772952 3.636938 2.781207 
1.351274 2.555289 1.924852 0.032774 1.629086 0.123738 5.667695 1.233327 0.542225 4.174106 
1.423111 2.555289 0.206592 2.429148 2.062378 0.229033 5.236672 1.233327 5.309987 0.074422 3.367200 0.029199 
1.377431 2.555289 0.688968 0.939082 1.020453 0.379187 5.236672 1.233327 5.309987 0.288893 3.002331 
1.377431 2.312322 0.254612 1.041670 1.056101 0.211503 5.236672 1.322457 5.851451 0.701716 3.533896 1.222880 
1.377431 2.312322 1.221064 1.842922 1.612033 0.023781 4.979768 1.233947 5.611473 0.513999 3.178001 1.313499 0.983529 
1.377431 2.312322 5.962254 1.641666 1.266990 0.023781 5.033338 1.321085 2.750632 0.264094 3.678240 1.529519 2.395043 2.298582 5.733750 
1.377431 2.312322 4.898843 1.455958 1.192979 0.429084 5.197970 1.321399 4.095176 0.457914 5.874906 0.531767 2.290188 
1.377431 2.208280 3.887003 0.564905 3.188296 0.169503 5.379600 1.333289 5.203814 0.255579 5.874906 0.880873 2.130976 1.366946 
1.377431 2.013226 5.932605 0.949197 1.079844 0.246772 5.709182 1.321485 4.699061 0.042534 6.014676 1.040718 2.237556 
1.377431 1.876728 5.815634 0.972229 0.419326 0.606046 6.063941 1.321485 5.375522 0.800239 6.067098 0.265146 1.634204 
1.380501 1.573695 5.384300 1.418358 0.506078 2.358100 4.787691 1.326324 5.473457 0.053129 5.635182 1.000062 
1.380501 1.421703 5.720926 1.752913 0.149110 1.895027 4.170983 1.328679 5.055314 1.200119 5.749199 1.174208 1.328556 
1.380501 1.616453 3.088616 1.892338 0.257748 0.318017 1.068856 1.324221 4.773461 0.430112 6.060167 1.145032 
1.380501 1.762089 2.136106 1.310577 0.281542 6.093343 0.345047 1.324221 4.776302 
1.380501 1.762089 2.486876 1.016181 0.406618 6.049426 0.087439 1.364764 4.359093 0.807565 2.566593 0.084708 1.077962 
1.387911 1.746364 0.588087 1.063261 3.799558 5.628293 1.156317 1.364764 4.662932 3.328918 0.091299 0.111494 3.645295 
1.387911 1.939892 0.832688 0.824090 0.695975 5.936221 2.517150 1.364764 4.662932 0.588729 0.605723 0.096438 0.229340 1.931324 
1.389883 1.939892 0.427997 0.799379 0.586639 5.906860 1.187470 1.377025 5.769014 2.105589 1.411322 0.269311 0.598731 
1.389883 1.909608 0.307979 3.600331 0.041253 6.096220 0.778791 1.377025 5.272080 2.207190 1.010394 0.104839 0.227839 1.285294 
1.389883 1.927740 0.056211 2.509127 0.186681 5.904523 0.307502 1.377025 4.962680 2.691972 1.424493 0.250536 1.158365 0.078253 
1.389883 1.927740 0.630487 3.025146 0.423762 5.221940 0.450881 1.377025 5.285776 2.240807 1.282811 0.111930 1.528924 0.321726 
1.389883 1.983286 1.956438 0.620715 0.338440 6.066650 1.032261 1.351563 5.168210 3.599305 1.170101 0.123241 1.271133 3.733978 1.954695 
1.389883 2.214091 2.360831 1.159914 3.941170 6.084434 0.722295 1.351563 5.667713 5.498180 0.604567 0.037667 1.219785 4.148747 2.979929 4.768733 3.897449 4.137859 0.391295 3.633607 4.883543 
1.389883 1.330060 3.673725 0.553388 5.344502 4.512099 0.158308 1.351563 5.830982 5.937794 1.853465 2.222605 0.283870 4.565358 3.815893 0.065821 5.180691 1.224839 
1.389883 1.474974 4.997002 0.080245 3.424687 5.735074 0.643672 1.351563 5.223459 5.999713 1.453215 0.768593 0.969194 1.856952 5.232981 0.595047 6.076647 2.661667 1.259103 2.245240 1.323288 
1.378017 2.190884 0.132223 1.862425 3.868847 2.905280 0.523406 1.351563 4.697988 5.057490 2.500561 0.613191 5.555406 2.190260 4.651890 1.518104 
1.360919 2.190884 0.090147 1.472025 4.690508 0.309251 0.604944 1.351563 4.541645 5.545387 4.261617 0.720011 5.752750 1.825301 3.319070 
1.366946 2.190884 6.010504 0.378687 2.985473 0.014026 0.073237 1.351563 4.594079 5.832927 4.498020 3.213774 4.645015 2.528216 2.722420 3.638588 
1.366946 2.092163 5.535749 0.146542 2.712057 0.139754 1.070624 1.351563 4.973035 5.824680 4.484587 2.516794 5.277886 
1.366946 1.851534 5.800654 0.056060 1.578941 0.127967 0.091050 1.351563 5.018903 5.781676 5.514742 2.112013 0.900774 0.995647 0.210614 
1.360898 1.812480 1.283085 0.097333 1.578941 0.213309 0.044779 1.351563 5.049390 5.668049 2.176744 0.608250 1.110362 
1.360898 2.063746 2.226102 0.097333 1.578941 0.002560 5.634220 1.351563 4.503251 
1.360898 1.986540 2.154691 0.097333 1.540169 0.187853 5.512163 1.351563 4.503251 0.027814 
1.360898 1.986540 2.368634 0.089167 1.128450 0.265406 5.258658 1.352128 4.503251 0.952189 
1.360898 1.907821 2.375621 0.040929 2.141732 0.500964 5.399292 1.352128 4.619603 1.515896 3.605723 
1.360898 2.802870 2.917303 0.139595 2.016537 0.942820 5.467258 1.352128 4.459184 2.208156 3.207913 1.383889 
1.360898 2.400504 2.756492 0.123559 1.824159 0.387947 5.466066 1.352128 4.675314 2.142464 5.611543 0.922423 1.078358 
1.360898 0.939120 2.720143 0.261795 1.881238 0.200613 5.799803 1.352128 4.507873 2.142464 0.655840 0.489550 3.126063 
1.360898 1.100198 5.234512 0.560322 5.857437 0.237735 5.653307 1.352128 4.507873 2.138835 0.620681 1.463272 2.182066 
1.360898 1.332293 4.069660 0.294209 4.244560 0.125433 4.899401 1.352128 3.632959 2.138835 0.540989 2.187369 1.022868 
1.389304 1.692014 4.349269 0.294209 4.149060 2.463594 4.145058 1.352128 3.867865 2.180229 1.411774 0.481590 1.884201 1.387637 0.861281 0.593314 1.699794 
1.389304 1.203111 5.321235 1.169912 4.070903 2.657875 4.848683 1.352128 0.295101 2.416611 2.646790 1.019539 1.070708 4.495950 4.804991 2.307523 1.428381 2.625823 
1.389304 0.084229 5.030553 0.524654 3.611696 0.236126 5.453944 1.352128 1.439750 2.531035 2.736310 0.950198 1.285890 4.997070 4.952583 3.613707 0.443724 2.422896 0.609766 2.779140 
1.371620 0.268047 4.147987 0.611252 0.750710 0.897332 5.915297 1.352128 4.850189 2.531035 1.521494 0.529207 0.157358 4.631120 3.150247 3.160143 0.443724 1.379673 4.698770 0.983122 2.184023 4.733127 1.155121 
1.371620 2.147366 5.320144 0.114569 1.947879 0.619387 5.955692 1.352128 5.191407 2.531035 1.168028 1.098818 1.051254 4.293151 0.274286 0.745309 0.390098 0.983725 5.022207 1.460575 3.478510 4.351884 
1.371620 1.226458 0.460833 0.184000 3.932231 1.388178 5.899259 1.352128 5.635348 2.135074 3.311347 5.941697 2.340661 2.881922 0.046493 0.304490 0.630260 0.889987 4.779320 0.052458 
1.380803 1.068809 0.623467 0.691806 3.637576 1.434691 5.986655 1.352128 5.751426 1.608726 3.483179 3.414720 0.792354 0.195511 0.114780 0.987298 0.386916 3.624313 6.054825 
1.380803 0.998237 0.414734 0.823010 3.603104 1.567003 6.045799 1.352128 5.679061 1.930620 5.060216 1.714718 0.386916 0.253556 0.711093 3.503808 
1.380803 0.131059 0.060084 0.515320 1.654663 2.097043 6.015620 1.367191 5.679061 1.930620 3.818314 0.900985 0.035648 2.564505 
1.380803 0.377918 0.077523 0.844591 1.297859 2.266853 5.995245 1.367191 5.704633 1.930620 3.774533 1.912545 0.101195 3.485720 3.641733 2.648311 
1.380803 0.065282 4.250575 0.370878 1.037382 1.531000 5.923402 1.367191 5.726441 1.855664 2.698765 0.963536 0.139774 1.835705 0.382315 0.254814 
1.370262 2.995521 5.161621 0.332693 1.644359 2.312955 5.950141 1.360881 5.567665 1.793118 2.463057 0.392153 0.139774 0.001371 0.918383 0.120219 
1.370262 0.922029 4.913670 0.306819 0.711738 0.257675 5.989834 1.360881 5.686908 1.793118 0.076304 0.588429 0.139774 0.140792 1.435192 0.583885 
1.370262 0.148840 4.307813 0.306819 0.591014 0.118423 5.940076 1.316763 5.405392 1.706443 1.412152 1.349507 0.141609 
