5.202588 5.532172 3.497584 5.653857 4.513232 4.841674 5.719510 5.477264 5.815411 
5.315599 5.532172 3.776701 5.653857 4.443792 4.841674 5.771929 5.615377 6.029511 
5.348653 5.532172 4.052730 5.653857 4.443792 4.841674 5.808116 5.669900 5.856785 
5.369072 5.532172 3.820432 5.659868 4.527399 4.904060 5.857818 5.757976 5.920913 
5.308557 5.498812 3.806601 5.605282 4.466505 4.941958 5.993305 5.619215 5.856206 
5.352151 5.498812 3.834368 5.605282 4.544888 4.964181 5.905043 5.522132 6.095484 
5.352151 5.498812 3.758096 5.605282 4.519045 4.940107 5.905043 5.589785 6.046819 
5.352151 5.552943 3.634236 5.605282 4.627068 4.951678 5.842789 5.543760 5.927480 
5.326470 5.518513 3.754577 5.605282 4.568601 4.919552 5.836287 5.301398 6.003167 
5.351251 5.513187 3.674112 5.648126 4.568601 4.913334 5.792456 5.360795 6.019463 
5.330359 5.513187 3.841512 5.596968 4.536290 4.912866 5.865923 5.307246 6.047879 
5.338410 5.510837 3.746965 5.596968 4.536290 4.907139 5.910406 5.671068 5.897504 
5.332052 5.563284 3.720527 5.596968 4.536290 4.825945 6.050322 5.579039 5.952522 
5.363494 5.530413 3.709747 5.596968 4.514826 4.825945 5.796341 5.418400 6.026286 
5.327418 5.530413 3.727880 5.602562 4.514826 4.825945 5.842007 5.651918 5.768497 
5.395562 5.530413 3.805954 5.602562 4.590856 4.864344 5.755256 5.527745 5.920437 
5.435327 5.545144 3.624798 5.602562 4.640934 4.858727 5.664666 5.411835 5.949371 
5.465013 5.545144 3.763344 5.602562 4.623933 4.858727 6.005984 5.431618 5.764525 
5.371908 5.620348 3.895078 5.639405 4.623933 4.885848 5.912987 5.583574 5.837714 4.622741 
5.453457 5.620348 3.771463 5.639405 4.473930 4.924213 5.966069 5.667778 6.049926 
5.439801 5.617344 3.869345 5.639405 4.435689 4.886509 5.953420 5.511925 5.863220 
5.497368 5.563543 3.947951 5.639405 4.440233 4.911246 5.917447 5.639789 5.696646 
5.359739 5.563543 3.747754 5.636233 4.574524 4.993927 5.939415 5.479559 5.934710 
5.385650 5.563543 4.059939 5.636233 4.543334 4.931165 6.042631 5.834371 6.034802 
5.540646 5.521402 4.122539 5.659446 4.543334 4.709964 5.854831 5.824529 6.090027 4.579236 
5.453608 5.521402 3.664978 5.625409 4.563338 4.927606 5.854831 5.516024 6.033628 6.012805 
5.441521 5.521402 3.856834 5.558859 4.610988 4.927606 5.808438 5.482964 5.914728 
5.421313 5.521402 3.755855 5.605683 4.610988 4.940119 6.015966 5.584442 5.799485 
5.520720 5.521402 3.913111 5.681575 4.590029 5.012479 5.973745 5.751784 5.902034 
5.587260 5.530764 3.913111 5.581400 4.516175 5.032412 5.988168 5.464652 5.810936 
5.642280 5.486128 3.700976 5.581400 4.528621 5.032412 6.023170 5.825129 
5.500817 5.536215 3.910374 5.557941 4.690410 4.938283 5.967851 5.644927 
5.467964 5.536215 3.801421 5.557941 4.639732 4.992572 5.779474 5.876155 
5.676651 5.536215 3.765364 5.564580 4.729228 4.834770 5.981707 5.948414 
5.610272 5.528960 3.725468 5.564580 4.729228 4.980580 5.827891 5.708649 
5.539048 5.540857 3.998384 5.620112 4.745379 4.940611 6.096736 6.010439 
5.580533 5.530766 4.325384 5.620112 4.745379 4.878408 6.032487 6.035027 
5.504394 5.530766 4.359193 5.620112 4.745379 4.878408 5.780171 5.936118 5.826900 
5.501050 5.510511 4.303385 5.620112 4.737196 4.878408 5.927168 5.776681 
5.548407 5.522326 4.261090 5.654896 4.819460 4.891458 6.000834 5.880164 
5.443749 5.486920 4.185220 5.558692 4.819460 4.891458 5.877610 5.728400 
5.434272 5.486920 4.250854 5.558157 4.819460 5.025592 5.985946 5.956433 
5.386117 5.486920 3.993568 5.536843 4.819460 5.025592 5.810331 
5.323445 5.466705 3.785348 5.524686 4.792182 5.025592 6.090004 
5.412378 5.466705 4.123809 5.563902 4.673195 4.890105 5.874686 
5.251371 5.466705 4.142085 5.574286 4.627523 4.978074 6.045766 
5.295076 5.466705 4.164512 5.574286 4.678628 4.692893 6.007102 4.626876 
5.447682 5.466705 4.412106 5.574286 4.598211 4.919438 6.007102 4.819517 
5.378755 5.522724 4.447343 5.603874 4.490205 5.074547 5.637324 4.483584 
5.283346 5.546460 4.447343 5.593197 4.490205 5.053388 5.662179 4.475526 
5.267854 5.493634 4.447343 5.593197 4.507071 5.066758 5.877551 4.494008 
5.374969 5.493634 4.447343 5.593197 4.511646 4.920822 5.877551 4.480483 
5.303345 5.493634 4.447343 5.674674 4.482191 5.091813 5.686937 4.453781 
5.365508 5.521315 4.447343 5.702971 4.482191 5.074668 5.928682 4.454546 5.145760 
5.321894 5.568718 4.447343 5.702971 4.482191 4.814218 5.945555 4.567163 4.673570 
5.290498 5.556047 4.447343 5.672943 4.482191 4.711442 6.085132 4.545644 4.633077 
5.339035 5.500222 4.447343 5.672943 4.489840 5.415578 5.788677 4.545644 
5.259020 5.548176 4.447343 5.650155 4.489840 5.630672 6.087128 4.568051 
5.122079 5.524800 4.447343 5.637983 4.489840 5.097842 5.711962 4.477954 
5.127963 5.528260 4.458330 5.637983 4.521246 5.013209 5.908540 4.492242 
5.451568 5.072705 4.396309 5.398788 4.521246 4.916881 5.910680 4.411418 5.425818 5.530809 
5.392899 5.097954 4.407789 5.331828 4.483668 5.065115 5.803108 4.420509 5.373944 
5.209478 5.199799 4.369541 5.282785 4.490197 4.977287 6.076196 4.347604 5.438679 
5.055842 5.222337 4.370169 5.361142 4.490197 5.140973 5.885742 4.329225 
5.055842 4.920678 4.370169 5.287804 4.595429 5.063576 5.736032 4.379506 
4.989221 4.960605 4.370169 5.287804 4.595429 5.007469 5.755748 4.428351 
5.045313 5.007156 4.370169 5.057606 4.635068 4.905846 5.536453 4.389596 
4.989574 4.981947 4.370169 5.294509 4.885987 4.945525 5.873018 4.419008 4.454439 
5.116181 5.066827 4.370169 5.520495 4.791066 5.097345 5.789800 4.414275 
5.083846 5.289837 4.370169 5.454014 4.611144 4.889073 5.437231 4.432859 
5.190422 5.427405 4.388759 5.520900 4.686481 5.172845 6.042853 4.430069 
5.140259 5.424321 4.388759 5.528550 4.453490 5.340749 5.675947 4.447803 
5.007527 5.287949 4.404434 5.394164 4.453490 5.145002 5.912525 4.442238 
4.685585 5.532266 4.404434 5.584223 4.533211 5.141562 5.389830 4.431733 
4.944752 4.433726 4.404434 5.635484 4.522342 5.173658 5.482187 
4.969202 4.433726 4.404434 5.517641 4.522342 5.185196 5.370777 
4.989847 4.447298 4.404434 5.576936 4.543433 5.151159 5.396164 4.457291 
4.925504 4.451254 4.417536 5.607160 4.545510 5.182625 5.436313 
4.924878 4.431078 4.397620 5.762738 4.778992 5.824288 5.593324 
4.924878 4.431078 4.397620 5.768899 4.553756 5.257077 5.632008 
4.872939 4.431078 4.397620 5.806690 4.639137 5.257077 5.678162 
4.877685 5.527282 4.432919 5.695581 4.475865 5.689739 
4.726463 5.595066 4.446010 5.738021 4.475865 5.395388 
4.500597 5.561803 4.434244 5.773653 4.477269 5.493130 
4.616028 5.460782 4.434244 5.708691 4.475275 5.658193 
4.616028 5.617947 4.434244 5.848216 4.471321 5.786503 
4.651171 5.672129 4.434244 5.843253 4.471321 5.216766 
4.659856 5.555324 4.434244 5.742095 4.476129 5.714244 
4.696941 5.626659 4.434244 5.712787 4.474364 5.739253 4.627868 
4.629940 5.556088 4.413359 5.769786 4.474364 5.831328 4.832591 
4.597913 5.708437 4.355438 5.903987 4.393587 5.749642 
4.582554 5.564715 4.377819 5.742912 4.393587 5.512416 4.824374 
4.572399 5.533228 4.377819 5.718614 4.417707 5.765853 
4.651335 5.556331 4.371434 5.626822 4.431712 5.151575 
4.783304 5.537679 4.384187 5.672792 4.415738 5.648504 
4.781482 5.574303 4.380435 5.690341 4.409140 5.612125 
4.707150 5.614571 4.380435 5.714563 4.404541 5.109194 5.668204 
4.639267 5.561386 4.380435 5.780950 4.404541 5.212579 4.992745 
4.672712 5.495726 4.391317 5.794869 4.410278 5.722183 5.196461 5.951629 5.446897 
4.704181 5.600326 4.391317 5.786905 4.413299 5.547670 5.330221 
