   0.140614 1599.288885
   0.139192 1615.976236
   0.138939 1602.751624
   0.140062 1581.672871
   0.140564 1586.697416
   0.142077 1577.450506
   0.141908 1601.343323
   0.141300 1610.076583
   0.139269 1611.649823
   0.137790 1602.226736
   0.137137 1607.150102
   0.140141 1601.330075
   0.141111 1597.836733
   0.140378 1575.246471
   0.140413 1603.073495
   0.137649 1581.410298
   0.138763 1616.028721
   0.139513 1595.167933
   0.141044 1611.693830
   0.143221 1601.448799
   0.144810 1619.010093
   0.145173 1608.616278
   0.145231 1604.950513
   0.144789 1589.708047
   0.143072 1593.819981
   0.139817 1595.072435
   0.140394 1595.152745
   0.139613 1597.187003
   0.140635 1590.235825
   0.139430 1598.639783
   0.140223 1601.712668
   0.139303 1600.698054
   0.138747 1596.874586
   0.139036 1597.997644
   0.138926 1602.648337
   0.138311 1614.283968
   0.134625 1601.634664
   0.134609 1595.633787
   0.136732 1619.814200
   0.136787 1599.739417
   0.134879 1593.046611
   0.133685 1594.551923
   0.133995 1614.983504
   0.135052 1602.252516
   0.134634 1586.632199
   0.134273 1594.181123
   0.133605 1614.044458
   0.130954 1585.612981
   0.130151 1607.064352
   0.128533 1610.775325
   0.128009 1607.519324
   0.127338 1600.311008
   0.126027 1585.806805
   0.124608 1597.718608
   0.125712 1600.370318
   0.124893 1607.870239
   0.126169 1609.426338
   0.125349 1586.682394
   0.124716 1609.134536
   0.124542 1607.713062
   0.123896 1612.591298
   0.123044 1588.450563
   0.123932 1606.920823
   0.121690 1596.455174
   0.122251 1601.415103
   0.121762 1597.834220
   0.120773 1586.622120
   0.120468 1607.083518
   0.121515 1602.882383
   0.119891 1592.809031
   0.119501 1599.131820
   0.121580 1595.243245
   0.121379 1606.715107
   0.122258 1604.234248
   0.123751 1609.637544
   0.122396 1592.872801
   0.123418 1590.182101
   0.121301 1613.353071
   0.122076 1600.880442
   0.122652 1579.913877
   0.122710 1605.993484
   0.122638 1594.004218
   0.122516 1592.663807
   0.123208 1591.368998
   0.122215 1600.799928
   0.120125 1611.649035
   0.121050 1585.139357
   0.120118 1614.365391
   0.119820 1599.677080
   0.119905 1602.480098
   0.119141 1617.158381
   0.120355 1621.495014
   0.122045 1605.821843
   0.122734 1594.609339
   0.119257 1610.695813
   0.119248 1591.494970
   0.118337 1607.282239
   0.117783 1587.691141
   0.120034 1604.030453
   0.117989 1601.096935
