8.875796 8.868312 6.217335 9.917695 1.327061 0.200582 4.442687 5.945416 
9.713918 8.638408 6.098860 10.966085 1.177539 0.297183 4.508103 
8.663808 9.239591 5.464668 11.417844 1.177539 0.112611 4.508103 
9.315454 8.675300 5.905351 10.679945 1.177539 0.188056 4.508103 8.742416 
9.216397 9.522867 5.665948 10.998162 1.323210 0.188056 4.379097 
10.441269 9.251350 5.429871 9.144829 1.465212 0.256768 4.364206 
11.260689 9.254384 6.061163 9.454681 1.465212 0.256768 
11.260689 9.396642 6.015827 10.904617 1.062635 0.046384 
11.293466 9.060466 6.050477 10.760249 1.324251 0.115001 
10.619742 9.060466 5.416951 9.266442 1.588475 0.115001 
10.996450 9.060466 6.044482 10.412904 0.945687 0.115001 6.166880 8.687755 
11.071909 9.060466 5.695188 8.243371 1.289670 0.181875 7.090330 
11.153983 9.231588 6.557088 8.493094 1.262645 0.182326 6.822425 0.718763 
11.129221 9.166587 5.721894 7.960782 1.216681 0.182326 5.796297 9.355959 
11.129221 8.633904 6.369388 8.291534 1.414698 0.077409 3.372228 8.441824 7.305197 4.239056 3.230566 
11.092527 8.527049 6.596963 7.165485 1.252325 0.084234 2.779927 10.001209 3.057697 8.817982 8.133192 
11.384003 8.600923 10.697402 7.477177 1.627844 0.218870 2.796449 11.283096 3.039747 7.705056 6.842661 7.041163 4.195440 6.735429 
11.384003 8.055148 6.509523 6.332637 1.012093 0.218870 3.756622 11.283096 3.790712 8.472714 
11.384003 8.632872 5.715366 6.724840 1.931484 0.217534 5.928227 11.283096 3.990758 5.471618 9.509710 
11.384003 8.559153 6.233020 9.643512 1.422966 0.009867 6.162000 11.283096 4.246896 
11.384003 8.898395 7.104251 8.385240 1.422966 0.009867 5.938643 11.283096 4.246896 
11.384003 8.688959 6.510587 8.845864 1.435791 0.087043 6.142836 11.283096 4.142283 
11.384003 8.837152 4.738054 8.343033 1.435791 0.127362 6.541183 11.283096 4.335336 
11.384003 8.860658 4.258833 9.022198 1.435791 0.127362 6.286808 11.270635 6.393194 
11.384003 8.721413 4.298982 8.517827 1.435791 0.423233 6.842422 11.270635 6.627525 
11.384003 8.672262 4.299592 8.222446 1.435791 0.290973 6.618533 11.270635 6.584066 
11.384003 8.344150 4.072845 9.688005 2.102768 0.836534 6.739306 11.270635 5.190081 
11.384003 8.122137 4.200842 10.046945 2.102768 0.079824 6.504179 11.270635 5.210755 5.614391 
11.384003 8.122137 4.092485 7.633896 2.345627 0.171424 5.947885 11.270635 6.148474 3.800943 7.539012 
11.384003 8.122137 4.043305 5.811338 2.214228 0.002532 3.654748 11.270635 6.150078 5.822278 
11.384003 8.396891 4.202909 5.660710 1.706734 0.610528 3.395103 11.270635 5.468993 4.808474 
11.384003 7.933197 4.164426 5.149793 2.454829 0.293833 3.587492 11.270635 5.547029 
11.384003 7.801616 4.055646 5.767343 1.698835 0.015982 3.760703 10.151661 5.962932 5.531299 
11.384003 7.801616 4.314910 5.429083 1.425386 0.005047 4.406109 9.980258 6.517229 5.834432 
10.958041 7.799658 4.063708 6.001900 1.545496 0.027059 4.371140 10.185750 5.029763 5.453242 6.435953 
11.458713 7.782067 4.063708 5.612564 1.604107 0.027059 4.374355 10.334230 6.329051 4.494782 6.511902 
11.491197 7.782067 4.888883 5.880558 1.652457 0.046271 4.753483 10.744282 5.994125 6.382706 3.903496 
11.491197 7.808657 6.291133 3.903768 1.652457 0.050448 4.469546 10.679907 4.247564 6.280231 6.664406 
11.355549 7.808657 5.959784 3.937092 2.403853 0.724922 3.989666 10.679907 5.964532 5.709420 7.353013 
11.355549 7.808657 6.770439 3.885203 2.464025 0.001664 4.047665 10.346518 4.769869 5.709420 4.803949 5.653217 
11.466636 7.808657 5.706145 3.866236 2.464025 0.584136 4.047665 10.626548 6.166444 6.297825 7.001306 6.975344 
11.431610 7.884784 5.706145 3.934751 2.359777 0.891836 4.047665 10.142521 7.341159 
11.295045 7.940188 5.734435 3.791822 2.359777 0.754530 3.880041 10.089012 4.808340 5.390715 
11.446916 7.940188 4.487308 3.989700 2.562795 0.506310 3.880041 10.077395 5.961277 5.660027 5.690213 5.133083 3.941542 
11.446916 7.902118 5.696301 3.954254 1.895249 0.783727 4.175589 10.107291 5.778001 5.660027 
11.039382 7.746100 5.695713 4.104557 1.865409 0.360209 4.000162 10.467520 4.252024 5.640699 6.518993 
11.498826 7.746100 6.212330 3.885717 1.558585 0.430662 3.135369 11.032253 5.720754 5.825356 
11.468913 7.746100 7.423123 7.076547 2.686779 1.209266 0.772935 11.032253 0.698296 6.252405 6.214621 5.624636 
11.438110 7.746100 6.588651 6.335226 1.376288 1.158191 0.772935 11.032253 0.698296 6.211588 6.503575 
11.438110 8.063163 9.436226 5.514533 1.377247 1.133609 0.772935 11.237809 0.479832 5.372023 5.750429 0.045991 
11.438110 8.063163 7.440971 6.044394 2.172557 1.271341 1.291296 10.679825 0.620041 6.775685 5.967851 0.484368 10.155819 
11.438110 8.063163 5.540743 0.774892 1.786188 1.271341 2.613170 10.882350 5.335515 6.488546 5.471100 8.572266 6.882996 6.407225 1.012133 
11.438110 8.063163 5.683693 0.039461 1.533489 1.172359 1.417175 11.184647 4.385887 4.763890 0.933815 9.711044 5.778023 
11.438110 8.431776 5.091021 1.263683 3.855692 1.184159 2.210853 11.153106 1.558809 6.654349 0.933815 8.113970 5.722982 5.988534 
11.438110 8.550884 5.244377 1.104789 0.909841 1.111179 3.141644 10.988720 0.895737 6.575934 0.757632 7.805814 6.162471 
11.438110 8.970315 4.780927 1.239817 1.204079 10.883553 3.402893 10.988720 1.797372 6.957935 1.087528 8.020011 6.945905 
11.490141 9.204869 4.929956 1.798494 1.207165 5.357122 2.547575 11.059842 0.509581 5.242066 0.471608 9.823548 
11.490141 9.458465 3.964740 2.066669 1.106877 5.306222 3.080753 11.033540 0.681886 4.851729 0.284518 9.563850 1.187690 
11.490141 8.602352 4.684495 2.105571 1.109618 5.122792 1.066705 10.912123 1.459082 5.706681 0.295299 5.886399 
11.490141 8.847135 5.648633 1.653069 5.630391 0.267815 1.307291 10.912123 1.208392 
11.490141 8.847135 5.914701 2.294781 4.220819 0.175148 3.352654 10.893765 1.485871 1.362253 5.255800 2.269995 4.804187 
11.436590 8.879644 3.303046 2.799128 2.779334 0.129228 5.048572 10.893765 1.666027 5.007301 4.290174 2.400070 5.105089 
11.436590 8.531546 0.800306 2.489964 3.775571 0.095448 5.021548 10.893765 1.666027 5.442263 5.090196 2.083278 8.284591 6.369937 
11.404097 8.531546 0.787552 1.909411 5.212762 0.329490 8.415274 11.171474 1.240250 5.392851 4.368822 1.685728 1.382779 
11.404097 8.610134 1.318299 4.060052 5.631679 0.574256 8.804756 11.171474 1.862062 5.312705 2.380466 2.962800 0.227468 5.671091 
11.404097 8.631675 0.329178 4.091893 4.793153 0.362669 9.189029 11.171474 1.830312 5.120541 2.091657 1.368914 0.585886 4.373026 
11.404097 8.631675 1.254256 4.020176 6.420865 0.113864 8.351950 11.171474 1.453414 6.129335 1.906840 1.428151 0.421546 5.525591 
11.404097 8.452537 7.198959 0.957498 4.751694 0.431740 8.589219 11.032560 1.595877 4.025025 1.886605 3.310734 5.017480 2.957243 4.663930 
11.404097 8.239487 5.609134 0.006260 4.620705 1.185148 9.915876 11.032560 3.091961 1.611306 3.522590 3.386474 4.571779 2.167311 5.721893 4.582581 3.388125 5.430717 4.954258 4.250227 2.724861 
11.404097 9.377279 5.285606 0.483503 5.603343 0.107930 9.111701 11.032560 3.893776 0.175413 2.283442 5.174161 5.071960 1.241378 4.903591 4.542340 5.578137 4.347271 
11.404097 9.604508 5.741501 0.216480 3.703063 3.521163 8.622114 11.032560 1.724453 0.916537 0.303813 6.017362 4.953895 7.117789 5.259101 4.932159 6.099298 2.699721 8.754800 6.285898 5.721525 
11.393453 8.152140 4.370466 0.494615 5.621715 2.661161 9.453680 11.032560 1.178140 0.501463 7.630306 6.183253 5.934497 2.232221 5.732253 6.198322 
11.406447 8.152140 3.929571 0.473138 5.612859 6.052756 8.361445 11.032560 1.385994 0.189601 3.206907 5.951559 5.391234 2.133485 6.066385 
11.364829 8.152140 5.419576 0.610864 5.610271 6.123348 8.126501 11.032560 0.996527 0.129043 0.463779 6.666646 6.501665 2.417413 7.017719 6.125948 
11.364829 8.417120 3.656282 0.572118 3.206502 5.905087 8.102870 11.032560 1.116261 0.593188 0.145470 5.776215 2.908312 
11.364829 8.762420 5.238881 1.240811 2.109076 7.200713 8.330455 11.032560 1.454926 0.931890 2.491415 5.693370 4.751808 5.323445 9.933522 
11.298599 8.633642 7.054424 1.173419 2.109076 7.045598 8.100795 11.032560 1.005047 0.500616 4.861802 5.646383 7.077114 
11.298599 8.280260 5.745649 1.173419 2.109076 5.053174 0.005544 11.032560 0.651075 
11.298599 8.450742 5.616646 1.173419 1.993510 5.734694 0.056474 11.032560 0.651075 8.030042 
11.298599 8.450742 6.020219 1.274612 1.314434 6.182989 0.009511 11.022546 0.651075 8.023487 
11.298599 8.512236 6.094385 1.004836 1.986489 6.363226 0.131491 11.022546 0.613104 8.989958 0.145070 
11.298599 0.001183 5.548810 0.688540 1.702666 5.303003 0.102758 11.022546 0.813711 8.139233 1.659848 5.384170 
11.298599 0.360210 5.670374 0.572889 1.092683 6.719556 0.236682 11.022546 0.882509 8.188755 0.091012 7.769323 7.138610 
11.298599 0.466488 5.838246 0.498502 1.033037 7.038378 0.181641 11.022546 1.694110 8.188755 8.464451 6.835571 0.024393 
11.298599 0.663569 5.793225 0.602181 3.659484 6.643608 0.081212 11.022546 1.694110 8.251542 8.236884 6.974928 0.019849 
11.298599 0.753066 5.110487 0.703928 3.017314 7.086919 0.075335 11.022546 1.757801 8.251542 8.671981 7.118297 0.015169 
11.371444 1.044555 5.504898 0.703928 2.854846 6.009156 0.409619 11.022546 0.941928 8.187965 6.560612 7.459917 0.178276 5.525952 6.714989 5.948258 6.456056 
11.371444 4.621944 5.314951 0.230909 5.279824 5.854306 0.145502 11.022546 6.885657 8.025888 2.307450 7.442536 0.205240 1.401252 3.467136 6.171411 0.104890 5.174654 
11.371444 2.971822 5.354069 0.251056 4.987256 5.334250 0.137737 11.022546 2.697000 7.882075 4.713671 2.954156 2.002944 0.327389 3.541020 5.697933 0.107917 7.662309 5.067340 4.134264 
11.438907 2.420232 5.921021 0.569522 7.638275 6.822025 0.045472 11.022546 3.942428 7.882075 5.832267 2.352783 3.835404 0.287560 3.860108 4.098584 0.107917 6.618283 4.842121 0.723045 3.244558 4.891678 10.350659 
11.438907 6.746669 4.851198 0.873763 5.774814 6.855031 0.535657 11.022546 3.072004 7.882075 3.250968 2.833342 7.176429 2.137233 2.860451 10.788304 0.164378 0.288721 1.793355 6.733167 5.706552 2.624886 
11.438907 7.327770 5.871056 1.074207 2.023278 2.214043 1.294035 11.022546 1.551963 8.200807 5.179776 3.784858 3.748079 4.854456 2.191591 10.475208 0.295727 0.335352 5.363816 6.598222 
11.437633 5.960686 7.425259 0.451629 1.735485 1.915906 1.334082 11.022546 1.613517 9.042328 2.142273 2.441522 7.736858 0.763547 1.487026 6.413149 0.470505 1.034628 4.883210 
11.437633 4.695279 5.763266 0.067777 3.541455 2.594298 1.503824 11.022546 1.791646 8.507479 5.481914 7.911235 0.470505 0.720051 3.759568 3.672365 
11.437633 1.066940 6.934393 0.016073 6.221459 2.440662 1.470043 11.005672 1.791646 8.507479 4.985810 7.862628 0.025472 5.046446 
11.437633 0.999216 5.291190 0.942258 6.127695 2.536666 1.374051 11.005672 1.660776 8.507479 4.969379 8.480636 0.110710 5.502688 3.530049 4.968648 
11.437633 3.018276 4.962301 0.695347 2.799708 5.493180 1.447085 11.005672 1.600654 8.802341 4.844382 8.030683 0.155470 4.374310 5.933045 5.105780 
11.480216 3.498216 4.994895 0.342986 2.601643 2.721000 1.189361 10.857097 1.466695 8.819728 5.965144 8.637712 0.155470 3.332373 6.542992 6.103923 
11.480216 4.555890 4.496034 0.554241 1.650123 6.443640 1.251929 10.857097 1.582306 8.819728 4.823766 7.785774 0.155470 1.857409 5.963265 7.023208 
11.480216 1.618631 4.626012 0.554241 1.542703 6.388732 0.870671 10.836491 1.682614 8.998875 7.005224 8.448659 0.288891 
