    16.626895 187314.991150
    16.283514 187309.368087
    18.737456 187313.056682
    22.551436 187311.654923
    18.619279 187309.778304
    16.248469 187311.443786
    17.150782 187304.254781
    17.092626 187300.725900
    18.982540 187308.129436
    16.257290 187301.894805
    14.342266 187309.834042
    19.706219 187312.622597
    12.504246 187315.317968
    21.521263 187309.466771
    19.927502 187319.203888
    20.437648 187322.920356
    23.824907 187329.895107
    20.183669 187320.704777
    18.657176 187316.063025
    18.177319 187324.438335
    20.321661 187319.532496
    12.467031 187324.367514
    14.274538 187323.044209
    21.347554 187329.066401
    22.224467 187315.282752
    24.393776 187317.426532
    24.138379 187326.126126
    22.480581 187321.303896
    19.928075 187326.002856
    22.435846 187326.432217
    19.674124 187311.282035
    22.117289 187309.664969
    25.230648 187318.265945
    24.824965 187312.549695
    24.997539 187318.998830
    28.738515 187308.279282
    25.212121 187314.408978
    23.073002 187318.411578
    26.589599 187320.205218
    28.477044 187315.383561
    28.716477 187317.794111
    25.373218 187311.591990
    25.148587 187308.586708
    24.834639 187316.368277
    26.606196 187309.234866
    26.329022 187316.008801
    20.918009 187307.187344
    23.290715 187318.574159
    27.811415 187320.128183
    25.724155 187327.094159
    27.055747 187334.097038
    28.162660 187317.741597
    25.693600 187326.329259
    26.536689 187323.195544
    24.060676 187328.051180
    23.418110 187328.653316
    27.126976 187322.517507
    28.512669 187316.335203
    25.283548 187319.905187
    24.127788 187313.486024
    21.991374 187313.441352
    22.026048 187322.778221
    24.168136 187331.435553
    26.081473 187323.148591
    23.322995 187329.785318
    25.422324 187332.641325
    21.545969 187319.743199
    25.237391 187324.249643
    28.456040 187318.472086
    30.086804 187318.979940
    31.198823 187326.098599
    21.338945 187331.451037
    21.144720 187321.743631
    24.611403 187311.498747
    22.123072 187319.036264
    28.620497 187318.307023
    22.347083 187319.332029
    24.423627 187320.529501
    12.503273 187327.577276
    17.056487 187330.015557
    23.576288 187313.785454
    24.750935 187321.649545
    24.262580 187319.206546
    25.686788 187318.712655
    19.043845 187317.885077
    26.367128 187319.787275
    26.939111 187317.792935
    24.601818 187307.484615
    30.402387 187336.065255
    33.808791 187324.207329
    31.819703 187322.625799
    30.521682 187324.121990
    30.314913 187334.054313
    27.679544 187331.141531
    26.834587 187324.044345
    28.427358 187330.572811
    26.285851 187328.541887
    27.095819 187329.389573
    21.812969 187338.007198
    25.370982 187330.713564
