0.975332 1.003960 0.876304 0.950250 1.040494 0.993724 0.977791 0.800084 
0.990901 1.022921 0.831092 0.974438 1.048133 1.009924 0.996442 
0.987043 1.013132 0.884646 0.972929 1.056932 1.013987 0.988366 
1.008168 1.026029 0.841781 0.953112 1.033138 1.007949 0.997700 0.981248 
0.967526 1.009433 0.854406 0.960166 1.030083 0.992089 1.015112 
0.935807 0.994984 0.852486 0.962863 1.028764 0.995650 0.952474 
0.937169 0.990396 0.838025 0.973045 1.028038 0.988324 
0.930812 0.992736 0.898713 0.997985 1.032918 0.989671 
0.951734 1.010141 0.871146 0.983799 1.041320 1.015610 
0.981376 1.022844 0.837236 0.989978 1.051824 1.017828 
0.973721 1.030737 0.927302 1.004912 1.051035 1.026586 0.823298 1.013139 
0.957365 1.009095 0.891958 0.965998 1.039961 1.003264 0.830242 
0.946624 1.005630 0.895897 0.969264 1.025101 0.987468 0.801158 1.014035 
0.952225 1.007534 0.895858 0.950284 1.026122 0.997462 0.810706 0.992632 
0.960622 1.004406 0.856991 0.952165 1.039361 1.008426 1.044804 0.986611 0.809246 0.989427 0.966744 
0.959536 1.026634 0.920816 0.825821 1.052116 1.020733 1.076016 0.997492 1.013436 1.010756 0.998318 
0.926327 1.015551 0.982723 0.915777 1.055299 1.016760 1.057783 0.970689 1.007803 0.987776 0.919244 0.800765 0.900401 0.912118 
0.923876 1.013866 0.818300 0.900936 1.046832 1.011382 1.070300 0.973889 0.983801 0.990572 
0.913736 1.000370 0.796049 0.890530 1.036210 0.995971 1.094030 0.978524 0.962410 0.912281 0.962058 
0.905225 0.985581 0.800288 0.962410 1.021407 0.978758 0.856024 0.938552 0.966264 
0.904266 0.975483 0.795114 0.950402 1.011504 0.968792 0.867476 0.951244 0.961524 
0.896832 0.975538 0.807779 0.951045 1.008737 0.973866 0.864758 0.948020 0.967137 
0.889643 0.971654 0.878370 0.946764 1.007720 0.968558 0.836814 0.934207 0.940436 
0.891853 0.981459 0.961357 0.951013 1.009762 0.978949 0.857290 0.938081 0.819218 
0.911233 0.988099 0.957884 0.959559 1.018117 0.985256 0.866001 0.963329 0.803964 
0.924293 0.998717 0.991001 0.986212 1.043533 1.009028 0.861245 0.976599 0.834081 
0.906519 1.009880 0.988374 0.983193 1.041495 1.005645 0.872518 0.976949 0.819513 
0.934459 1.019738 0.966137 0.975775 1.049310 1.008395 0.900633 0.988980 0.863821 0.805029 
0.912161 1.013603 0.975625 0.983653 1.048586 1.001988 0.884291 0.965454 0.812538 1.015767 0.808881 
0.920255 1.014434 0.991041 0.870610 1.062859 1.012773 1.026705 0.979572 0.889256 0.821591 
0.926887 0.999959 0.992367 0.835176 1.060155 1.012159 1.019575 0.961271 0.911942 0.819731 
0.946083 1.009636 0.976643 0.815128 1.061604 1.018855 1.030818 0.978305 0.902885 
0.967010 1.019739 1.002833 0.906332 1.058750 1.010294 1.022369 0.997432 0.932254 0.826407 
0.965405 1.009403 1.007660 0.946077 1.062360 1.016110 1.041540 0.988426 0.921621 0.860978 
0.959327 1.022156 1.008195 0.930939 1.067464 1.026186 1.025680 0.999883 0.886397 0.832452 0.901392 
0.956541 1.036051 1.014606 0.863558 1.066311 1.028284 1.036346 1.003237 0.908001 1.205571 0.982247 
0.970013 1.048048 0.824012 0.830445 1.091133 1.049409 1.065351 1.024775 0.925429 0.948000 1.003871 
0.976660 1.045934 0.837763 1.023265 1.095546 1.045212 1.048130 1.024051 0.864229 0.934675 0.989564 
0.971196 1.035316 0.826363 1.011025 1.085781 1.039189 1.042550 1.007510 0.950906 0.937550 0.966846 
0.968291 1.043880 0.878315 0.995970 1.086106 1.045597 1.035202 0.998844 1.073656 0.963776 0.998268 0.805134 
0.977204 1.054275 0.967525 1.041426 1.091640 1.050778 1.060117 1.026158 0.806376 0.964318 1.015324 1.187704 
0.993791 1.063020 0.960906 1.028406 1.098871 1.060659 1.054044 1.017423 0.878048 
0.990048 1.067781 0.979206 1.039528 1.095012 1.058419 1.059305 1.019491 0.883963 0.962700 
0.985173 1.042143 0.856873 1.039600 1.097383 1.045936 1.059882 1.006562 0.938837 0.939379 0.801028 0.934636 1.014640 
0.997211 1.055551 0.806615 1.020098 1.094813 1.047762 1.054191 1.005755 0.942863 0.944616 
0.993233 1.065179 0.799606 0.999858 1.108682 1.057255 1.063778 1.027404 0.905740 0.989338 0.945731 
0.970507 1.058182 0.980239 1.025583 1.094383 1.068927 1.067942 1.028109 0.820717 0.983801 
0.989178 1.088607 1.016161 0.957524 1.118497 1.091508 1.102092 1.052838 1.058742 0.808429 0.966246 0.899853 
1.018819 1.100401 1.051493 0.911414 1.125183 1.079717 1.108820 1.057648 1.050020 0.831676 0.959108 
1.021728 1.111134 1.077698 0.967883 1.149577 1.070603 1.123519 1.062925 1.055047 0.847073 1.017175 1.120268 
1.020982 1.112000 1.074715 0.970049 1.142571 1.066631 1.131757 1.073286 1.075216 0.842864 1.007730 1.115465 1.084599 
1.012994 1.110516 1.025518 1.128917 1.157452 1.084271 1.137726 1.083689 1.005474 0.794763 1.006682 1.110576 0.977791 0.990128 1.110062 
1.030382 1.123803 1.008008 1.135291 1.189088 1.103546 1.142143 1.070162 1.140836 0.871180 1.081193 1.101909 0.978662 
1.022162 1.127770 1.003167 1.159744 1.173499 1.098622 1.152370 1.088305 1.172558 0.839933 1.110270 1.123210 1.009192 1.020167 
1.022330 1.119631 1.036418 1.189415 1.119517 1.109996 1.129742 1.101619 1.157941 0.848951 1.101444 1.070566 0.990407 
1.021529 1.129061 1.039612 1.172853 1.131912 1.093436 1.154416 1.099068 1.155944 0.876319 1.101165 1.100400 1.053082 
1.010688 1.126334 1.060535 1.170193 1.123953 0.998275 1.139808 1.082787 1.129389 0.917721 1.077515 1.101828 
1.038592 1.130415 1.103179 1.179855 1.121449 1.045115 1.134168 1.087367 1.145879 0.843850 1.082149 1.096502 1.123432 
1.045817 1.128842 1.005801 1.181728 1.118738 0.938868 1.155086 1.095521 1.161124 0.837625 1.095334 1.024449 
1.011356 1.135351 1.001026 1.179660 0.902473 1.108977 1.139035 1.097850 1.161124 
1.034426 1.145278 1.034744 1.191438 1.172696 1.117128 1.114568 1.111593 1.175712 1.132610 0.906478 1.116469 0.929047 
1.021181 1.144083 0.993562 1.186912 1.169162 1.115356 0.960351 1.113723 1.178556 1.030703 0.853330 1.147180 1.037752 
1.024373 1.131206 1.145697 1.208106 1.082377 1.120264 1.020729 1.096334 1.172014 0.873282 0.990746 1.121092 1.112781 0.993503 
1.043054 1.170077 1.169285 1.214622 0.866401 1.116123 1.133355 1.109963 1.189449 1.016748 1.163855 1.125274 1.036565 
1.033965 1.170029 1.218964 1.124390 0.907603 1.133949 1.138497 1.111753 1.191952 1.027227 1.226612 1.139369 1.163207 1.045947 
1.032525 1.164006 1.101693 1.197770 0.847648 1.134845 1.133613 1.124202 1.181046 1.022069 1.223926 1.114472 1.171353 1.114393 
1.059623 1.162890 1.126045 1.163828 0.917675 1.135967 1.129717 1.120665 1.192370 1.038486 1.224844 1.196249 1.188600 0.808851 
1.052434 1.180584 1.037928 1.188541 0.874442 1.141125 1.150971 1.131899 1.199493 1.095180 1.243046 1.152417 0.984672 1.203188 1.242798 
1.056099 1.177378 0.952999 1.165769 0.985704 1.119113 1.142903 1.129870 1.159384 1.183131 1.209607 1.153545 0.924744 1.221557 1.085792 1.067100 1.165794 1.070364 0.887978 0.885259 1.192114 
1.060654 1.176594 1.063628 1.194098 1.161080 1.120954 1.122815 1.148806 1.191813 1.145770 1.228891 1.047984 0.888042 1.216948 0.998020 1.155014 1.213972 0.850018 
1.048963 1.186120 1.237369 1.142139 1.074811 1.191589 1.151108 1.154418 1.202522 1.142095 1.205857 0.914679 1.119893 1.034035 0.998187 1.169094 1.159500 1.232974 1.210406 1.028336 1.105205 
1.047729 1.159218 1.159207 1.180886 1.024420 1.199685 1.135594 1.133935 1.185834 1.124952 1.196363 0.892342 1.136036 1.223430 0.955580 1.014033 
1.049053 1.171015 1.156060 1.170769 1.088944 0.903896 1.121378 1.123581 1.200523 1.137198 1.185363 1.077376 1.129404 1.199833 1.031139 
1.027545 1.166103 1.138359 1.154236 1.125993 0.878847 1.128192 1.124587 1.199513 1.122054 1.114222 1.033850 1.129661 1.213021 1.006926 1.244236 
1.027531 1.142516 1.125281 1.148482 1.206462 0.903832 1.119640 1.115052 1.190708 1.113071 1.104704 1.096222 1.167722 
1.050903 1.157435 1.043278 1.146756 1.193009 0.856018 1.112376 1.099423 1.186542 1.110491 1.159257 1.040085 1.102597 1.072134 1.096195 
1.026682 1.149170 1.014272 1.133176 1.189487 0.879607 1.107619 1.106369 1.180848 1.089421 1.076082 1.234721 0.949507 
1.047743 1.156678 1.073833 1.148729 1.214230 0.865415 1.128948 1.132442 1.195702 
1.054675 1.161995 1.052595 1.156941 1.206569 0.917235 1.121142 1.117469 1.178449 1.114067 
1.045322 1.148028 1.058373 1.115306 1.192464 0.837392 1.114883 1.117929 1.184465 1.124735 
1.018534 1.150768 1.057745 1.148817 1.207069 0.843228 1.133795 1.105549 1.186926 1.146366 1.170848 
1.045144 1.149775 1.035094 1.139007 1.221213 0.859334 1.112179 1.119825 1.177341 1.151721 1.186233 1.006285 
1.046559 1.137900 1.094240 1.138909 1.211876 0.813239 1.115583 1.109760 1.176818 1.157713 1.167121 1.127046 0.956975 
1.038701 1.170380 1.014687 1.113406 1.209913 0.854006 1.112903 1.105452 1.172504 1.160185 1.117319 0.992230 1.093993 
1.041063 1.230664 1.079849 1.129600 1.168964 0.875119 1.124202 1.116671 1.198975 1.169192 1.126879 1.070062 1.167855 
1.056906 1.212394 1.134161 1.156900 1.187508 0.847705 1.166994 1.145250 1.220231 1.187062 1.127951 1.060782 1.183344 
1.056832 1.221264 1.079088 1.146115 1.184787 1.028818 1.153236 1.138159 1.218587 1.170050 1.121963 1.114445 1.196907 1.072366 0.845073 0.802296 1.223049 
1.052023 1.085938 1.085403 1.217607 0.965473 1.090968 1.133777 1.127398 0.893244 1.174373 1.224779 1.148296 1.182333 1.209426 1.188762 1.097685 1.189767 0.834003 
1.062415 1.140606 1.128094 1.189864 0.958633 0.827328 1.150628 1.152764 1.233240 1.190858 1.037097 1.257063 1.225655 1.204152 1.199893 1.061157 1.103568 1.104165 1.001340 1.189589 
1.044232 1.123276 1.063272 1.192355 1.112323 0.900891 1.136617 1.136485 1.209097 1.184545 1.086975 1.244822 0.846469 1.217601 1.153571 0.851311 1.094847 1.047762 1.078922 1.195433 1.246849 0.996155 1.160392 
1.068015 1.078648 1.098788 1.182691 1.023225 0.911334 1.156706 1.145229 1.181527 1.208618 1.187243 1.250254 1.150500 1.238715 1.134435 1.150951 1.111717 1.184304 1.224540 0.996927 1.149844 1.239916 
1.046658 1.107165 1.014506 1.222061 1.213396 1.229853 1.130903 1.138852 1.179032 1.183188 1.104502 1.167022 1.152755 1.219768 1.141930 1.133262 1.058304 1.197115 1.139282 0.883797 
1.032096 1.084590 0.874953 1.177117 1.217405 1.217653 1.126900 1.120402 1.168872 1.154978 1.105785 1.172055 1.111538 1.175906 1.118682 1.126256 1.061885 1.165753 1.147839 
1.036414 1.061172 0.851134 1.161464 1.181401 1.217245 1.127790 1.112461 1.182441 1.156160 1.082710 1.056080 1.081352 1.126704 1.115377 1.147536 
1.075644 1.168497 0.875939 1.184573 1.050563 1.233852 1.148700 1.136023 1.216959 1.186096 1.115120 1.138064 1.111364 1.150301 
1.064617 1.174225 0.891072 1.209781 1.102721 1.255417 1.142747 1.147315 1.218138 1.187254 1.071981 1.150347 1.118262 1.078864 1.215686 1.151110 
1.086267 1.155777 1.142334 1.217933 1.251832 1.075606 1.171300 1.156127 1.227365 1.188645 1.137250 1.154459 1.074063 1.228123 0.902482 0.917773 
1.074634 1.246094 1.166572 1.227612 1.255871 1.242650 1.157865 1.161748 1.234466 1.202358 1.093884 1.141383 1.119149 1.179275 1.072047 0.902182 
1.052498 1.191000 1.176257 1.187561 1.231392 0.911355 1.142625 1.133987 1.210093 1.186988 1.034854 1.129387 1.096921 1.145897 1.063451 1.122752 
1.072966 1.172613 1.216253 1.201717 1.258180 0.882777 1.175776 1.153448 1.235299 1.201099 1.075948 1.153171 1.124127 
