7.064486 0.046515 11.379357 0.307128 10.184044 9.773288 0.444981 8.690523 8.432710 
6.959574 0.046515 11.225251 0.307128 10.314046 9.773288 0.514467 8.819980 8.494858 
6.956283 0.046515 10.923120 0.307128 10.314046 9.773288 0.577021 8.847835 8.643381 
6.912232 0.046515 11.191819 0.314850 10.217607 9.690549 0.626487 8.976385 8.829620 
7.003206 0.017648 11.208819 0.230490 10.284409 9.611567 0.591200 8.972898 8.715377 
6.991326 0.017648 11.222159 0.230490 10.244560 9.580672 0.552245 8.947605 8.466817 
6.991326 0.017648 11.380315 0.230490 10.264592 9.602006 0.552245 9.043152 8.451745 
6.991326 0.123305 11.374687 0.230490 10.133820 9.563022 0.508517 8.973208 8.425477 
6.909872 0.057453 11.249423 0.230490 10.184832 9.632961 0.628960 9.213697 8.694769 
6.901492 0.012866 11.312093 0.304871 10.184832 9.637596 0.579164 8.872880 8.570117 
6.883647 0.012866 11.188716 0.194682 10.202200 9.595773 0.609772 8.975896 8.439008 
6.902499 0.018610 11.275990 0.194682 10.202200 9.676267 0.710312 8.947705 8.597682 
7.010390 0.125508 11.279506 0.194682 10.202200 9.807009 0.641799 8.754323 8.616383 
7.075787 0.064368 11.291816 0.194682 10.223698 9.807009 0.475095 8.871977 8.350191 
6.956820 0.064368 11.228471 0.214405 10.223698 9.807009 0.425081 8.777950 8.628706 
7.074068 0.064368 11.301724 0.214405 10.154845 9.718432 0.373814 8.900926 8.516663 
7.565666 0.062530 11.477946 0.214405 10.060369 9.691109 0.263443 9.107953 8.524145 
7.591297 0.062530 11.206010 0.214405 10.078725 9.691109 0.584049 8.790493 8.432254 
7.688214 0.214525 11.216733 0.265421 10.078725 9.649401 0.344097 8.674799 8.166743 10.783524 
7.583255 0.214525 11.244289 0.265421 10.292203 9.640908 0.382357 9.038110 8.541523 
7.588540 0.208446 11.101890 0.265421 10.338564 9.705393 0.507178 8.867836 8.223447 
7.632588 0.097791 11.001189 0.265421 10.362242 9.689274 0.510316 8.665082 7.951931 
6.869527 0.097791 11.338880 0.256591 10.249330 9.616971 0.621447 9.169783 9.025419 
6.789743 0.097791 11.024831 0.256591 10.324859 9.748781 0.640059 8.999365 8.779619 
7.200254 0.024754 10.960146 0.431860 10.324859 10.137716 0.643827 8.709634 8.587414 10.442700 
6.883720 0.024754 11.434672 0.279136 10.297701 9.875494 0.643827 9.054624 9.129970 9.462290 
6.715904 0.024754 11.326677 0.116176 10.276680 9.875494 0.666520 9.159842 8.868334 
7.133363 0.024754 11.363502 0.214886 10.276680 9.805502 0.939502 8.790936 8.572888 
7.249581 0.024754 11.208788 0.433239 10.315026 9.725761 0.693223 8.932430 8.814151 
7.192238 0.115912 11.208788 0.247559 10.456842 9.755137 0.621323 9.236633 8.856321 
7.481020 0.053872 11.446420 0.247559 10.438833 9.755137 0.379356 8.710249 
7.125952 0.160831 11.329634 0.206708 10.240384 9.878614 0.533854 9.098249 
7.037420 0.160831 11.399555 0.206708 10.310719 9.766628 0.533508 9.041971 
7.680722 0.160831 11.461157 0.227360 10.207498 10.066087 0.430988 8.577713 
7.518084 0.140348 11.499916 0.227360 10.207498 9.849103 0.602747 8.736586 
6.865400 0.144448 11.202750 0.384594 10.183855 9.924631 1.259542 8.971218 
7.015333 0.124823 10.862852 0.384594 10.183855 10.003598 1.089675 8.855923 
6.975763 0.124823 10.800582 0.384594 10.183855 10.003598 0.544826 9.050726 0.088273 
6.941636 0.140850 10.898222 0.384594 10.201615 10.003598 0.497242 8.660380 
6.980039 0.045137 10.931108 0.464450 10.087313 9.984342 0.485314 9.116403 
7.105396 0.059208 11.171459 0.277109 10.087313 9.984342 0.410581 9.154117 
6.987915 0.059208 10.975336 0.212016 10.087313 9.705897 0.559743 8.789169 
6.919438 0.059208 11.125468 0.199657 10.087313 9.705897 0.445688 
6.877532 0.031993 11.252433 0.164573 10.132798 9.705897 0.784364 
6.894775 0.031993 11.032118 0.206471 10.204755 9.907994 0.497212 
6.782154 0.031993 10.894536 0.227806 10.274745 9.715281 0.705021 
6.640471 0.031993 10.870997 0.227806 10.218942 10.201304 0.709443 10.583908 
6.712801 0.031993 10.588394 0.227806 10.294536 9.914076 0.709443 10.490465 
6.858947 0.129786 10.535535 0.261177 10.454721 9.680851 0.526169 11.376420 
6.872913 0.165340 10.535535 0.238652 10.454721 9.605220 0.510459 11.466792 
6.827001 0.018734 10.535535 0.238652 10.414032 9.596803 0.722177 11.085642 
6.864878 0.018734 10.535535 0.238652 10.406543 9.935588 0.722177 11.074582 
6.952648 0.018734 10.535535 0.348763 10.450293 9.684673 0.640743 11.239258 
6.773117 0.028354 10.535535 0.430456 10.450293 9.705794 0.824195 10.989454 9.902936 
6.718659 0.074277 10.535535 0.430456 10.450293 10.081563 0.686196 11.477082 10.913101 
6.475230 0.075237 10.535535 0.418046 10.450293 10.249598 0.901859 11.401470 11.004746 
6.872962 0.045485 10.535535 0.418046 10.431088 9.402277 0.660881 11.401470 
6.902379 0.121396 10.535535 0.385425 10.431088 9.322904 1.072774 11.386064 
6.363008 0.032025 10.535535 0.333488 10.431088 9.459686 0.935145 11.284172 
6.417453 0.125900 10.499497 0.333488 10.366656 9.715842 1.182747 11.171172 
6.521066 0.121753 10.643184 0.467555 10.366656 9.746704 1.030522 11.458895 7.306403 9.459251 
6.541956 0.165268 10.510301 0.389461 10.348967 9.441423 0.806914 11.044908 7.312761 
6.282099 0.239725 10.654697 0.322983 10.409474 9.697793 1.182904 11.224886 7.042746 
6.158156 0.655766 10.739259 0.250288 10.409474 9.766558 1.578771 11.373913 
6.158156 0.278704 10.739259 0.672476 10.285111 9.437169 1.215940 10.902306 
5.991408 0.414753 10.739259 0.672476 10.285111 9.630170 1.231550 11.241317 
6.036564 0.500195 10.739259 0.552301 10.172953 9.802068 1.241794 11.495803 
6.049587 0.230758 10.739259 0.452445 11.289149 10.178963 1.303013 11.472900 10.461315 
6.342332 0.105063 10.739259 0.496357 9.981148 9.710812 1.079886 11.312387 
6.200764 0.747464 10.739259 0.111746 10.258027 9.912538 1.294032 11.264457 
5.977239 0.567037 10.836180 0.304002 10.398923 9.666986 1.403609 11.460965 
6.021915 0.727239 10.836180 0.253906 10.721953 9.680460 1.297785 11.495063 
5.976831 1.021212 10.836277 0.961504 10.721953 9.818848 1.329834 11.484135 
6.700733 0.582719 10.836277 0.170586 10.631414 9.606287 0.728901 11.464741 
6.655023 11.445550 10.836277 0.260708 10.648408 9.703793 0.750858 
6.706309 11.445550 10.836277 0.066742 10.648408 9.644486 0.765572 
6.627996 11.246833 10.836277 0.234108 10.610024 9.751190 0.797195 11.075116 
6.507795 11.354689 10.823389 0.065072 10.601230 9.758886 0.781050 
6.578810 11.480431 10.843962 0.169061 10.800687 9.405630 0.774793 
6.578810 11.480431 10.843962 0.210207 10.685637 9.718016 0.793476 
6.697166 11.480431 10.843962 0.323896 10.555269 9.718016 0.727769 
6.704335 0.817332 10.877395 0.091556 11.376181 9.358038 
6.655047 0.846778 10.823996 0.062877 11.376181 9.616922 
6.353381 0.973813 10.809757 0.058559 11.379968 9.753353 
6.459582 0.953159 10.809757 0.141797 11.151747 9.559528 
6.459582 1.131587 10.809757 0.843654 11.096121 9.383322 
6.594009 0.828873 10.809757 0.239041 11.096121 9.922621 
6.548472 0.884637 10.809757 0.284536 11.116549 9.471717 
6.548943 0.704953 10.809757 0.355605 11.460010 9.376317 10.897955 
6.533723 0.855339 10.825358 0.278817 11.460010 9.197879 11.309578 
6.538925 0.931504 10.783434 0.121111 11.470392 9.214664 
6.596883 0.921824 10.779067 0.082051 11.470392 9.283545 11.249629 
6.538924 0.729491 10.779067 0.253849 11.477872 9.269158 
6.736283 0.673408 10.774289 0.417417 11.246187 9.551181 
6.692624 0.709212 10.848635 0.261436 11.370778 9.459713 
6.736316 0.669877 10.862894 0.290993 11.189286 9.287780 
6.767752 0.731775 10.862894 0.369478 11.365274 9.556441 11.264074 
6.490903 0.939551 10.862894 0.249299 11.365274 9.720838 10.575668 
6.534928 0.871356 10.907978 0.126801 11.288498 10.170392 10.069791 9.634520 10.825483 
6.528417 0.960541 10.907978 0.222431 11.134328 9.668114 10.885788 
