0.000000 0.265651
0.000000 0.288081
0.000000 0.223298
0.000000 0.065007
0.000000 0.150836
0.000000 0.339807
0.000000 0.173534
0.000000 0.230957
0.000000 0.161245
0.000000 0.070211
0.000000 0.642943
0.000000 0.196721
0.000000 0.333384
0.000000 0.127732
0.000000 0.085339
0.000000 0.080003
0.000000 0.093294
0.000000 0.081735
0.000000 0.081843
0.000000 0.149811
0.000000 0.183111
0.000000 0.495210
0.000000 0.560942
0.000000 0.128430
0.000000 0.070358
0.000000 0.041682
0.000000 0.044716
0.000000 0.115821
0.000000 0.219646
0.000000 0.146937
0.000000 0.206999
0.000000 0.222856
0.000000 0.099942
0.000000 0.126137
0.000000 0.081066
0.000000 0.052980
0.000000 0.089866
0.000000 0.097587
0.000000 0.066784
0.000000 0.072184
0.000000 0.042514
0.000000 0.108906
0.000000 0.131852
0.000000 0.096722
0.000000 0.065551
0.000000 0.069298
0.000000 0.092011
0.000000 0.049407
0.000000 0.047594
0.000000 0.104377
0.000000 0.066715
0.000000 0.039971
0.000000 0.101251
0.000000 0.060155
0.000000 0.073182
0.000000 0.110588
0.000000 0.062930
0.000000 0.048807
0.000000 0.087483
0.000000 0.082423
0.000000 0.099423
0.000000 0.081241
0.000000 0.052762
0.000000 0.052996
0.000000 0.132047
0.000000 0.053501
0.000000 0.061856
0.000000 0.047450
0.000000 0.067614
0.000000 0.044332
0.000000 0.045582
0.000000 0.113524
0.000000 0.097200
0.000000 0.084606
0.000000 0.103800
0.000000 0.035652
0.000000 0.138566
0.000000 0.084584
0.000000 0.464354
0.000000 0.274284
0.000000 0.077576
0.000000 0.089084
0.000000 0.070801
0.000000 0.072332
0.000000 0.277744
0.000000 0.094350
0.000000 0.070516
0.000000 0.061534
0.000000 0.045577
0.000000 0.034537
0.000000 0.036512
0.000000 0.044033
0.000000 0.041359
0.000000 0.048903
0.000000 0.064115
0.000000 0.034713
0.000000 0.071583
0.000000 0.071264
0.000000 0.151929
0.000000 0.043001
