2.137516 1.786044 6.624215 1.895909 4.703335 0.237205 5.718247 3.130378 5.880650 0.237884 4.134725 4.104680 0.280651 5.844308 0.302727 0.164803 5.374036 6.213537 0.218983 3.681591 3.260944 7.434740 2.234075 2.790066 3.095910 0.888339 6.232423 2.979265 
5.548469 7.345969 5.070444 4.742544 5.964729 1.735458 5.322397 6.678544 2.502433 2.692368 6.899912 2.901163 3.884664 3.907244 7.117149 5.828792 2.895212 3.372904 5.054120 0.653485 0.370953 0.221959 6.071690 4.841302 6.248603 2.872295 
2.280326 4.943349 1.224012 6.040625 3.584812 0.979618 3.943242 6.290787 1.305762 4.321351 5.618339 0.870587 4.567608 1.752062 0.009276 1.289105 6.462374 3.714892 7.114530 7.078766 4.004548 6.494730 6.013240 4.666857 7.470069 1.760458 0.857014 0.209461 4.356986 6.320198 
4.071895 0.447151 0.485833 4.387682 5.953351 1.747012 1.584118 0.242844 5.432156 1.103139 5.632824 7.439773 5.213636 3.134230 7.258063 4.918564 2.140488 5.351243 4.710797 3.578593 4.588896 5.339528 
3.982206 1.387706 4.205562 2.031589 3.956921 1.014311 5.794786 4.801568 6.988219 2.568794 1.111618 2.126544 3.729942 5.328147 1.817317 6.474279 7.165093 
1.198582 2.576832 1.859036 4.897401 1.373241 6.292284 0.627531 1.867307 5.240323 6.076812 3.089522 1.526116 5.372970 
1.501023 7.483006 1.565503 6.283054 6.987366 6.306863 2.068875 1.031582 7.346687 6.162032 1.638086 5.050187 
3.901276 2.399187 4.262711 3.110617 0.765673 0.089105 4.582043 5.453473 7.278519 6.362479 7.187863 1.560021 4.868399 2.261007 0.420861 1.393968 7.261288 3.288737 6.618251 
0.994169 7.108660 2.338576 5.059387 0.771240 2.383222 1.985954 7.235047 0.961696 5.163334 7.066802 
4.968862 0.126643 6.325500 3.044006 2.569811 4.146228 1.848725 
2.117885 2.236044 5.455690 4.024618 2.712457 7.488684 1.363353 0.308709 5.341107 1.344938 2.836077 0.737704 3.525249 4.070533 
2.691960 6.963474 4.405696 7.426336 0.929980 2.790710 2.880234 
2.548459 5.874397 4.475269 1.613866 2.528984 5.507197 2.611028 4.886574 5.481990 1.558099 3.151346 2.563192 
5.530638 0.799385 6.654806 3.516165 4.015073 3.767021 4.988602 4.195031 2.876584 2.690967 0.461122 1.001760 1.180655 6.870398 5.079318 3.682555 3.870588 
1.873474 2.879018 5.087687 6.491727 3.232346 1.759407 2.633495 6.810398 4.469815 0.686997 1.148745 5.397436 1.823594 2.336193 7.171989 5.618833 0.864350 1.777534 
7.223501 4.675175 0.682987 4.072293 4.414525 5.638984 2.094887 3.165183 5.706818 5.307160 1.693259 4.243208 0.162899 5.249961 5.395877 0.187425 1.757067 3.966584 5.842079 0.954506 
7.354815 2.630701 0.963282 1.282270 5.845128 5.417726 0.945127 7.201904 2.784721 6.925283 2.273846 3.305988 1.067209 5.694589 5.619444 3.432769 
2.659456 0.968350 1.874949 2.587741 2.943045 3.037094 3.425153 3.443403 1.528408 4.891969 0.702104 7.075989 3.831647 7.074791 4.482139 2.776712 3.017546 5.535229 3.055479 2.566615 1.550685 2.080023 3.482109 5.026739 2.040255 4.801534 2.269603 
3.803060 5.458811 1.014447 7.424017 6.780389 1.923645 2.615536 5.677231 0.632625 4.696234 3.596849 6.115018 0.880380 5.555841 0.042659 2.132034 5.192834 4.979134 0.682150 3.232015 2.342535 3.310036 4.543605 2.979963 5.187224 4.721315 
0.833417 6.874587 1.650666 6.968543 0.251760 3.070917 1.037895 2.085626 0.818136 0.352280 7.394357 5.390796 0.099115 6.160693 4.710101 3.033272 5.007985 6.062497 7.058293 6.121176 6.834009 3.475561 4.785659 6.350025 7.437208 1.658084 3.233865 2.370128 2.197633 2.242417 
3.854507 1.034639 1.033114 0.237875 4.181952 3.654208 3.655466 0.564825 3.263341 1.262913 4.411352 6.892011 2.409477 4.324206 0.092503 1.200786 6.978799 0.622955 6.080019 6.165663 5.786446 0.105195 1.971343 4.347952 7.423574 1.457726 2.532022 0.812250 
3.577209 0.036432 0.439357 3.422532 6.576329 2.810598 1.505912 3.452364 1.596570 4.487656 2.844611 7.002350 5.174078 0.350202 5.818576 0.267458 4.798219 5.946826 0.720142 4.077783 2.936676 4.091722 2.493986 0.570842 2.204715 4.747788 0.978939 
6.298556 3.533919 0.122062 3.924766 2.851170 6.777649 2.368241 1.909312 0.502433 5.857432 7.122931 3.127688 4.793628 4.123708 3.366179 1.609616 3.887436 7.055116 0.025129 0.027474 0.777913 3.896203 0.188926 0.649792 1.687556 4.350757 3.327883 0.014985 0.348228 6.921975 3.529569 5.503677 
5.289098 2.086832 0.276792 4.043090 3.284462 2.713556 6.461124 0.367626 5.012627 4.959559 5.384316 1.677200 7.430718 2.521751 7.079573 3.520776 3.549419 4.756216 
3.257857 1.943028 7.418456 2.060112 5.712510 6.937835 4.497040 1.955689 6.028988 7.406356 3.100373 1.150966 0.104715 1.560719 5.709061 3.372790 4.520924 5.332419 1.760710 2.597415 
2.783203 0.322607 7.449267 5.456618 2.426827 5.371296 3.403493 7.272456 0.766343 1.259410 2.556747 1.329350 2.003102 4.971039 1.969491 3.796839 6.304135 4.408127 
6.342230 5.279532 3.654928 3.237964 6.539733 5.329676 0.827424 5.479284 5.318733 5.114456 2.151477 4.341796 2.069662 6.438850 
0.577141 5.355353 1.676371 1.864871 0.789707 0.491149 0.036202 2.798962 6.527733 1.380764 4.801907 2.928914 2.355856 7.435427 2.302508 5.128311 
7.496835 4.576670 3.772406 1.758565 4.635985 7.282292 5.373977 0.800351 1.850501 3.944168 5.249398 3.917030 1.606212 3.226369 6.133386 6.752630 1.592179 
4.948587 6.441427 5.494034 3.437750 2.740496 4.762186 2.183617 1.891225 0.476505 3.301773 1.062530 4.524076 2.011527 4.719570 7.421485 0.963021 
2.392757 4.657880 2.399154 2.379181 1.981655 2.008079 3.783679 1.900078 1.016828 0.964843 5.243151 1.788485 2.970416 0.877188 1.928544 1.692006 5.878677 2.361595 2.971603 6.815611 0.619133 2.539357 3.615308 4.094103 
1.739314 5.174413 3.225206 3.732830 0.632175 6.362625 3.343389 4.344003 7.480901 5.119399 6.762094 4.743697 0.901042 7.348492 4.762867 5.611718 2.029705 1.963275 0.476997 
0.034350 1.381730 5.546408 1.717182 0.700304 4.424732 6.034129 1.591382 3.279117 7.071731 0.481181 0.416539 0.125654 6.199631 
3.142590 2.328440 0.740264 0.918459 6.236145 6.819472 2.340085 1.091961 
3.693730 1.041030 5.442230 5.556424 2.523110 6.972142 0.619482 2.387475 1.032443 6.514442 4.347451 
2.745947 4.896104 4.300989 7.316785 3.513234 0.806759 3.821030 4.889531 
5.490711 4.418090 4.704625 6.447426 1.748401 3.354290 
7.428387 7.254223 0.203610 4.983913 3.036143 1.957902 4.721631 1.348354 1.186970 7.402961 3.881550 6.983193 1.130378 0.696145 
6.349946 4.560753 2.128285 3.928500 1.243463 6.789789 3.054801 3.407915 6.118751 
3.079243 6.920852 4.385960 6.532286 1.636555 5.886975 5.442849 1.678759 0.472156 2.447705 0.044374 
5.900599 2.049220 2.657247 2.903049 1.659310 1.422215 5.196450 0.510833 3.647216 0.833163 0.051294 3.398633 6.543573 3.655371 
3.546394 6.836571 3.840125 6.936894 5.340715 0.323467 6.584376 6.720592 6.572615 6.732134 5.540201 3.556636 2.303320 1.593878 6.730159 0.021113 4.775645 2.904081 
4.523845 4.357469 3.273819 6.526713 1.124024 4.091691 3.518595 1.571397 4.607364 3.945504 4.005445 2.664369 6.631453 0.277878 7.075103 5.913175 4.331498 
4.365811 6.386077 3.151520 4.896008 3.174212 1.096898 6.503366 1.653439 1.523328 6.193189 2.831667 2.637629 5.510561 2.767297 4.342502 6.839776 2.533562 3.980073 3.498535 5.189469 2.883033 
0.977918 2.583402 6.132861 6.527826 0.057575 5.828329 2.983710 3.901714 2.099874 4.702694 2.182599 1.458313 6.791734 3.975231 3.961039 6.573226 1.012574 6.774090 5.298486 3.807343 0.759993 
3.728313 3.352942 5.546375 2.972600 5.820142 2.763976 4.444303 2.021368 3.239223 0.137960 6.893297 1.220580 3.320633 0.587520 1.379320 1.647315 0.732686 2.944854 0.782137 4.695281 0.167283 2.672237 0.341644 3.374938 0.130551 
0.701313 5.721023 5.250140 6.532582 0.673285 0.810742 2.169119 3.083339 0.106982 2.058678 4.545239 3.816088 3.910506 1.740986 4.243318 2.568129 2.783488 1.953534 6.978965 0.936752 3.062381 1.038089 4.562156 
6.937803 3.688161 2.023257 4.118564 0.850562 6.701561 1.181372 4.336274 2.185218 2.812719 5.135978 1.908030 0.882048 7.389304 5.513961 4.952016 2.476966 6.722253 0.431865 5.438336 2.194487 
3.154480 1.639080 7.051122 2.251204 3.265610 2.243279 2.176685 0.852306 6.966848 6.029706 0.235743 3.089361 0.168081 3.537597 6.769171 
6.175873 4.795647 2.884460 3.479426 6.556121 4.092587 1.949904 3.078102 1.496437 7.119460 2.248788 3.033792 1.693779 4.040966 4.849789 6.410315 0.479494 2.110925 0.189181 
1.747252 6.833511 5.011302 3.775586 3.728890 0.791535 3.689134 6.326963 3.256801 3.646398 1.564654 
1.101371 2.555810 0.012181 1.201196 5.461804 5.528743 2.191008 
0.389668 2.562545 6.388360 4.651185 6.624774 6.346078 0.241615 3.580816 2.599186 1.575700 7.427878 7.061326 
6.765450 6.896880 2.903388 6.058924 6.961005 3.561968 4.533313 2.750168 1.311520 6.533460 0.886530 5.194043 2.770731 4.744416 
0.303185 6.168729 3.036177 0.675245 5.731157 3.401578 3.270128 1.483540 3.239179 2.642232 0.368442 7.391679 6.749993 5.255422 3.468874 2.867787 
6.642377 1.015385 2.154172 4.526842 4.076645 5.249053 2.951950 0.365447 3.305744 2.115521 1.208660 7.450800 0.338202 0.616920 0.681132 5.676784 
5.120059 0.283813 2.469508 4.470522 2.852564 3.092955 0.961978 0.121827 1.446660 0.249144 0.898113 3.330259 3.351334 
4.276526 1.271693 1.869104 4.192433 2.792347 3.623382 7.235766 0.725114 1.572435 2.162688 6.468087 0.159618 4.665670 
4.770339 2.393718 2.372491 1.089867 2.262548 0.999314 4.673215 1.420962 6.607236 0.501227 6.740297 5.998020 6.495946 6.794198 7.384479 0.261397 
6.789546 1.984849 1.522568 0.495608 3.623375 4.581573 5.997995 7.026410 0.120634 4.659379 3.574527 
6.941999 3.288550 3.834798 4.830169 1.756766 0.077448 4.126934 7.210428 7.119866 4.248198 0.822001 3.093066 3.364629 5.546824 5.087606 
6.489697 3.537711 2.951140 5.918849 1.190793 2.989430 2.042237 3.418093 2.374896 1.440043 0.761110 1.712003 6.051131 1.353370 2.542188 5.559941 3.558500 
0.256695 4.360077 6.699297 2.550816 2.318735 4.678697 0.026473 4.010247 2.499755 1.449094 5.907110 2.396176 1.940252 2.498799 1.765045 
2.843876 2.634355 5.011906 4.996240 0.908919 0.285397 3.421253 6.027435 3.729830 5.903883 3.156827 2.572434 2.908931 6.167991 0.351631 2.370812 6.795408 4.915627 6.961166 2.663972 
2.543432 0.745799 1.641990 4.838964 1.792542 0.573036 3.011513 2.888995 4.794070 0.953934 2.008667 0.730088 5.141506 5.329072 4.672140 5.909121 2.124221 5.140813 6.080289 3.442601 5.343160 5.582663 4.004946 
4.454600 1.805817 2.554244 6.384776 7.496899 6.016470 4.669966 4.659852 5.030783 4.211809 3.249527 4.329669 4.142160 7.330154 7.255041 4.667268 0.322621 5.172502 7.323508 1.500529 1.424826 6.709465 3.232817 4.536822 6.640338 3.670216 2.899820 3.265654 4.545271 4.541845 0.147656 6.016585 1.007769 
4.326910 2.753346 5.192535 4.290267 2.427858 3.033117 7.285850 4.368415 6.951642 6.721241 1.417290 5.683385 7.085075 4.394901 4.530578 2.890238 1.852112 4.033391 2.332444 5.335719 7.065835 6.973890 2.653551 2.003818 0.112010 7.121566 7.422580 6.245761 1.012135 4.413171 6.279043 5.440388 
2.115951 6.696704 3.852230 5.359513 6.547958 3.173711 3.979291 0.229237 6.402024 4.194364 6.778566 2.378608 0.242773 7.308203 4.124607 2.693880 3.195020 0.222421 1.163171 0.219875 0.490231 1.650607 7.339170 7.311974 0.840784 1.867072 7.339074 0.073256 5.566706 6.283342 0.104736 4.871028 4.526096 5.775770 4.341786 1.677956 3.889155 3.578630 5.131064 
0.926626 6.472323 4.516862 2.431529 0.235988 3.987969 2.987210 5.714992 1.230833 7.485360 1.642335 1.111047 3.010821 3.920284 6.538071 3.490902 5.487161 4.746539 4.279759 0.334164 3.887811 6.426547 2.613376 2.353226 0.143368 3.247156 0.515847 4.824388 4.985062 3.213823 1.711778 4.150151 4.092886 3.258011 1.979916 4.612545 7.116574 1.339529 2.025468 3.496297 3.672179 3.939152 0.295870 3.052303 
1.421542 2.961899 1.809515 2.868112 6.946548 6.981098 6.629916 6.332764 5.013525 1.958221 5.749990 4.258580 2.649507 2.684185 1.693687 2.435539 3.261354 6.858275 3.020305 1.074693 1.083738 6.719149 1.582187 2.621737 7.059482 2.745354 4.444009 3.621661 5.353939 0.728920 2.407065 5.258068 5.789469 0.357340 2.146602 4.200059 6.538314 6.090358 5.861411 5.030574 1.234909 4.509429 5.673003 
7.339832 0.969725 7.104900 1.770106 5.341802 6.778406 5.702060 5.965823 6.191960 1.574701 2.617786 3.946369 5.276767 6.491649 0.943250 1.391070 1.389551 5.774031 6.431055 7.127724 1.735366 3.050494 4.970704 6.418833 4.862095 6.474195 4.469952 1.469091 3.040187 
1.424657 4.653335 0.580848 6.858111 0.033793 4.405744 0.726509 5.782407 0.937414 4.554891 2.688779 6.410691 3.409529 4.964405 1.752379 0.675167 7.201450 4.344289 1.923135 3.147926 1.102922 5.346193 1.786944 4.608928 6.398495 
0.623715 3.164493 2.241880 1.836804 1.093390 5.410966 2.871477 1.441140 3.043637 6.795318 0.220188 
4.008948 1.669728 5.361952 2.736422 4.005447 5.152099 0.239343 6.787891 3.679243 0.764329 3.093739 
3.162484 0.751433 5.442150 3.552470 7.061393 3.891233 5.147202 7.265802 6.848290 0.441426 2.088519 0.785781 6.131325 3.218771 
2.000491 5.654083 3.741371 3.314518 1.308045 6.186787 6.353475 7.459676 1.428279 6.972943 7.291021 3.371809 1.155354 1.501003 5.005731 4.673817 
7.167940 6.206318 5.939222 5.155255 6.706043 5.332188 2.064588 2.148008 6.871728 2.205330 4.630062 7.250126 4.994978 1.386477 1.582826 6.034228 6.811560 5.315135 
1.592007 5.258778 1.144908 0.682686 5.744272 4.626927 1.828861 0.703822 2.949717 3.515428 1.005550 0.290544 3.640369 4.636343 
7.269835 2.033971 2.995514 1.508348 1.136966 2.960417 2.750535 5.106428 5.675436 0.776607 2.563065 3.049838 7.268961 4.038826 
6.670850 0.016158 2.437209 5.095876 3.580278 2.072452 3.226556 2.899490 2.463083 0.312005 
4.787656 4.965671 4.251670 1.290506 2.520541 5.249221 4.262191 4.006014 3.842845 4.601903 2.926257 7.423939 5.212732 
3.804801 4.253835 6.626044 0.495179 0.462863 0.067533 3.416641 3.882742 0.923310 3.485596 6.581135 6.828052 3.932261 5.095936 6.288012 6.776482 3.406917 
4.575509 6.876011 
5.083232 4.799165 0.753641 3.892578 5.007936 4.986737 1.341845 1.328070 4.128196 
2.476784 1.019258 2.512926 1.072219 2.019909 6.782517 2.996127 4.099421 4.993704 5.294255 4.619437 
4.329475 5.464319 5.592700 4.620284 3.521685 1.741107 1.926791 6.540662 0.162010 
5.010165 1.009387 2.080351 6.590871 0.865952 4.920502 3.310640 0.885414 0.858628 3.572765 
2.681143 0.527279 0.831290 2.549695 7.202388 5.049271 2.112639 3.353256 1.344057 2.825212 0.056780 1.888143 1.708507 3.417581 4.205218 1.782965 
4.524865 1.912315 2.977503 6.853815 4.062322 4.903851 5.444610 3.906240 4.522376 0.295882 1.490186 5.491733 2.627173 3.875702 2.067328 1.074107 3.971998 3.556724 0.625627 5.263566 0.450969 6.494296 2.038171 3.613792 
0.347967 3.261804 3.868529 3.758288 0.685972 6.748045 6.555164 5.024012 4.058059 0.328711 6.160370 4.235278 2.436463 0.651936 4.968004 3.325031 2.330268 0.037484 2.857000 2.827294 7.155641 2.678449 0.898092 1.785910 0.064932 4.941090 5.714075 
2.240628 0.771267 6.136715 0.083115 3.805055 3.674039 6.108508 1.248309 3.531529 4.446155 4.262230 5.026915 0.883489 4.740769 3.502567 5.754023 0.054777 5.164548 4.923709 1.543811 4.878381 1.307044 1.706454 1.735604 1.759509 4.289768 6.497436 6.446184 1.423871 0.482963 
6.463634 4.183869 3.806430 4.507213 6.030857 1.985457 4.936591 6.288446 4.865185 4.833448 3.749051 6.609770 1.284044 3.877864 1.472161 1.785738 2.339206 1.985375 4.981031 1.871323 7.304196 
1.312369 4.817673 5.330107 5.832796 6.452471 6.919721 1.657002 6.069574 4.976658 5.885486 1.792522 7.224475 4.746771 0.309126 2.948022 5.326609 5.212569 5.026982 6.183255 3.815714 
2.615805 0.308952 6.812950 3.126808 1.601390 2.435309 3.142477 6.102683 0.112304 6.583048 5.130644 0.226695 0.582569 0.389357 1.930868 1.174243 1.938552 4.378081 5.456172 5.265002 4.255933 6.036392 6.391549 
4.292713 3.579664 2.726918 6.804370 4.783675 1.271444 2.405205 1.697935 2.511189 2.634564 2.767056 2.222954 5.924174 7.286387 
3.096112 0.909799 1.444617 4.357411 1.565958 2.517766 0.000259 6.858641 0.677471 7.014670 1.595856 2.410691 4.226425 4.300576 0.186666 2.548393 1.286088 3.139575 5.895411 2.653392 
0.867780 0.031130 6.594845 6.496237 4.174138 0.066906 3.606623 0.535310 7.204583 4.076168 0.275477 2.540262 3.413263 0.415720 1.124734 3.929223 2.177967 6.148600 
4.751088 3.876218 3.153968 4.672448 6.174543 3.312106 5.482475 4.327800 1.765398 6.199044 3.707746 6.324071 2.634540 4.092366 0.915835 7.024247 4.585052 1.516862 5.143127 4.427555 2.162583 
0.812883 4.358714 0.137411 2.011485 3.443038 5.587069 2.223914 0.595159 3.377453 2.120938 2.490340 2.701903 
3.724355 3.423859 5.104595 5.649508 4.107882 2.456008 0.890753 3.783469 1.883015 6.741313 4.408640 6.117612 1.444810 3.577472 
