0.841988 0.979072 0.909998 1.217911 0.919601 0.972545 0.987109 0.968289 0.995174 0.955990 0.872415 0.980742 0.802247 1.042888 1.206214 0.811724 1.127282 0.955742 1.060736 1.087742 0.957244 0.981256 1.025395 0.803467 1.207494 1.108701 0.921843 0.977528 
0.960989 0.937129 1.210979 0.988867 0.800604 1.232355 0.958634 0.984273 0.970307 1.199480 0.912504 0.981139 1.161277 0.852495 0.796273 0.840310 0.822326 0.950800 0.859496 0.941301 0.974477 0.993741 0.835740 0.885760 1.132300 1.214471 
0.874397 1.119617 0.838159 1.007545 0.892043 1.074743 0.898353 0.820113 0.902996 1.083293 0.997375 1.089266 1.039087 0.937408 0.853670 1.251411 0.909641 1.067634 1.001604 0.944063 1.125419 0.846612 0.895019 0.861087 0.821354 1.164464 1.134316 1.037991 0.863483 1.095690 
1.077346 0.928311 1.020571 0.851899 0.986083 0.999561 1.120495 1.093517 1.142336 0.982699 1.055119 0.818603 1.229164 1.199839 0.849210 1.038511 1.127462 1.062504 1.029008 0.968952 1.174707 1.007965 
1.150326 1.132814 0.915729 1.166573 1.143803 1.017419 0.907123 0.998050 0.944635 1.156589 1.195476 1.212393 1.064918 1.111663 0.842073 0.933071 0.923701 
0.987886 1.210825 1.046831 0.814098 1.077005 0.802346 0.998334 1.161487 0.891559 0.853141 0.992377 0.931634 1.133655 
1.019332 0.915819 1.257911 0.986389 0.829962 1.183112 1.121906 1.058834 0.804299 0.814607 0.901264 0.826696 
0.853111 1.058946 1.222159 0.826499 1.152278 0.984545 1.189208 0.830708 0.848536 0.821414 0.809967 1.153975 0.862473 0.861094 1.194494 1.085867 0.825321 0.888036 0.846536 
1.040448 0.813640 1.034007 0.961194 0.819255 1.154255 1.060951 0.807965 1.147317 1.124746 1.172171 
0.874405 0.899249 0.890682 1.244876 0.988710 1.062428 1.089721 
0.923809 0.949017 0.929031 1.008264 0.837807 0.819925 1.073901 0.807313 0.827046 1.044767 0.916023 0.892187 0.899734 0.829879 
1.046847 0.966176 0.910421 0.922553 1.016778 1.230696 1.026199 
0.993473 0.851727 1.206200 1.056789 1.138373 0.924730 0.872729 0.820085 0.829560 0.807949 1.203521 0.822862 
1.250686 0.820088 0.828759 1.143025 0.857979 0.993198 0.918199 0.910999 1.257432 0.823637 1.002611 1.084690 1.135098 0.840635 1.138805 0.969410 1.179399 
1.161463 1.033027 1.209870 0.813069 1.222573 1.132644 1.082093 0.837270 1.078131 1.063001 0.913378 1.148630 1.218404 0.872779 0.871728 0.850800 0.811826 0.953470 
0.864203 0.957216 0.923214 0.987202 0.907217 0.913421 1.024650 1.195011 0.860160 1.122255 1.098834 1.146616 1.039671 0.809319 1.220280 1.008672 0.899924 0.842922 0.860760 0.879882 
0.969290 0.824929 0.916559 1.135241 0.898325 1.233880 1.049112 1.031367 0.939464 0.819438 1.077295 0.915172 1.032596 1.097706 1.170636 1.225735 
1.143833 0.911899 0.950734 0.958731 0.966848 0.833895 0.950032 1.054479 0.922156 0.909353 0.824100 0.959647 0.906931 0.842289 1.213535 0.818768 0.830384 0.911154 1.074935 1.227235 1.101376 1.222128 1.238903 1.003484 0.850514 0.862767 0.961639 
1.147999 1.042247 1.240191 0.933487 0.868824 1.200067 0.866831 1.081409 1.001834 0.961192 1.015187 0.913754 0.978221 0.925853 1.083872 1.096289 1.224140 1.226706 1.233052 1.202819 1.213754 1.182206 0.862580 0.936638 0.884377 0.997210 
1.098143 1.203599 1.029483 0.881910 1.035821 1.170542 1.248510 1.127243 0.848049 0.927649 0.864699 0.898205 1.016023 1.207111 1.170810 1.086997 0.961884 1.097257 0.843200 1.100129 0.818119 1.091617 0.828987 0.857592 0.964221 1.153806 1.009585 0.849153 0.983576 0.984917 
1.141354 0.798106 0.868877 1.170599 1.132923 1.171980 0.800828 1.078897 1.024716 1.192706 1.136451 0.943867 1.106189 1.055747 0.972731 1.025775 1.068780 0.972925 1.245566 0.983414 0.880666 0.972972 1.236733 0.932246 1.051722 1.202744 0.933357 0.944913 
1.106240 0.817054 0.966679 0.915054 0.862977 0.844003 0.879607 1.147001 0.880191 0.852347 0.894462 0.907840 1.257800 0.844240 0.822543 0.893985 1.153372 1.180026 0.922091 1.157064 0.905471 0.845614 1.002732 1.019009 0.799980 1.001765 1.068799 
1.096810 1.191820 1.135385 1.016969 1.097220 0.914249 0.826162 0.862040 0.888124 0.875195 0.938790 0.943338 1.049864 0.978300 0.898831 1.108103 0.971881 0.807689 1.206481 1.010081 1.170524 1.033758 1.165032 1.213844 1.163089 0.850613 1.223818 0.965510 0.821896 0.881571 0.840685 0.866388 
1.007105 1.135468 0.965318 0.859676 1.118520 1.109912 0.805623 1.084862 1.076482 1.133990 1.011667 1.257304 0.883719 1.028281 0.885701 0.930509 0.872210 1.001481 
1.093097 1.175432 1.054214 1.089003 1.131453 0.920595 1.203888 1.114616 0.921150 0.968270 1.131046 0.815998 1.020771 0.943751 1.102914 1.135566 0.872573 1.004822 1.002531 0.838574 
1.197460 1.091166 0.816015 0.889680 1.054263 0.904502 0.960487 0.856397 0.913549 0.922744 1.142602 0.900674 1.025439 0.845032 0.912964 1.139243 1.061210 1.161048 
0.841888 1.008826 1.203433 1.126016 0.801301 1.057911 0.955078 1.069685 0.965192 0.961895 1.002099 1.022692 0.986887 0.846660 
0.910016 0.961653 1.195092 0.988157 1.044811 0.822357 1.029450 1.132634 0.810021 1.024784 0.850141 1.207622 0.889223 0.857704 1.062983 1.085849 
0.881483 0.846243 1.149858 0.829868 0.818570 0.989349 1.023067 1.045528 1.081797 0.993164 0.950355 1.123917 1.049716 0.980457 1.107036 1.006713 1.011165 
0.852818 0.906847 0.936061 0.969190 1.047493 1.034586 1.180572 1.158498 0.978641 1.176548 0.872210 1.078738 1.126157 0.853919 1.052932 1.061387 
0.967541 0.981157 1.156934 1.221601 0.982116 1.119370 1.112531 0.866374 1.010055 1.102861 1.072715 0.870007 0.931709 1.177263 0.964240 1.050672 1.007971 0.840870 1.080444 0.800330 0.926839 1.137056 1.069387 1.126206 
0.859308 0.965631 1.098094 1.062707 1.014011 0.852601 0.917129 0.922880 0.939259 1.005260 1.202639 1.204955 0.887890 0.814390 0.892709 0.808894 0.951477 0.983603 1.053488 
1.084340 0.958152 0.795368 0.937412 0.954440 1.249656 0.902902 1.107881 1.069666 0.921378 1.173701 0.873068 1.229899 0.821238 
1.114754 1.178363 0.867695 0.988507 0.830700 0.816859 0.912598 0.882992 
1.218916 0.913345 1.207577 1.064292 1.217628 0.820358 0.957190 0.803645 1.096903 0.851105 0.839081 
1.111262 0.820972 1.035655 0.796283 0.862279 0.852365 1.049774 0.804497 
0.945362 1.072699 0.811582 0.802550 1.049017 1.229122 
0.823910 1.067736 1.052490 1.178838 1.152902 1.191143 0.887954 1.255453 1.122097 0.845574 0.898298 0.885024 0.976063 1.227630 
0.892227 0.799383 1.165286 0.863499 1.004212 0.913471 0.947806 0.860621 1.117129 
0.916500 0.854073 1.059447 1.032369 1.084497 0.886118 0.868092 1.001705 1.161045 1.053859 0.940450 
1.076158 1.124014 0.908243 1.248241 1.109134 1.123789 1.019303 0.817388 1.105152 1.071797 0.823813 1.197861 0.827922 0.844362 
1.070868 0.998559 0.892518 0.890846 1.048802 0.969337 0.795821 0.847312 1.092206 0.897637 1.123696 1.154886 0.895354 1.230544 0.970609 0.861942 0.949846 1.153407 
1.023287 1.069588 1.244167 0.900729 0.875375 1.163642 0.802680 1.173545 1.162224 0.819469 1.230044 1.148620 0.967975 1.176230 0.807806 1.049633 0.820733 
0.866520 0.846119 1.156323 1.210150 0.999372 1.089760 0.858170 1.098292 1.044731 0.860219 0.976597 1.161162 0.954504 1.065194 0.927129 0.889679 0.958011 0.930551 1.128879 1.096447 0.815231 
1.111453 1.007430 0.913259 0.808040 1.257736 0.874930 0.957772 1.253412 1.193913 1.246748 0.915827 0.945139 1.012652 1.246119 1.036708 0.834055 0.960227 0.982815 0.899270 1.179266 0.935430 
1.115286 1.197272 0.988354 0.969026 0.796038 1.231730 1.108762 0.938327 1.214421 1.074942 1.010223 1.232221 1.090587 0.898480 1.118624 1.219706 0.879852 1.151001 0.873468 1.142088 1.084985 0.911193 0.970287 1.044986 1.136378 
0.810875 0.917877 0.921287 0.849481 1.187406 0.938308 1.145359 0.934478 0.836117 1.223590 1.056954 1.145483 0.999509 0.867230 0.950186 1.087292 1.208472 1.183078 0.859289 1.152420 0.962953 0.992659 0.853890 
1.072479 1.196216 1.194453 0.892097 1.084836 1.016990 1.031631 0.917280 1.198453 0.803044 0.929458 1.080885 1.182941 1.175231 0.923590 0.840718 0.891066 0.879763 1.104533 0.965293 1.060538 
1.250395 1.174401 0.955486 1.234575 0.901301 0.798146 0.908702 1.219872 0.943704 0.937918 0.860547 1.174926 1.117055 1.100718 0.809670 
0.972612 0.926592 0.940090 1.122133 0.835457 0.877242 1.170267 1.098362 1.108510 0.847137 1.035092 1.039686 0.927634 1.162721 1.217471 0.843031 1.095847 1.122309 0.843025 
1.061483 0.826239 0.935486 1.114981 0.826980 1.075127 1.144034 0.815086 0.990496 1.202192 1.015616 
1.070707 1.201017 1.002572 1.113560 0.864440 0.926004 0.849849 
1.240272 0.831830 0.953002 0.929659 0.851617 0.796040 0.875776 1.157375 1.138755 1.007066 0.882285 0.887247 
0.943404 0.906190 1.100819 0.966375 0.846238 1.135983 1.134819 1.051084 1.235867 1.109605 1.026833 1.202523 0.893168 0.905427 
1.000380 0.876396 1.093263 1.055178 0.957338 1.036100 1.193927 1.077656 1.021684 1.150029 1.061068 1.049504 0.833609 0.874028 0.990921 0.798406 
0.820219 0.987084 1.128940 1.055831 1.138614 0.935926 0.905347 0.819860 1.232334 0.883442 0.914132 0.797943 1.131205 0.878487 1.244209 0.845697 
0.799246 0.864022 0.956979 0.898256 0.911039 1.165075 1.070885 1.160640 1.030766 1.207072 1.170603 0.992456 0.969034 
0.872589 0.977303 1.083891 0.917792 1.137012 1.115803 0.806077 0.861162 0.961283 1.014316 0.797271 0.903036 0.827233 
1.057252 1.186581 1.151064 1.117884 0.887528 1.252254 0.949920 1.182574 1.241774 0.950754 0.828885 0.798320 1.130492 0.906428 1.150294 1.239566 
0.936232 1.059687 0.932689 1.097612 1.230344 0.901130 0.806685 0.875948 1.036291 1.078991 1.168508 
0.881669 0.925192 0.887355 1.119610 1.078330 1.049351 0.846060 0.960153 0.879081 1.166560 0.988719 1.061282 0.935183 0.907309 1.121556 
0.995518 1.253174 0.978021 0.801075 0.924241 1.021844 0.953170 0.994854 1.137869 1.048758 1.019873 0.938848 1.083384 0.935928 0.817398 1.012220 0.946289 
0.940259 0.816107 0.804650 0.853161 1.132457 0.896930 0.818796 0.907707 0.899176 0.830710 0.818491 1.214352 1.109844 1.063121 0.870958 
1.004780 1.006985 0.955502 1.240485 1.012459 1.212155 0.930344 0.963165 1.077995 0.920775 0.990667 1.180405 0.799219 0.881463 0.986356 0.833758 0.927452 1.159340 0.837293 0.956206 
1.039216 0.882256 1.041880 0.869428 1.237742 0.966081 1.228904 1.003015 1.035723 1.159636 1.117060 0.805868 0.956654 0.819718 0.846793 0.819789 1.067364 1.177625 0.909591 0.916198 0.941640 0.892076 1.068422 
1.193961 1.193327 1.174424 0.998736 0.799684 1.020791 1.057390 0.814592 1.170566 0.880261 0.981125 0.870375 0.848663 0.856728 0.838256 0.815053 0.837767 0.998283 0.882786 0.858450 1.040651 0.913054 1.217204 1.215308 0.870503 0.819604 1.161780 1.045558 0.826133 1.032418 1.171055 1.036076 1.239763 
0.889302 0.995104 1.053835 1.117555 1.047971 0.997948 0.840201 1.075479 0.938169 0.857959 1.061092 1.039405 1.096030 1.071865 1.022690 0.994464 0.963550 0.929946 0.860166 0.988721 0.876771 1.123676 0.901410 1.016142 0.941872 1.149202 0.825057 1.121260 0.821072 1.181089 0.815567 1.040581 
0.945634 1.112323 0.965323 0.861539 0.977998 1.153960 0.950815 1.099006 1.027674 1.172998 0.868852 0.909997 1.256955 1.239386 0.897625 0.919528 0.914613 1.238171 1.115431 0.906036 0.987017 1.052474 0.982858 0.814168 1.024079 0.888075 0.910690 1.134959 1.031899 1.002784 1.128186 1.018117 1.001049 1.056173 0.841848 1.145638 1.165316 0.888609 1.202438 
1.171251 1.036544 1.192997 1.072479 0.939081 0.938633 1.225163 1.046499 0.888038 1.133623 1.177307 0.868575 1.122466 0.827540 0.808136 1.116386 0.917066 1.160350 1.185645 1.049188 1.242491 0.832206 0.810885 1.093095 1.152061 1.075602 1.046595 0.843845 0.896363 1.168019 1.090064 1.005717 0.914040 1.107170 0.986811 0.896610 0.854530 1.222113 0.798821 1.178827 0.915034 0.920527 0.825586 1.059581 
1.111482 1.058725 0.979843 1.250130 1.214068 0.853624 0.913933 0.914774 1.213206 1.226142 1.186698 1.154458 1.005172 0.919987 1.030633 0.850298 0.972345 1.209850 1.141179 1.141299 1.106542 0.990320 0.804783 0.915085 0.971800 1.004608 1.051927 0.820219 0.807908 0.994355 1.003029 1.109447 1.023491 0.948554 1.197889 1.184313 1.153043 0.984021 1.006928 1.066427 0.963343 1.079685 0.931506 
0.814682 0.848021 0.881106 1.244470 1.088383 0.951487 1.220196 0.919545 1.054030 1.025233 0.949839 0.842866 1.222092 0.924911 0.901176 1.183065 1.056251 1.061207 0.841720 1.255165 1.201901 1.000405 1.120006 0.973175 1.096353 0.856971 1.153930 0.959779 1.151292 
1.022264 1.195973 1.005573 1.030937 1.238014 1.178098 0.796263 0.839914 0.875179 0.906265 1.150179 1.105267 1.013997 0.974927 1.204621 1.003479 0.867161 1.031883 0.843659 1.254532 1.117292 1.027866 0.818498 1.017287 0.960685 
1.011787 1.058066 1.084913 1.242753 1.029408 0.909222 0.921563 1.088523 0.900477 0.938630 0.803724 
0.983127 1.026973 0.897540 0.927809 1.009987 0.850504 0.932965 0.877502 1.058088 1.106467 1.008802 
1.223151 0.894866 0.888051 0.873808 0.887165 1.185444 1.110095 0.917835 0.877265 1.108567 1.239179 1.102400 0.931980 1.083025 
0.873178 1.176936 0.915634 1.139109 1.124929 1.078038 0.882890 0.967971 0.922149 0.985598 0.893388 1.073683 0.880843 0.965638 1.085024 0.848849 
1.025966 0.859851 1.008301 1.087714 1.051839 0.980023 1.129620 1.245095 1.188666 0.953104 1.017575 1.097489 1.042273 1.150263 1.054050 0.983448 0.863838 1.088774 
1.140047 0.999309 1.066664 0.963323 0.816067 1.147052 0.897430 0.927119 1.070266 1.250270 1.234058 0.889973 1.176747 0.929177 
0.991768 1.172002 1.145615 0.880612 0.907839 1.218680 1.138052 1.212844 0.866192 1.038272 0.939452 1.014807 1.001050 0.802964 
0.828534 0.810002 1.227317 1.069118 0.917159 1.132586 1.029645 1.164902 0.946896 0.878945 
0.945701 0.843680 0.896296 1.015216 0.954680 0.828709 1.104416 1.143582 0.960874 1.194021 1.056208 0.810332 0.868174 
0.854065 1.176035 0.804043 1.013579 0.944473 0.856531 0.848899 1.214724 1.106744 0.935593 0.992965 0.934056 0.831309 0.825752 0.882288 0.835614 0.946156 
1.221748 1.033209 
0.949376 0.906388 1.188818 1.136145 1.039176 0.945623 1.168087 1.165576 1.090725 
0.808031 1.215643 1.166713 1.034211 1.034514 0.895906 0.989139 1.025399 0.912476 0.821019 1.217330 
0.844750 0.857896 0.929307 0.989432 1.237206 1.051926 1.152620 0.889086 1.180353 
0.902393 0.961706 0.960707 0.835526 0.948780 0.996829 0.918340 1.029176 0.999099 1.142830 
1.098928 0.843895 0.915242 0.951555 0.866743 1.086605 1.196758 0.900939 1.103616 1.237011 1.034045 0.985754 1.143440 0.988516 0.984929 1.011404 
1.247282 1.077659 1.066803 0.962001 0.897164 0.804990 1.226807 1.072116 0.800783 1.127770 1.146095 0.820751 0.815061 0.954409 1.118581 1.111389 0.882266 1.147302 1.014208 1.020490 0.971279 1.046537 0.907916 1.092976 
0.934564 1.250143 1.202655 0.927416 0.829491 0.876453 0.906683 0.946427 0.918505 1.011789 0.886803 0.840224 0.890794 0.900104 0.832353 0.825916 1.136092 0.842435 1.179268 0.803030 0.806675 0.972398 1.063718 0.926582 1.231950 0.994553 0.939425 
0.939521 1.077422 0.967376 1.026571 0.927655 1.144312 1.140450 1.155773 1.235732 1.098880 0.804908 0.834645 1.023162 1.216976 1.215166 1.100585 0.924849 0.954873 1.042434 1.193699 0.984740 1.089445 1.037473 1.009174 0.886629 0.915677 0.926260 0.858073 1.066635 1.092589 
1.003960 1.216870 0.824328 0.945664 1.156776 0.961771 0.822442 0.850880 0.844882 1.257819 0.811805 0.868564 1.106049 1.215007 0.906830 0.996135 1.132605 0.993737 0.958798 0.840912 0.801188 
1.136921 0.825540 0.982138 1.070030 0.800913 0.941742 0.968577 1.062483 0.892093 0.915218 1.237917 1.131411 1.172934 0.818130 0.901879 1.028362 0.912071 1.024216 1.154072 0.962914 
1.084553 0.842662 0.800097 0.934790 0.983936 0.837355 1.248173 0.923124 1.050165 0.876689 1.082307 1.004848 0.922652 0.891184 1.249574 0.998171 0.889472 1.241254 1.021962 0.896817 1.240448 1.199627 0.868495 
1.024232 1.184123 0.801743 0.854845 0.919076 1.046376 0.970878 1.057745 0.943802 1.162543 1.089639 1.206982 0.871663 1.096376 
0.906406 0.912778 1.181182 1.156213 1.045064 0.924914 1.178934 1.008241 1.023606 0.821247 0.910817 0.803717 1.125984 1.031542 0.822585 1.117193 1.015086 1.000382 1.046590 0.848072 
1.081973 1.250434 0.930507 0.821769 0.948225 1.106687 1.115045 1.121171 0.810612 1.021365 0.944561 1.134935 1.119856 1.152744 1.012755 0.888977 0.977097 0.820274 
1.222199 0.857938 1.219930 0.866338 1.233007 1.078205 1.034221 1.133012 1.244478 0.943077 1.048836 0.927726 1.048688 1.126230 1.223308 0.872291 1.063870 1.165273 1.020567 1.106136 1.183381 
1.103517 1.040656 1.095697 1.073545 0.810115 0.794959 0.931881 0.985375 0.916643 1.199416 1.037974 1.043364 
1.165270 0.835106 1.122980 0.905413 0.921523 0.908517 1.143873 0.929678 1.234268 0.960549 0.828721 0.912489 0.982919 1.036141 
