4.898968 12.910738 37.004668 6.061873 0.371343 0.011822 40.227396 3.081049 0.671133 3.496404 0.592787 0.071203 0.006788 1.954862 
5.553739 2.061422 1.839094 0.564833 1.468791 0.088083 1.322048 4.359162 0.801184 0.437662 0.371447 
13.456338 0.290759 0.559761 3.243908 6.087342 0.732162 52.694694 0.982837 2.273874 
0.323496 0.834606 0.219605 0.582442 12.548586 2.226468 4.299859 3.751323 
4.746264 3.695480 0.390363 1.944426 3.153113 2.456114 1.321889 
2.493021 2.667027 0.196863 0.159737 0.280252 0.966628 5.619206 0.332666 
6.581321 1.072835 0.712761 0.275939 1.592106 5.025183 0.452545 2.981769 2.213817 1.964975 1.855017 3.862027 0.132321 0.037438 0.217373 
2.935831 7.362005 0.916263 4.954209 0.168528 6.109127 0.411698 4.130397 0.392309 0.301501 0.198911 1.498238 5.106142 3.589445 
3.415280 6.589909 6.842329 0.814245 2.311387 0.155280 0.356793 0.484965 4.876579 11.399009 1.149356 0.199238 2.886679 0.545331 
0.144766 1.837726 1.256741 9.035959 9.636345 0.881578 2.065060 1.681401 3.583933 4.695818 3.068771 1.974899 0.181401 0.614409 5.331628 2.310898 1.446821 0.186717 3.956967 
0.108955 0.186296 0.555745 0.752008 7.507654 2.908201 1.786455 4.331799 9.411942 4.243359 1.304470 0.508655 
2.838643 0.303666 2.304356 3.202534 0.121079 2.444079 3.908450 0.013260 198.791253 4.889278 0.448179 
1.284546 0.205003 3.593382 3.550137 3.615717 0.333869 33.743807 0.571044 1.007119 
0.133340 3.093952 7.224160 2.330157 1.122189 1.726561 3.865458 0.359536 
0.329517 1.498719 0.065270 3.803684 1.584973 1.895623 4.796732 0.995229 2.361423 27.914397 
0.324929 4.001996 1.541004 0.632277 0.136035 3.322869 3.563230 1.571444 6.586158 0.383451 2.915969 0.435785 
4.321277 3.880858 1.736338 0.724237 0.084702 3.758752 1.931930 3.039219 
0.118775 9.780633 1.986878 0.318451 5.484546 1.570894 1.290270 7.838305 9.013413 0.085531 6.312404 0.238276 5.762040 3.266894 0.355891 
2.146073 3.551243 21.916199 1.904041 0.656469 0.367316 12.152700 0.310878 2.065454 0.589472 0.408569 3.066094 1.130786 1.868120 0.689418 1.446740 2.240854 1.239486 7.664274 
2.012467 4.342262 2.919198 2.050810 0.178381 0.101824 0.122033 5.997291 1.766705 1.227838 0.054831 5.155285 1.696513 1.687625 18.520556 0.567623 3.083211 0.187790 0.416061 
1.012578 0.162273 0.226376 1.901823 2.461000 3.281612 3.060086 7.191449 0.306524 0.930573 0.589046 2.219818 12.110314 4.020408 3.203048 4.100641 2.504826 1.944097 0.138791 0.149201 2.905861 0.537743 0.433480 0.185460 
0.262768 2.572135 1.774975 3.810124 0.686136 0.816364 1.716764 0.697002 1.463887 0.900974 6.167372 0.574318 21.753140 1.337727 1.655933 1.057021 0.094092 6.237528 5.313604 8.932978 
0.170251 1.564586 1.468939 0.649891 0.105813 0.466133 5.116865 0.107878 1.885985 1.576468 9.394514 0.882907 6.064068 35.348670 1.484787 0.206722 0.191300 15.282587 3.421801 0.219042 0.597921 0.350959 2.812675 
2.214936 20.771128 13.465734 2.089417 1.366229 0.117756 6.429268 5.077146 7.774651 1.577699 0.924742 0.147779 23.992144 0.206186 2.744573 3.490634 5.633035 3.363751 6.668551 1.125460 4.921642 0.144268 1.021021 1.160430 0.034209 7.184222 0.283303 2.875101 13.892336 0.035756 0.239981 
0.237811 10.535645 1.153317 4.194180 0.062057 0.023644 0.564970 13.996853 9.515622 3.070141 0.875760 0.229215 0.806692 14.449286 20.199952 0.142694 5.447408 2.108373 1.089974 0.477359 4.149143 1.754657 68.289527 4.890203 1.076519 0.066653 2.931619 0.376018 
2.345512 5.956584 0.355402 0.390338 0.145739 0.062627 1.243137 1.341002 3.367105 0.067602 0.285528 0.019830 1.193338 1.353187 0.303663 0.277406 0.003819 15.144660 0.022594 1.804934 6.259158 8.643679 3.615781 3.090077 0.462974 4.184323 9.726297 0.039645 1.080022 1.282039 2.207610 12.038918 1.854704 9.423881 0.101789 62.869504 19.026117 
1.611208 0.516382 7.609025 1.547861 52.223074 1.163210 2.714243 11.302892 12.596644 0.146744 2.049201 3.249425 2.374787 0.683031 1.739729 2.003710 9.160726 0.081269 5.644247 0.660388 0.572717 3.576989 2.362384 0.066235 5.314862 0.528906 8.200030 0.056251 0.737095 0.798675 0.542650 0.899748 4.542195 0.361617 3.969101 9.152080 2.712919 0.085497 3.035115 
0.076666 3.562767 6.509011 4.530254 0.037801 1.479769 0.064316 15.184227 48.228965 0.076978 0.174148 3.017902 1.450026 0.471985 10.247578 5.687404 2.860364 2.478421 0.105172 16.785876 0.855465 33.347298 5.114360 0.594002 3.244318 1.683610 1.216208 5.592667 0.502881 24.869821 4.089419 2.970673 0.114433 0.514453 4.441307 0.438621 1.302915 7.551719 7.051869 1.026106 14.933885 0.971278 5.456055 0.179636 2.809870 
89.940952 0.981116 0.460267 1.112713 0.321773 1.617755 0.402252 0.551141 0.861945 0.821903 10.491158 0.544875 0.680627 1.788901 3.138938 0.565892 6.260494 24.008631 0.250929 0.896584 0.396006 1.474386 7.050683 0.675612 4.492506 0.973141 0.041028 0.138713 1.532092 
26.422956 0.421892 7.808966 3.917151 5.331970 3.349665 0.278667 0.289550 0.533804 0.019294 0.289879 4.587830 16.056764 0.082556 2.884838 0.715304 0.698708 5.672562 1.261258 1.202567 0.188818 5.126530 31.754182 0.480923 8.005917 0.667409 0.395292 0.871545 0.807259 6.812191 0.412817 4.566613 1.155830 3.500129 
4.420067 4.137975 0.369011 1.062188 0.374255 0.677360 0.523956 0.412947 0.447076 2.973715 7.570656 0.452461 2.139903 0.342323 4.808728 1.000343 0.907728 0.582223 0.218215 0.430858 1.944363 4.562725 0.924929 1.645173 6.506195 0.710405 1.677053 1.726156 1.610242 0.420974 
0.976391 6.961971 6.898240 10.218949 0.544500 10.656826 3.700134 0.463618 0.491395 8.482119 0.855458 0.254046 5.677315 0.585952 1.499516 2.956642 10.756465 2.650983 0.916458 0.737540 0.725438 3.270825 1.834431 3.690485 
2.982754 0.937607 1.469045 1.790511 12.152208 0.716658 2.225376 4.620782 1.495318 8.788744 0.729688 2.661901 0.832378 0.513568 1.246310 1.206555 3.805553 0.343583 26.886039 6.136352 2.021368 0.712213 
2.846778 9.047862 1.137914 3.220831 4.502654 0.686772 0.286919 3.542215 0.511367 0.468787 2.710919 4.092803 0.537403 3.553473 0.977260 1.685167 6.308616 0.351182 4.011174 3.616238 2.206797 0.197495 1.043952 0.526545 58.439096 
3.329947 2.809113 11.429672 2.054642 3.334942 1.750639 3.012021 1.959495 2.087524 0.717828 1.049307 1.274177 2.096182 0.100494 0.474996 0.803086 17.674606 1.141469 3.455799 6.674522 
2.393021 1.846178 4.021946 3.219873 22.627240 1.172373 0.381175 9.662997 5.109128 0.682817 0.138967 3.325360 2.113227 2.644506 2.378251 0.256682 0.759461 1.455708 
0.416496 0.671550 5.467790 9.054607 8.312740 6.090022 44.630359 0.405736 0.043753 0.406224 0.107578 0.455692 0.218668 2.353910 0.394930 2.008344 0.231705 6.770821 22.655208 
5.928063 1.210680 3.947947 0.113358 1.065449 0.158138 0.175749 4.298795 2.851112 0.368505 1.114195 2.383886 0.702013 0.150258 3.535485 8.075427 1.055997 4.290279 12.360672 0.813971 4.147685 0.156016 5.356671 5.059522 1.058720 0.521873 
0.026350 12.844425 1.174297 0.508510 0.022359 5.008090 0.075859 0.204822 4.444410 0.077576 0.023714 1.757962 0.053225 0.986563 0.406997 47.459229 0.617810 0.345370 6.175965 4.284841 0.247733 0.576757 2.898277 11.989191 0.458129 3.258748 0.053934 10.020548 72.213203 3.265675 
0.232947 16.425944 1.188038 4.179278 0.235088 3.286800 0.510647 0.733537 0.084668 0.402944 8.051540 1.412899 6.438585 3.587761 0.432590 6.298999 0.497710 4.272676 0.466920 0.106039 0.069497 0.412664 0.466162 5.026733 0.287603 3.467447 3.173198 5.033538 0.091195 2.799276 0.766013 
13.979414 1.882797 0.086708 0.541001 0.230834 1.402972 0.275554 4.240193 4.508879 0.231218 4.856567 3.957910 2.808740 1.609045 0.581925 36.230989 3.067584 0.279142 1.190201 2.605598 0.395364 0.798853 2.246175 0.047287 8.997942 
1.160933 3.971775 0.830545 11.355026 0.002730 1.529596 69.218284 0.232850 2.723551 0.241088 32.993948 0.401352 0.857401 3.668426 0.849455 1.167143 0.004971 0.154193 0.231962 0.111462 0.007175 0.012280 0.035933 
2.061110 0.087518 0.006094 14.045883 0.008084 4.021863 3.005457 7.049581 3.476746 0.471577 6.011566 0.051684 1.845568 0.342546 1.322405 6.822389 0.692488 0.746404 0.035966 0.070363 1.693019 0.091434 1.835651 1.308147 
0.159352 0.204384 12.029074 6.124120 0.190079 0.197416 0.276369 1.887435 1.265256 0.034455 0.117269 2.762933 53.424652 2.130540 1.746752 28.235929 2.080190 0.846711 4.621737 0.048580 6.574666 0.104254 2.159320 1.885218 1.026326 
0.815067 19.813370 0.206120 3.493491 1.448096 0.279348 0.557384 2.262185 1.756668 1.463298 2.209741 1.000287 3.366809 0.276026 4.200089 2.365032 0.969431 4.739557 1.033510 2.602486 0.478332 2.043940 1.696127 7.179270 0.627729 1.555087 0.827876 
1.718066 1.928441 1.293553 3.195231 2.119138 12.588006 2.297496 0.076219 0.227207 0.275695 27.900295 0.067526 0.686968 3.439388 0.282898 6.576853 7.056683 0.882050 8.735912 1.741501 0.775383 15.931687 0.445051 1.912581 
0.807886 33.805814 6.415274 1.669223 0.310493 2.668088 5.325996 1.103958 0.381188 3.685944 0.618538 5.032127 0.529386 0.168531 4.240679 0.373889 0.031677 8.214109 5.723479 1.431244 0.798785 0.150937 0.399530 
4.949522 9.402417 1.351662 0.085499 1.256722 1.949215 0.241275 0.615552 4.040868 0.935096 0.854744 4.531158 6.196796 0.332309 1.786666 
3.139068 0.121522 1.545473 0.157121 4.056121 4.849476 5.682355 0.093790 1.649069 1.290921 0.615934 1.133476 54.009690 4.158677 0.235051 2.300187 
0.774684 0.515146 3.733459 0.436420 0.242639 16.781817 2.011087 0.173256 4.696989 3.432428 3.163771 0.255267 1.486960 
0.344414 47.403660 0.385508 0.122420 0.171252 2.174773 5.135117 2.038312 4.019440 0.586373 2.314466 0.906683 3.108738 2.827422 0.296184 2.896797 0.215045 34.685295 0.072899 
0.392492 0.376790 5.069257 1.378231 8.637434 0.074052 2.211532 0.275296 0.637658 0.288446 4.598571 1.887892 1.097647 1.326031 1.035731 0.199024 1.271593 3.107159 0.970743 0.527374 0.498193 
2.045790 2.889421 22.805944 0.351809 2.586586 0.626422 2.552302 2.079024 0.062688 0.661663 5.399956 0.239226 20.420272 0.203584 0.323035 0.233670 1.670145 0.229693 
2.129902 0.556281 1.538050 1.964803 0.836213 2.445642 0.153950 0.681676 0.473846 1.020383 4.713564 1.064735 
0.072695 0.568340 2.318544 2.922966 0.526394 2.468600 1.911769 3.512098 6.773815 2.417717 2.541769 0.381725 0.461310 0.042633 0.818389 
1.143819 1.387567 1.763284 1.719785 0.739825 5.073165 1.853853 1.860642 0.869526 0.503718 5.023852 2.175466 3.056655 0.411690 3.057011 5.543771 0.334971 1.764277 0.304294 2.057288 4.296520 1.887051 0.620254 1.386183 0.630149 
1.702789 1.183837 1.688493 2.969478 1.294773 0.791311 4.085331 0.598502 0.339991 1.843831 1.857971 3.227821 0.698596 3.088016 2.120288 1.846262 3.069867 1.966498 1.390233 0.340617 1.129306 
49.543485 1.946040 1.124456 2.757332 1.348428 0.141243 5.037701 1.854714 0.103566 0.342510 19.234692 0.009515 2.050855 8.156202 1.879317 4.290361 5.447876 0.209886 0.195813 44.851328 
0.122012 0.835546 0.103466 0.545336 3.920784 2.585736 1.381004 0.515996 2.225794 4.488153 3.470784 1.037739 1.613979 1.194897 0.874829 
0.103361 0.343792 0.296264 3.320750 3.493262 1.354412 0.346582 2.838477 20.645389 0.146341 2.117787 20.444963 1.418051 2.205257 
0.542468 2.501267 3.620850 3.521749 2.563519 0.269165 5.572319 0.221716 2.902330 0.132592 1.652545 0.340956 
5.470330 0.944563 8.482685 5.715559 0.203030 1.253274 2.779780 0.279046 0.154824 0.460854 0.644987 
0.178723 7.238289 2.349241 3.480642 8.087876 0.492273 5.969314 
1.879949 0.389583 3.118078 2.233582 3.918018 
3.252253 0.196420 39.981512 0.442725 4.279363 2.109118 2.868218 4.208804 
0.397872 0.156420 5.617097 0.588977 0.017952 3.151673 13.874053 0.276219 0.219846 2.314001 0.294606 9.946955 0.051441 0.701186 0.189837 19.897352 0.512952 3.523905 0.066090 0.835866 0.275193 0.143645 
0.084677 0.529511 4.451742 0.448480 0.906452 4.251788 0.281672 1.078832 12.526472 0.401322 2.966511 0.217771 0.652381 2.533437 0.879590 0.945380 1.554189 3.771625 0.506723 1.084569 3.431026 5.126681 0.141158 
0.394923 3.315247 0.365291 2.982137 8.529918 0.427853 2.039909 4.528414 5.800377 0.110152 0.407870 1.474407 37.891587 1.199937 0.109175 0.096155 2.066975 3.738043 0.319085 5.829044 1.958792 0.931648 0.578525 4.670522 1.821914 1.128738 0.849294 
0.365516 0.519794 27.206076 1.288870 1.505921 0.104645 2.363225 5.094979 0.543053 1.931411 2.858061 0.346966 3.739266 1.016824 0.503146 1.098531 1.206458 4.375573 0.234496 0.153087 2.402294 3.166473 8.814489 
1.602679 0.959822 5.457636 1.938360 5.486785 1.366073 7.920164 9.085198 0.428471 0.707651 0.233933 0.146321 1.413484 4.446827 6.785462 2.197373 
2.234098 23.451963 8.227630 2.883395 0.202686 0.647792 0.251665 14.735302 0.720784 0.648966 1.620395 0.981142 2.983639 3.614497 0.214248 0.337911 0.525679 1.113572 1.941815 2.056743 1.566631 
4.606813 2.505629 9.916821 1.863369 5.208293 1.053613 0.601886 3.287186 25.689491 1.004088 0.157739 3.923073 1.988567 1.926771 0.276104 16.168853 6.115809 0.266693 4.306531 21.227606 3.150207 
2.512351 0.698348 0.600782 0.750444 131.628122 1.374596 33.151962 3.350349 312.500075 9.462401 0.141665 22.748980 1.054562 6.586649 0.080055 1.885079 4.546971 
0.644375 0.489095 2.512767 3.300269 3.510057 3.591536 2.757583 0.212744 0.852030 3.067920 0.192354 14.615488 5.807842 0.035093 2.734268 
4.915473 0.022388 3.065541 2.833874 12.528080 0.116037 9.718045 0.254820 0.277257 1.858157 0.541271 1.195543 0.405302 3.178767 0.398402 
10.705864 0.217113 2.389991 2.467311 0.681224 0.633730 0.190614 7.056070 2.761447 3.642330 2.771727 3.484486 4.093502 
4.852750 92.433316 493.500835 0.297856 0.685919 0.051413 0.551162 10.708797 0.263058 0.429823 1.004968 5.141765 9.338348 2.269770 2.142105 
4.663148 0.550533 2.036846 0.707769 0.064672 4.268799 9.619042 3.327111 17.987163 0.719416 0.070537 3.119388 0.144314 1.456658 
4.498032 2.280367 2.628255 0.611120 1.633882 3.114518 2.153867 0.308781 0.542398 62.226824 0.259391 0.388795 0.717226 0.339722 
3.501282 2.195965 2.333539 2.636739 4.152984 0.803984 0.352121 1.897559 0.294248 
1.604930 10.608238 2.044119 0.111386 4.473349 2.397682 0.130690 1.532182 0.702858 6.124990 
3.889149 1.836571 0.478838 2.027241 0.463912 5.218940 1.424111 
0.494224 2.492025 0.392326 0.510981 0.488890 1.005053 3.314323 0.335132 3.095964 1.588609 
0.586611 0.884064 4.324938 0.100638 0.205640 1.409673 0.972628 0.085329 2.423462 2.689258 2.004696 
0.689762 0.662740 1.904378 1.584265 3.679943 0.352977 4.696498 0.114056 3.551624 0.677273 
7.078662 1.143533 6.365791 4.780274 2.114667 0.876087 0.934638 0.137011 2.496536 2.512692 0.470234 0.232302 0.668014 0.362878 
2.178468 1.252192 0.244771 3.869689 0.474252 0.300117 3.052745 1.781707 2.738439 1.201118 0.278240 5.194970 2.714168 0.789186 0.576647 0.290254 
3.389833 5.442278 0.397053 1.438921 0.416306 0.764306 6.135047 1.988047 0.677700 1.592310 
1.963050 0.591346 7.765247 0.247321 4.997277 0.139895 2.020046 2.061566 2.454035 0.083185 7.622456 0.006660 18.660111 3.491420 
4.155340 1.393399 3.998735 0.332560 13.713118 1.060112 1.598728 0.443498 8.181253 3.339915 4.134295 1.502043 0.761458 
6.170571 0.222834 1.426605 0.099873 3.976014 3.941889 2.504157 10.403667 2.913839 1.552120 1.074457 0.238839 2.508878 0.481182 1.870260 0.107194 3.434247 
0.122295 3.238992 1.137795 7.251198 0.205481 0.691631 3.532940 1.824769 
4.432796 3.473736 0.205525 0.321985 1.873187 0.694123 2.789518 3.462364 0.176230 2.383420 1.430618 0.201298 4.231596 1.306523 
0.472661 1.504870 0.976167 0.320653 1.982909 0.269098 2.225824 0.928561 0.184830 1.059077 1.647306 0.089416 0.354388 2.472885 
54.615498 4.895803 2.791536 4.631070 2.429065 0.422942 4.977278 8.602860 1.665813 1.097914 0.438326 2.569798 0.181257 
0.510115 0.314494 0.071756 9.320987 0.406211 0.502088 70.782652 5.479087 0.059361 1.243629 0.606427 0.102185 0.762495 2.230095 8.110597 4.253158 9.138944 1.242267 0.768196 2.363747 0.208664 1.963171 1.250761 0.368136 9.870615 0.303975 0.363538 9.131973 
5.689561 0.273045 0.944804 4.077206 1.864661 0.173195 0.090882 0.116711 4.478235 8.586416 6.436100 4.384781 3.274999 13.122496 0.824959 4.564116 1.495460 0.512907 0.230054 0.229205 16.706391 1.997881 1.142305 0.102039 2.602552 14.856018 0.809707 
1.374955 2.097782 1.788027 0.357454 0.419556 0.976282 0.435893 3.137299 1.443372 2.513326 1.140693 10.451147 1.237216 2.237550 2.239668 0.627218 0.918221 4.255547 7.639155 3.176282 0.440261 1.375641 6.269839 1.653596 4.620687 0.608526 1.656996 2.149109 2.465947 2.375798 6.646890 1.539133 1.603551 
0.139872 0.042194 3.271811 0.165916 0.225695 1.569913 2.897994 2.556104 3.457051 1.605808 2.925742 3.173251 2.618985 136.604908 0.046515 0.489189 0.015755 1.552587 0.309495 0.135304 4.171919 8.427663 3.724519 0.478668 5.644413 4.675395 0.988593 0.496962 0.914231 0.342392 
24.667955 0.234687 1.637233 2.031064 0.998913 1.175857 0.700049 0.349862 1.385548 4.340534 0.276844 2.093305 2.020755 0.105048 1.327864 0.819459 2.674790 1.447206 2.280501 3.865329 0.997245 0.129401 1.659319 0.942816 0.499381 7.034315 3.566068 0.502523 0.961395 3.541025 5.529840 0.871858 1.395781 0.234991 2.312782 8.240461 
