2.180241 7.322291 6.308727 7.378009 3.449281 3.755320 4.492698 6.010172 5.364968 6.907983 3.397907 3.557140 6.819354 5.696600 
0.827012 6.695194 6.626669 3.764322 6.228826 6.322862 6.962741 5.316854 6.321995 6.827181 4.333919 
6.199919 7.021023 5.312409 6.920087 7.100124 3.240497 7.402141 4.866239 1.789909 
3.944796 1.778438 1.634855 7.302968 6.602420 2.344862 1.212870 6.568079 
0.746738 6.502275 3.822771 0.525445 1.989450 3.533279 5.137185 
0.315804 5.637074 1.194815 3.499826 1.345153 3.367558 2.735081 2.999682 
0.490529 5.814948 0.106837 2.874996 0.242706 1.507252 3.199707 5.385352 2.358374 3.790666 2.690189 6.760463 2.121735 1.054548 1.876498 
0.731392 5.205190 6.241850 0.171645 4.276506 6.256825 0.573984 4.662810 4.518558 5.351281 2.113986 3.881444 5.816917 5.438057 
1.157913 6.399019 0.784339 2.663466 7.269682 4.033626 0.713761 2.558635 5.345951 2.007407 4.496476 0.787024 6.540056 3.749409 
1.637936 7.280825 4.761198 1.777346 5.000545 0.992453 0.122171 1.974895 7.051248 2.745414 7.440224 4.053431 4.175828 4.731589 6.676357 3.655919 5.199132 0.538767 1.345096 
1.092325 3.232327 2.813044 4.891846 3.192763 6.523595 1.696173 1.606702 5.160746 1.296710 5.560946 4.447183 
4.534992 3.327476 0.848379 6.631439 4.571724 4.747658 0.789070 0.219921 0.846707 1.036739 4.800365 
2.042860 3.644087 1.751722 5.257478 0.154866 1.160607 2.591067 2.464469 3.817007 
3.594690 1.514754 0.475198 6.439906 4.641821 1.522185 0.034484 2.346659 
1.303621 3.318575 4.449541 4.654361 1.979888 6.087735 0.868764 6.932183 1.492764 5.877769 
4.837424 2.075435 4.477605 2.398407 3.310746 7.365536 5.381082 6.807189 5.436299 2.893281 2.237949 4.714296 
2.928063 6.918431 1.852836 4.356050 3.373203 0.094351 3.588419 5.926936 
3.220384 6.948109 0.462850 6.514515 1.156724 3.636915 4.079401 5.656932 0.121970 4.812549 2.498443 2.268032 6.663433 6.700069 0.953756 
2.842823 5.972041 0.234360 4.027956 3.304781 4.429822 4.979576 5.633155 2.203523 2.528771 3.748854 3.826354 6.018799 6.454071 6.187474 0.846365 4.507965 4.439679 7.173602 
7.217164 5.834309 5.577118 3.923925 5.490319 5.550861 2.574946 2.433653 1.631119 1.042732 2.289001 4.997691 7.483439 4.684371 0.455669 4.950117 6.463971 1.573678 0.921680 
2.889934 4.985831 2.269333 3.134341 2.958588 6.228248 1.020133 2.802518 3.337268 5.698785 4.343522 5.460713 6.868776 0.133143 0.230833 6.557454 4.373828 0.851622 5.284017 7.455514 0.049260 6.300727 4.303569 2.613775 
3.584504 1.598250 0.133209 0.131517 4.035966 3.352073 6.580950 2.703066 7.451637 4.741492 3.001680 5.291449 5.869615 5.976635 6.256184 6.576798 0.395593 0.248206 5.591120 5.032409 
1.637520 0.410370 5.148834 2.917254 6.707284 6.474825 6.518532 3.677971 5.696748 2.318502 2.548889 1.937023 5.507573 0.408514 7.210573 4.333474 1.871687 0.039477 4.011782 4.939933 5.449709 3.236932 4.598341 
1.063286 1.046689 5.830371 5.267569 4.921715 4.600691 6.360876 7.380096 5.366970 1.620748 0.851852 3.163812 5.070464 1.120728 5.485019 7.066372 5.623827 1.156984 1.147219 5.621569 6.552978 4.584237 7.488178 1.947547 5.686084 6.176112 7.428110 3.015199 4.681263 7.060877 2.571007 
1.551237 0.594767 0.787020 6.080236 3.756687 2.445805 5.871017 5.275094 4.956893 4.170556 2.687040 3.938275 3.987409 0.403899 5.351943 4.250590 5.661424 0.238723 1.441272 5.873843 6.667512 1.712869 5.645564 1.932107 2.416857 3.420277 1.482150 5.197957 
1.413144 0.317510 3.966471 0.942066 4.470345 0.158116 5.942273 7.451626 5.033946 3.186223 2.214406 5.687426 3.770480 0.612594 5.792440 2.863871 1.210160 0.116011 1.066192 7.080351 6.438305 2.728817 6.166795 2.417129 1.163992 4.957828 0.923612 3.698236 4.861671 0.467196 4.498011 7.064753 0.566023 2.320707 6.039613 0.067065 4.605561 
4.834083 2.268757 3.363842 0.877745 6.210168 2.151369 4.302754 7.347273 6.507874 3.464543 1.315774 5.301366 5.180874 6.846620 7.168954 3.113987 0.046149 3.740700 1.697102 6.075568 6.336764 2.276322 6.635693 3.745701 7.358703 5.914777 0.649890 5.380157 6.364272 0.097764 5.319294 2.072076 4.576650 1.813896 2.937816 1.812045 3.476277 6.319109 2.075286 
5.722117 6.253543 4.411594 2.659409 4.663116 5.486810 3.460535 7.385014 5.818661 4.122329 1.273987 3.952428 3.986191 6.258868 0.479559 2.364413 0.630081 4.711609 1.409508 7.327165 7.455112 0.956423 7.383434 3.513270 0.588952 7.348480 2.492872 6.501397 4.706374 0.678814 7.216366 3.276140 6.720101 2.001447 5.989350 2.782971 5.773416 6.371100 2.676552 1.704627 5.209795 5.438787 4.254443 3.244210 5.666125 
5.003098 6.388028 1.017888 0.139738 4.414822 5.321216 3.596453 5.954897 6.826447 2.686166 1.877672 5.668499 1.526982 2.982313 1.018246 7.104214 7.446911 6.750097 3.407239 5.889162 3.120188 2.275870 6.441582 6.608708 2.055722 0.369437 6.509881 4.668935 2.597161 
6.075000 5.696732 0.344068 0.080353 6.591796 7.278761 4.137218 3.419586 6.756602 1.180181 4.002435 6.817355 4.979441 3.861102 1.513690 7.116300 6.139080 6.772678 2.920056 6.411591 1.275006 1.767682 7.058291 6.500706 7.474485 1.296664 3.940958 6.724254 0.661623 0.343145 1.890987 6.404731 2.760718 0.099639 
4.924974 6.455500 4.399441 6.849730 4.845845 3.829377 2.754697 3.715641 4.342743 0.959516 0.350160 5.087489 5.364479 6.440446 1.025491 5.711328 5.426321 3.446523 3.360741 2.613373 4.723799 1.425620 1.833752 3.718352 6.585011 1.953926 5.022854 6.630000 4.057792 5.537075 
0.986652 6.981538 1.397685 6.569693 4.053589 2.562034 2.248152 3.224360 4.787093 0.508510 0.801947 7.292537 5.755446 5.402710 1.785177 6.951737 4.335480 7.471427 6.094888 4.698528 4.645146 5.287221 4.844080 5.545492 
1.619956 6.941634 0.027440 7.345375 1.075375 5.329677 0.578822 7.078391 2.559178 0.316737 1.422408 6.162113 5.032892 3.230923 0.862036 6.506843 6.648060 3.325841 0.547996 7.190520 5.190118 4.543570 
1.468788 4.150806 5.961621 6.341983 5.982634 0.994249 4.024613 0.483684 1.516274 3.605782 1.212417 6.281591 5.427042 4.879312 5.370149 2.581779 6.278364 3.089499 0.347224 2.917645 1.207649 1.742461 1.796107 3.909234 0.063553 
0.704918 4.446897 2.339210 5.724867 6.840225 0.855903 2.466853 3.487139 0.636967 1.932069 2.146521 3.290634 0.685966 3.623022 3.062143 2.959150 5.697741 2.449300 2.144202 0.512674 
2.150139 3.294057 0.132327 5.220851 5.454309 1.702048 3.845813 6.730560 0.199173 2.812027 3.605225 7.182708 1.265492 1.414237 2.007526 3.606287 5.602851 2.692258 
1.517351 4.841709 0.328753 4.801560 0.353666 7.002081 2.569045 3.226423 1.009333 2.829543 2.317355 2.247943 3.302708 1.066818 2.359385 7.479793 2.899322 1.971623 0.813554 
0.209634 5.161301 0.078335 5.296584 0.452026 5.179443 3.091207 1.519827 2.328093 0.434856 1.825383 6.348924 4.444051 0.393919 5.387015 5.164253 5.950999 1.259817 0.050653 1.462773 0.772603 1.841939 2.320768 5.875293 2.194311 2.928896 
1.173790 4.626675 0.135507 5.775233 3.768050 7.212044 3.268945 3.417939 1.960313 4.101994 2.306859 5.877537 4.096735 4.451924 2.021790 4.624710 5.982965 0.726139 5.432394 1.971390 0.666571 2.695350 6.772371 5.402725 5.490068 6.622646 6.676424 0.206848 0.619769 6.960260 
1.723856 7.037726 0.875801 7.289245 3.236566 2.156385 7.088401 5.308163 2.957028 6.333841 2.888899 1.349921 1.879159 6.717114 4.291521 4.241156 7.112840 0.477100 5.148402 2.090940 6.069530 2.602267 4.960868 7.376991 5.792218 0.601249 7.276825 0.377071 3.760322 7.307890 1.977809 
1.012407 7.139061 0.325373 3.180882 2.887550 0.116466 5.608439 6.371650 1.418500 5.825220 4.255313 3.035093 0.196303 5.191874 3.954071 6.416174 6.028418 6.289653 7.412758 3.252481 5.806394 2.951017 6.774227 3.186690 5.787207 
2.389534 6.720877 0.499884 0.625868 5.753383 0.801725 6.898031 5.090989 3.307779 2.855496 4.776758 3.339503 7.054966 4.735796 4.569662 6.990885 4.288710 1.149319 4.839701 4.818925 1.476877 6.598270 0.633435 
0.699379 4.537801 3.392671 0.124093 4.246134 3.539227 6.393658 4.947820 3.466791 3.854472 6.991319 1.543621 5.270520 3.877891 3.718934 5.802170 0.866873 2.324538 4.557465 3.149322 6.239905 7.346218 5.165271 5.262666 
4.242428 5.301587 6.688969 0.466529 6.006137 2.775582 7.312096 1.976472 3.275035 3.597490 2.954200 1.871210 5.853846 4.300258 3.188261 5.940322 5.326697 1.982794 5.335212 5.771460 7.477551 5.921251 6.674517 7.115346 3.998406 
6.965639 5.945983 3.969948 1.689586 5.134304 4.149835 7.289187 1.767818 3.201349 6.832971 5.333792 7.485868 6.000440 5.665662 4.221331 4.809883 4.933328 1.988164 4.382592 5.234067 5.132003 4.346379 1.572004 6.989896 6.782074 1.396821 6.075385 
6.399647 6.953749 6.656033 0.737541 3.103513 2.790179 6.745202 2.362978 1.680707 1.410382 0.049775 5.358490 3.884653 2.097769 0.824216 7.102894 7.456891 6.036266 6.359027 3.025042 6.489010 6.486668 0.068069 6.097399 
3.546438 4.525043 6.481002 2.382493 6.318194 7.245933 2.301800 4.317977 5.356864 0.343309 1.694556 4.961171 2.786116 3.429328 1.278097 5.408351 6.637450 6.571091 7.328602 0.342057 1.982083 4.003960 5.406663 
5.106317 6.572867 6.482770 4.030488 3.766377 5.946042 4.378971 5.301927 0.446870 1.077793 2.222604 3.145647 5.135991 1.534340 1.636348 
5.948043 2.750493 6.449940 3.344518 2.815750 5.558690 1.093925 3.566770 2.099914 4.942897 3.188652 3.312815 4.753878 4.803363 2.991269 6.530039 
3.203437 0.772725 6.260052 0.429110 2.914510 0.241066 0.888409 7.210345 0.669731 5.037803 6.884663 5.803551 6.517935 
0.645654 4.499630 0.394844 3.535284 3.314653 3.379546 0.274778 5.608103 1.887217 2.405361 3.741155 6.031254 3.388987 7.455041 4.259733 1.992369 5.370905 4.930641 5.645236 
1.293948 4.327045 6.461966 2.178669 4.468808 3.407155 1.289268 4.813182 2.197096 2.158589 1.940484 5.290580 2.230546 6.968175 2.796551 2.254339 7.429761 1.974118 1.529563 5.562144 1.424704 
6.606235 6.165627 6.364659 6.749740 0.299300 2.559657 1.248189 3.458261 0.121702 2.781613 1.213860 5.216074 4.705971 4.108772 3.405091 5.111511 5.328099 4.115519 
6.837076 3.481980 5.212965 2.117599 2.939941 7.182661 4.312625 3.007125 3.758619 3.057466 4.795302 3.233471 
4.153500 2.074140 2.875986 0.726503 5.213935 6.077331 5.287106 5.181308 5.973009 6.889146 7.056221 4.039699 5.125051 6.484495 2.437482 
2.992805 1.197525 2.976151 6.460142 0.100109 6.254756 6.185776 6.649218 7.467722 6.464105 6.464489 1.933354 6.989677 4.288186 0.510188 4.756850 4.682162 0.827183 3.678969 4.303656 6.035720 3.022408 3.221157 6.829658 6.455582 
0.966215 6.767595 2.173452 1.075540 0.072162 4.207792 5.399914 5.660573 0.705977 5.118591 7.100040 0.268472 3.956302 6.765450 0.770879 7.469335 5.516608 7.304889 2.401164 3.765528 5.573661 
0.319576 0.107970 1.908728 1.403506 4.041526 4.924627 0.837200 2.642273 0.818944 5.100127 0.163320 0.771537 7.124515 5.162581 2.404085 5.699284 2.790481 5.773789 4.577210 6.984380 
7.097280 0.057525 2.612251 3.659342 7.316181 3.486095 2.010030 3.672648 7.137056 6.263943 0.892709 6.556139 6.876014 6.499360 4.446088 
5.046659 5.442147 3.824095 1.129264 7.145179 1.783359 0.863038 2.577306 3.862311 1.207083 0.867663 0.160518 1.683735 1.932748 
4.949067 1.854867 5.502019 0.764773 2.852089 2.550732 1.776162 3.287979 2.465545 0.186027 0.662901 1.850021 
6.488490 4.335493 5.627400 0.264349 3.817888 2.734658 1.467496 5.150728 4.843880 1.140340 4.684825 
3.467499 5.461855 6.931853 1.703757 2.038596 4.250559 7.346588 
3.296687 3.496472 5.926236 0.201964 0.228800 
1.877840 3.211088 4.643465 0.658316 0.346001 4.356227 6.017765 0.848075 
3.210420 3.424536 7.346845 2.812304 5.128151 5.359014 0.112026 4.912540 1.353119 1.567186 5.840830 5.308119 4.017558 1.286387 1.284370 3.316885 1.667197 1.867520 5.189390 2.142919 2.741564 3.606792 
4.693501 2.165468 7.149818 1.943943 7.233650 5.242444 0.995067 3.511127 1.221080 5.417695 4.359347 4.946517 3.770348 1.395299 2.848920 2.982389 0.815346 4.468441 0.002844 2.333954 1.753776 5.256248 3.224862 
2.712495 1.732528 5.190359 2.223946 6.238107 0.611717 1.890510 5.752084 0.206364 3.298342 6.007628 6.641195 4.735269 2.715332 3.996498 1.840107 0.115111 3.151365 5.417350 0.119504 0.793188 4.007560 0.008044 1.236844 3.563286 2.026164 0.975979 
1.744199 2.765373 0.897184 2.614951 1.914838 3.249471 1.136428 6.536242 4.223713 6.238153 6.680702 1.902399 4.493660 3.271504 3.460495 2.093380 4.871821 2.601871 2.938103 3.290194 3.387955 7.255454 0.403088 
0.684809 2.027759 0.757150 1.857273 2.672618 1.397468 0.348487 6.133964 3.225075 4.494283 6.831409 2.933198 0.606926 6.376567 7.039467 2.435580 
2.080992 2.943856 1.035647 2.019422 3.655701 0.141283 1.699996 6.217280 7.397600 4.197320 7.360072 2.925615 0.868107 5.819406 5.006826 6.371420 2.675518 0.378743 5.715659 1.777125 3.580798 
0.305290 1.135969 5.839890 1.368628 0.884946 1.395385 1.762137 5.754742 3.123460 1.809142 3.392986 3.446543 6.359592 6.153135 4.075695 7.002061 3.050742 3.257202 0.442565 6.559383 1.140539 
0.188583 2.455828 0.829279 1.771838 0.366757 1.913109 0.502565 7.144511 3.406715 6.990797 4.465646 0.169680 6.180116 5.762168 4.830167 0.990507 5.360969 
1.366075 1.958683 5.649720 2.155603 2.299534 2.055215 3.417188 5.124679 4.526093 7.033342 3.346455 0.257474 6.906199 2.337485 5.569165 
2.435604 5.322804 4.752412 7.077924 2.792048 3.628060 0.259848 4.094262 4.312055 6.560515 2.052384 4.296536 3.369354 1.691999 3.749855 
0.156973 5.202165 6.071696 6.604415 4.472154 7.398120 3.269743 6.403519 4.933640 7.205923 0.603730 6.046476 3.097176 
1.173425 6.670390 6.663520 4.237311 5.968261 6.260461 6.507159 5.867126 3.535470 7.334339 3.055698 7.055726 1.158910 0.768922 0.859800 
1.713183 1.552387 2.042392 4.957110 6.054892 6.890747 4.257831 5.751395 4.837110 5.004379 3.819887 0.824736 2.462660 7.339774 
0.642954 1.214402 4.246434 4.593162 7.348698 7.250330 6.700040 1.792781 0.994265 0.317845 0.466061 2.990789 3.589082 5.719440 
2.134869 0.468641 6.607480 6.379783 5.143561 3.659977 4.147881 1.280354 2.651378 
2.507034 6.704922 5.729753 3.531612 2.268317 1.074122 5.246532 5.663191 7.466861 6.630850 
1.021424 6.395921 3.137738 6.043760 4.700694 6.000863 1.746414 
1.041186 5.880874 4.828001 1.644863 6.943801 3.647320 2.678701 3.308099 0.172703 0.170596 
4.062675 6.421185 6.122545 3.909970 3.320962 4.908747 2.380135 5.860736 0.882137 6.053944 2.736249 
3.326550 7.256810 5.229009 5.641725 1.692391 3.047300 6.532941 6.058185 6.626106 4.916402 
5.612447 2.326560 5.489886 1.042943 0.735445 4.951484 4.827865 4.962012 7.300467 5.503608 3.731425 2.415007 5.073179 1.000272 
7.120110 0.956960 5.582114 0.087328 3.308704 4.635021 4.621348 6.382940 2.594833 2.282841 0.293931 5.919700 2.899470 4.136905 2.819495 4.633087 
5.651605 0.043468 3.903037 4.693513 0.604997 0.457776 1.061653 6.182051 1.953573 3.640423 
6.938929 0.767401 6.650173 4.651165 0.384314 7.356408 1.532440 5.218460 0.194440 0.821562 0.319871 5.114189 0.127297 1.085446 
5.692383 0.881000 6.346369 3.065641 0.630132 0.851204 1.494078 4.577836 1.461540 0.470872 1.819093 6.158498 5.004044 
6.978417 4.083965 6.394285 4.740380 0.996459 0.120041 6.546249 6.629421 6.577531 2.508488 4.521903 0.596316 3.124692 3.588096 5.095405 4.037523 0.685870 
2.797500 6.884767 4.123412 4.219632 3.984292 4.492133 0.508287 3.441709 
1.278954 7.258821 0.830698 4.429379 0.540605 4.878764 0.784053 6.731814 3.658226 4.287955 0.057126 6.800944 0.393037 6.592583 
3.302353 3.223576 0.757275 4.884327 6.762220 5.171955 1.612475 1.039472 4.832607 2.174772 1.494038 1.089588 3.404016 7.362781 
2.454904 2.523667 0.852910 5.005356 6.443741 1.457624 7.261985 0.064877 5.091572 5.035843 4.989304 1.308003 3.220086 
1.860874 3.321581 2.106295 5.793582 4.541009 4.674496 5.108453 1.870759 4.816802 6.561016 4.863468 7.090928 4.678300 6.469979 3.573651 0.498971 1.670096 3.654056 2.935419 4.804442 5.723182 6.388111 4.915226 1.115395 1.691829 2.302749 1.125687 6.386988 
1.346448 5.502289 2.126395 3.408717 5.459888 6.404016 4.290927 2.438894 4.954167 6.205119 7.085394 0.604113 0.418527 5.190721 0.996473 1.463079 1.365243 3.207822 6.323329 0.477852 6.399389 6.617114 7.423897 0.453723 1.143265 2.305800 2.766769 
5.757012 5.748496 6.412894 1.537957 4.000806 6.273398 4.151312 3.754023 4.117948 0.249675 5.616506 0.175468 1.349870 3.849517 0.063557 6.872672 4.354411 3.845521 5.795933 3.450463 2.323277 4.602663 6.332345 0.263612 2.300691 1.739437 0.335746 2.251193 6.391525 6.130920 6.591592 4.274165 5.083900 
5.151766 4.363322 3.943362 1.342946 2.729324 5.441664 4.062627 7.487195 7.196081 6.732008 6.795626 0.901670 6.222872 4.467448 1.399403 5.955051 2.900731 2.866446 3.362129 3.585507 4.405759 1.805972 5.804469 2.145445 1.482125 1.606438 6.161030 6.464110 5.290065 1.505578 
6.520547 3.757893 6.464037 3.590844 1.711296 5.743501 6.632913 6.493621 5.196871 5.918228 7.126725 1.430096 7.205431 3.059023 0.086598 1.375224 5.233629 3.687060 1.970824 0.012368 5.636060 4.942980 1.646075 5.176066 1.155339 0.260280 5.674559 2.703757 3.343308 2.614496 1.682545 1.209351 5.837395 4.089887 6.703662 2.344892 
