 0.287723  1.396620
-0.169957  0.463029
 0.128512  0.883728
 0.117831  0.327639
 0.029632  0.282577
-0.192314  0.974394
-0.121586  0.430760
 0.323901  0.662263
 0.112718  0.276361
 0.097032  0.444576
 0.233727  0.228448
 0.264266  1.510842
 0.292636  0.443015
 0.175479  0.274441
 0.055924  1.434566
 0.327521  0.450004
 0.058594  0.330321
-0.110417  0.883002
 0.218728  0.203102
-0.132069  0.394778
 0.066823  0.289454
 0.291447  0.266416
-0.058437  0.593067
 0.169200  0.722051
 0.179635  0.481216
-0.066970  0.778022
 0.092989  0.654214
 0.361021  0.732854
 0.028509  0.676135
 0.017238  0.571756
-0.027743  0.219233
 0.493240  0.213868
 0.247025  0.365387
 0.304395  0.501359
 0.320763  0.267864
 0.178143  0.340189
 0.183026  0.723760
 0.063458  0.268021
-0.204876  0.921671
-0.211813  0.365092
 0.150412  0.624548
-0.569832  1.298878
-0.352705  0.830279
-0.017348  0.742512
 0.278473  0.211023
-0.008488  0.499598
 0.070703  0.512235
 0.101197  0.349445
 0.132005  0.650651
 0.027191  2.033517
 0.362004  0.773936
-0.057626  0.314832
-0.255728  0.490552
-0.514447  0.566517
 0.037800  0.474884
 0.204670  0.140993
 0.075438  0.189303
 0.304484  2.280594
 0.190043  0.265037
 0.088182  1.267798
 0.012904  0.274273
 0.071557  0.515439
 0.573898  1.067379
 0.404747  0.214547
 0.407192  0.287811
-0.299413  0.726815
-0.047155  0.393745
-0.011332  0.557008
 0.124727  0.434850
 0.176349  0.468378
 0.027314  0.297904
 0.448225  0.309543
 0.263004  0.829796
-0.063029  1.204014
-0.314124  0.573583
 0.422483  0.271933
 0.477822  1.172943
-0.028593  0.641692
 0.309790  0.672226
 0.353244  0.379568
 0.353892  0.387407
 0.074077  0.318537
-0.082321  0.206669
-0.101151  0.295626
 0.240949  0.511053
 0.227035  0.321599
 0.077402  0.292276
 0.083714  0.282597
-0.187563  1.526240
 0.060245  0.294109
 0.049746  0.347754
 0.231234  0.677768
-0.135577  0.539893
-0.256960  0.209691
 0.353953  0.528513
 0.282852  0.970064
 0.254446  0.553017
 0.288491  0.151886
 0.247780  0.616094
 0.072384  0.225941
