100.881170  21.851106   9.834267  21.720103  11.181301  11.845243   5.280005   6.466280  61.869843  38.138107 210.268075  13.156683  30.390907   7.908361 150.464949  22.182036
104.123533  21.987166   9.713823  17.500108  10.584828   8.910353   5.953240   6.152443  67.648929  42.979244 206.903555  19.719022  33.984436  10.223096 128.990648  20.909409
 81.841871  19.962138  10.871933  16.152033  11.309302   9.390863   6.255682   8.074459  64.823019  38.997264 199.004786  19.858184  28.664994  10.292013 149.614595  19.979329
 87.694361  21.410001   8.577706  16.252513   9.579073  10.082515   6.899290   5.813154  61.360572  35.611697 222.838125  16.814570  25.720528  11.245446 132.121392  19.629188
101.755058  22.350492   7.868412  15.649462  10.124890  11.909398   5.810348   5.925948  47.412452  32.602802 213.232686  13.430764  31.877611   8.723143 115.501634  19.964847
113.885178  22.108015   8.702458  18.080247  11.163634  12.592061   6.212813   7.728909  68.023782  43.581322 259.163266  19.187047  27.479275   9.323101 129.483098  20.736269
 91.123492  20.280061   8.684225  16.385050  11.568222  10.939079   5.516416   5.930970  59.588467  36.716476 166.754751  20.198998  42.632381   7.290190 122.484795  19.827292
 92.532215  26.639731   9.838673  19.628851  11.640662  11.118187   7.213290   7.632433  52.693441  42.402303 223.149563  14.547503  29.574482   8.596134 139.856884  17.652984
103.237288  19.183677   8.852002  16.952189  12.946692  12.483479   5.927503   7.106349  63.249454  34.142406 238.821010  15.531906  28.527600  10.666442 125.754798  22.553534
 95.664914  18.728201   8.123095  21.708113  11.030192  14.598180   5.955381   6.092810  53.786882  35.629091 201.640305  18.934028  26.121403  10.838641 122.204920  23.613474
 94.248335  20.689753   8.271056  17.368197  12.633045   8.702530   5.087968   8.013844  52.009074  38.225146 181.525314  17.375073  31.612144  10.284710 158.894605  22.109487
100.274500  19.481395   9.648129  15.708430  11.148904  13.468376   5.093183   7.248759  64.043868  31.423066 180.986984  13.558762  32.928187  11.203073 130.443871  17.731325
113.266151  19.397073   9.613014  16.106928  13.247244  10.993325   6.430283   8.146696  67.173579  37.027056 205.478306  15.801652  35.798834  12.690603 124.300129  24.888100
105.201743  21.198862  11.760865  20.162163   9.901784   9.824013   5.087813   7.270057  49.475949  31.549412 156.522583  17.074798  36.370617  11.782199 133.440067  16.460536
104.087765  18.823954   9.756968  19.556456  14.317602   9.864459   4.973062   5.731593  73.116562  37.821817 200.701616  17.953031  35.329206   9.706172 140.651318  18.351243
 84.592419  24.443045   9.169171  17.371674   9.617650  12.051769   5.579495   6.253111  49.065856  35.028524 183.553196  14.598575  28.615743   9.333159 173.195239  21.072462
101.097353  21.669586  11.104028  14.800750  12.408043  10.546140   5.189718   6.901314  48.619082  35.543216 179.981526  18.887537  30.244263   9.429565 101.872447  22.822708
101.273485  25.138263   9.325646  15.384746  13.717342  11.490796   5.461551   6.647262  58.951157  30.642895 220.803137  16.859226  27.669081  13.103236 117.121224  23.975304
 83.938796  19.773066  10.074354  14.891861  11.101682   9.320365   5.877680   5.960703  62.840064  29.065618 251.105257  14.627210  26.980863   9.384429 112.819731  19.177084
115.277255  22.653123   8.753263  15.191145  11.380264  11.340468   6.014315   5.233054  55.468175  39.452966 204.290295  16.041905  31.881340  11.433942 124.535638  21.223525
 82.812843  19.412137  10.017026  16.398966   9.659856   9.699696   5.418093   6.974655  53.802312  35.762327 220.641925  16.818902  27.956740   8.435110 123.644866  18.381288
121.328021  20.945818  12.321557  20.097562  12.790131  12.284511   6.695942   5.800574  62.146366  43.376206 224.366931  16.442650  30.926286  11.124177 168.909913  21.854968
 83.097200  17.416324   9.837615  15.534401   9.855501  11.545731   5.827453   9.470112  55.229175  34.268026 178.873526  13.933651  30.202710  12.960335 113.787731  19.254003
119.982294  17.662320   8.689760  13.757354   9.708120   9.443202   5.064297   5.698241  50.668598  33.069370 207.574582  17.270663  32.514903   7.822590 136.515542  24.389846
 81.522237  19.590641   8.207670  18.727681  12.082688  11.080319   5.210348   6.899789  45.168222  36.733486 208.176689  14.870359  25.190652   9.326862 137.023253  16.675438
 94.407821  22.864909  10.393870  14.222057  10.700562  10.580437   8.167833   8.125248  49.054173  36.351568 203.124549  19.557957  38.879840   9.945987 138.427888  26.557694
105.255249  24.118207   8.807154  19.107862  12.105417  12.442362   6.998286   5.589055  46.250899  37.422742 247.722311  17.510668  46.645876  10.377859 156.918702  17.637967
 84.695106  21.103894   9.189291  21.091563   9.569178  11.136719   7.090839   5.928219  62.404333  44.445028 266.114224  19.456523  30.353725   7.779026 193.995915  23.173922
111.476190  23.514120   9.480421  15.306319  10.418476   9.187714   5.855319   6.661529  56.646990  29.005843 212.089136  15.959045  27.420306  10.038360 169.792400  19.365163
 96.653549  20.597037   8.281117  14.364932   9.737629   9.693818   5.618262   8.015538  49.962036  31.980250 179.926125  14.545731  26.633179  10.270076 132.910866  20.957771
 74.987967  20.520447   9.311386  14.272245  12.166028  12.094198   5.366244   5.959467  50.922201  34.734219 190.283419  15.732771  26.820581  11.562832 159.805679  19.458158
 98.719175  24.757763  10.600264  19.017981  10.719301  11.940731   5.631713   5.373651  53.761223  40.529062 186.421262  16.391148  35.164661  10.174955 162.414580  21.374973
 91.245017  19.384059  11.653777  17.309672  12.828065  13.262559   6.786485   5.822946  58.769104  46.911470 218.646825  20.811178  27.815534   8.575275 149.394259  17.512048
 83.940140  21.570446  13.602282  16.427787  12.876976  14.766538   5.780290   6.918293  58.313015  38.400012 211.808012  16.818358  29.221630   9.503479 151.100994  21.689923
 75.844978  21.687849   8.954185  20.260599  12.928672  11.453219   5.500119   6.824141  51.542628  36.616631 197.966295  18.564528  36.229068   9.687396 121.159841  19.836721
100.820399  24.698608  10.785630  18.425551  12.878166  10.863558   6.092706   5.945185  63.509245  55.412169 220.882823  19.746097  40.454301   9.292481 154.202350  26.960692
104.823841  26.622129  11.732103  15.472226  12.395449   8.771858   5.975481   5.619389  74.464726  35.750161 226.837036  17.486929  32.955439   8.884956 125.903045  22.793979
 80.505814  21.496421   7.452855  18.561994   9.412835  11.146030   5.722849   6.992852  41.632346  24.591115 181.868408  16.005928  31.438136   9.690932 145.846986  17.434873
102.232938  19.869641  10.719904  15.365271  10.857580  10.461601   4.012870   4.955526  56.028928  35.721036 185.789223  15.006594  35.546881  10.766700 147.917531  24.417530
 86.201438  25.007560   7.738609  22.280122  16.335932  10.809191   5.226219   6.332194  63.548592  33.314918 194.066120  14.875302  32.736326   8.713715 114.955279  19.502158
104.165573  29.063669   9.708383  17.821379  12.316897  11.738410   5.813511   6.921612  64.140035  40.305265 192.670819  15.050658  37.089208   8.195921 143.077105  19.525064
128.439418  24.164435   8.097605  18.855872  10.231225  14.597277   5.564909   7.258177  69.007278  40.837729 252.493381  19.251830  39.105721  10.870771 147.603048  20.212342
 83.959450  25.520318   9.346302  18.690753   9.673822  10.192387   4.990929   5.866733  56.756836  31.174664 189.326609  13.224206  26.652861   8.316668  99.123370  18.758174
 85.665418  22.251238   8.999002  14.857283  11.643425  11.823235   5.313979   6.378350  49.217616  38.538580 181.590173  14.683514  27.189475   9.947916 141.306338  18.508884
103.359075  20.545095  10.406155  20.525266  10.400270   8.987094   6.811173   6.467944  54.132317  43.461531 210.531342  15.555005  31.191935  10.440080 133.045400  22.536899
104.414518  20.119378   9.532506  13.827024  10.572612  10.807927   5.449811   5.447241  43.456238  35.644097 210.118666  17.406662  25.987653  10.100548 146.606686  20.721807
 93.944870  22.998711   9.997710  15.468279  10.515341  12.129240   6.793670   6.018031  58.418615  41.120648 211.016015  18.525839  30.742919  10.365330 123.458765  19.795096
104.080104  19.826375   9.789727  16.039041  10.707495   9.021166   5.218494   4.850293  49.755115  28.547679 195.314792  14.993557  28.157026   8.930561 127.117721  22.404681
 75.859541  23.010496   8.709185  15.383251  12.859775   9.616897   6.040335   5.759130  59.404732  33.371327 225.167133  15.068670  28.792584   8.507540 135.565134  16.802310
 91.582552  24.135198  11.165594  13.769774  10.625962   9.049827   4.762961   6.380515  49.051637  32.704358 183.124937  14.923785  30.958282   8.671605 126.040785  18.664656
105.052452  20.432110   9.965871  15.475489   9.496016  12.688689   6.814011   6.292207  54.153265  40.534157 178.720537  16.780242  34.929542   9.235081 115.675966  20.159779
 91.794347  21.873049  10.355366  17.186912  13.157510  10.628182   7.208356   7.237846  46.053911  39.116799 163.896382  15.033327  35.394788   9.385909 127.321325  18.075524
 78.360442  21.624927  10.329697  17.742011   9.721287   8.248689   4.991834   7.504492  54.849218  34.607911 175.251217  14.575846  24.947765  12.060995 139.532957  19.964777
 89.242765  17.868078   8.362011  16.460972   9.045573  12.086493   4.529135   6.592936  53.302157  32.215867 168.830314  15.674533  27.272738   8.380995 143.461273  17.531659
 96.259729  20.983204   8.630156  18.017443  12.288402  10.607495   6.682522   5.505253  66.340010  38.439539 234.364178  15.743578  26.672564  10.890001 138.602991  17.165318
119.990760  29.478533  10.975562  18.765264  11.629698  11.278072   5.560735   5.912219  54.095787  31.349153 214.840735  14.056562  34.874538   9.234754 164.996981  20.027477
 78.943104  24.602882   9.031832  19.932409   9.773607  11.896193   5.717932   5.226716  49.960251  35.522169 182.137811  15.948163  36.395599   9.130606 141.234705  18.457255
103.565271  30.519949  10.470758  17.378853  11.210652  11.952954   5.521457   6.909454  67.081002  33.157306 214.685303  19.614951  42.259621  11.310532 144.054257  23.310990
 83.677407  22.437830  10.131452  14.384352   9.836393   9.985123   5.722544   5.914038  36.658860  34.293517 222.568021  16.086908  26.843650   8.529765 124.343373  16.561586
 81.311327  21.149700   6.956949  15.593131  11.502407  10.189486   5.652726   5.767829  53.082458  30.125634 185.210106  14.643677  29.525248   9.485168 130.423809  15.250022
 97.345253  22.412915   9.489838  18.416506  11.439606  10.345800   5.064393   5.426300  50.637788  41.068458 184.466110  18.787812  35.351023   8.052696 129.156945  18.835916
 81.319609  19.532981  11.117139  17.933303  12.827857  10.467311   7.188713   6.697463  60.974152  52.816325 243.035752  13.971759  39.687586   9.817095 138.087740  24.504963
120.698154  27.769413  10.041903  20.046333  15.615537  11.019989   6.960855   7.359017  63.029993  41.726311 234.237286  21.059012  35.771028  11.926009 183.877364  19.050647
 91.282217  22.045663  10.925352  19.212519  11.455168  13.510149   5.520123   7.049652  62.745797  37.868832 203.959434  14.727140  39.069127  11.150741 156.365205  19.093475
103.592027  29.558438   9.668716  22.270764  10.329775  11.872195   6.345273   7.042989  58.789702  33.380131 244.739517  14.767973  29.896436  11.456803 119.124621  18.813067
125.710534  20.862486  11.070581  15.708282  10.747409  11.168093   5.814969   6.259346  57.926205  38.609507 174.733664  15.535818  29.758499   9.541617 124.746918  19.023752
 85.882023  17.332168   8.599194  15.950459  10.667052  11.708536   6.671620   6.440823  49.671745  35.571618 197.752554  17.554463  35.991305   9.223127 135.743089  20.610749
 86.317716  19.230488   8.087191  20.449575  11.471855  10.185615   5.386080   6.001961  55.294197  28.229256 197.982054  14.239496  28.205446   8.277979 120.617274  17.935501
 87.384812  20.776890   9.002507  19.285450   9.068546  12.000116   6.614347   6.722268  57.468860  32.790094 208.504652  15.943264  24.698239   8.518055  99.729083  18.702899
118.680746  24.092771  10.221518  18.603177  12.093395  12.242651   6.039243   5.696951  65.739867  35.122068 202.902752  15.848506  29.777250  11.400520 142.690407  21.993892
 99.090942  24.450112  11.296246  18.260855  11.271887   9.719920   5.996871   4.233258  58.921839  44.302692 190.911943  17.140714  29.163772   8.510092 115.643442  19.243860
 88.817307  24.992510  10.066340  16.176753  10.750738   8.915767   5.994174   7.558600  53.237504  41.431132 239.034391  15.642568  36.778484   9.350222 127.025507  19.377099
 82.428629  18.725834   8.821700  17.232848  11.363539   8.547327   7.259122   6.746884  60.068919  33.733191 213.241085  20.077130  34.920141   8.336311 137.318826  21.466409
 94.810891  21.971450  11.783868  17.182306  14.046085  12.699924   8.368305   7.582665  74.017224  44.682841 319.999827  20.134619  26.318496   9.860075 129.546201  19.524804
 90.037727  23.845918   8.830822  16.349633  10.246718   9.954114   6.031035   5.935712  57.190218  35.908464 160.875444  15.999507  24.182274  10.477386 132.252599  18.735785
 86.629724  24.837439  10.801089  18.510466  10.652400  13.024155   4.946857   5.301516  61.669410  36.400107 170.006831  19.609872  28.113015   9.528324 140.559821  18.493607
 87.398434  19.351605   9.330715  15.556757  10.363175  10.014240   5.229722   5.438244  48.098730  36.107710 231.543539  17.094470  33.347421   9.541608 112.498709  19.828965
 86.348998  19.103571  12.951976  17.520298  10.785034  11.081268   7.489951   5.017838  56.523807  34.579921 188.292275  16.454248  32.090564   9.092127 114.691554  19.887262
 86.199928  23.065080  10.326039  16.134322  11.849732  10.816310   5.845067   6.085179  51.622288  38.778160 218.025212  17.702064  26.225888  10.778425 140.213009  18.130135
 88.429356  29.848672   7.695114  17.616105  10.317539  10.516224   6.371747   8.406263  49.110026  48.617370 170.807639  13.655628  30.629135  11.436820 141.478276  19.564027
 84.478838  21.958004  11.967741  16.125690  10.767590   9.128427   5.038683   5.670049  71.217406  37.148022 247.876441  18.225967  36.024171   9.876196 114.087311  17.355657
105.666929  22.423705  11.256310  16.069509  10.125426  11.064015   6.235807   5.907457  45.483956  30.762703 232.694950  15.701755  34.402350   7.537443 138.247165  17.703585
 76.981951  16.581672   7.622177  16.604047   8.838059   9.637780   4.234858   4.716286  35.921900  27.763793 233.221335  13.661993  29.155407   6.657705 115.183918  14.969703
 72.807123  18.473547   9.232006  17.933887  10.733536  11.504809   4.556150   5.436112  50.024045  27.118149 186.374819  17.816575  30.251401   7.904431  94.547228  17.476450
 82.404671  20.378959   9.058072  16.732790  11.967767   8.577812   5.031176   6.255689  59.088003  30.980499 217.846658  19.392789  28.644237   8.414005 114.821396  22.970293
101.004486  19.262544   8.981266  14.904144  12.052381  10.778380   5.625224   6.546898  64.223884  36.548286 189.055559  16.485318  32.265360   9.443204 129.339262  22.624293
 97.920812  17.063870  10.681836  17.684746  11.791379  12.862630   5.274247   6.800583  65.514163  43.710945 258.364537  14.524740  42.050176  10.394157 147.441059  17.070871
 91.337527  24.557459  10.667271  19.709501   9.150878   8.801085   5.135276   5.970543  46.674156  41.272928 217.433007  15.972155  30.631967   7.649360 130.353352  19.985150
 89.013309  19.595026   7.745883  15.970290  10.361255  10.286860   5.256826   5.237587  56.219675  37.773131 166.583356  14.483941  27.990322   9.107639 118.439795  17.120588
108.041632  23.277659  10.750725  19.187236  10.945472   9.362383   6.922277   5.096582  61.608482  36.050218 217.334733  19.706405  29.976641   9.255144 149.251607  24.550688
 90.948794  23.288868   9.147841  15.596413  12.624386  10.517622   5.479658   5.479128  50.800756  40.086363 192.928143  13.791129  28.581894   9.523661 119.059617  27.035807
 98.039129  20.457196   7.619789  20.232558  13.361462  10.727305   6.095071   6.605341  65.523399  45.186142 196.668996  24.616631  31.323991   9.388633 142.751777  21.877067
 69.036028  17.387911   9.316335  19.433317  14.159069   9.071606   6.949875   7.302904  52.120070  35.641246 182.133165  15.280461  28.985912   9.061957 129.870405  18.806085
114.169579  16.633534   9.201116  15.172505  11.822165  12.389767   5.887405   5.232446  50.094751  31.819294 193.227115  16.658140  32.783655   7.931482 119.717976  15.823451
 95.815847  18.575280  10.571677  15.663076  10.151114  15.475851   5.344513   7.681988  62.965062  38.801998 195.585256  16.846199  32.498556  10.239134 165.629558  18.509973
106.394076  28.388173   9.224355  17.314125  12.466503  12.015357   5.693392   6.523819  63.038413  36.429656 181.038545  15.976054  36.165117   9.750649 158.565275  21.882860
 78.845172  22.626183  11.420473  19.576063  11.971610  12.188350   5.055198   6.325731  50.067480  43.362742 269.168756  17.210184  32.515237   9.842359 153.841481  20.517082
 81.122526  15.989256   8.221835  14.899906  11.295136   7.999112   4.577568   5.070213  47.018489  32.976101 170.746967  14.258900  27.946988   7.070965 116.417320  14.105855
 98.241957  19.285787   8.879243  16.251995  12.226011   9.910791   6.441852   7.068526  58.260644  42.217125 266.391933  16.672741  28.344939   9.559551 132.452268  16.620188
110.956405  22.721523   9.530643  16.262672   9.401861  11.342692   6.895932   6.214203  67.180624  38.936336 205.801636  14.458474  32.218714   8.181069 116.302920  17.236751
