0.808084 1.569019 4.883914 1.204140 1.367608 2.483221 2.428289 3.540687 3.929676 3.527212 3.852390 1.917362 3.976274 2.970205 
0.694917 1.834725 4.142480 1.719466 5.043561 1.169302 2.595477 2.723002 0.933767 0.744634 2.397044 
4.592519 3.580895 2.376826 2.542941 2.726121 4.333057 3.166634 4.132320 2.223244 
2.803684 4.471411 3.462465 3.517531 1.938557 2.602546 2.767776 3.521744 
3.548608 3.920539 3.752165 4.605132 3.574174 5.177754 4.672761 
3.792287 3.759584 3.738140 1.359987 4.873959 1.159749 1.386214 2.484486 
1.737226 1.185987 5.060999 1.521327 4.943912 2.232471 3.091496 3.266164 1.358660 4.722511 4.231731 0.696391 4.143611 4.843437 4.859553 
1.256128 4.065969 3.345624 3.706400 1.209926 1.254048 4.750506 0.217131 3.758414 0.324806 4.691315 5.110377 2.411351 2.937663 
2.073025 4.695445 2.678032 4.587139 4.795058 5.166286 2.282862 3.071074 3.521724 2.419270 4.974896 5.142187 2.103574 2.019365 
3.502016 3.943446 1.354037 4.831299 4.917739 4.972339 3.835117 2.302581 2.652189 0.849540 1.701813 5.036131 1.336356 3.504886 3.292675 4.879476 2.722246 3.975181 4.931539 
4.595716 2.969516 4.302460 1.856974 4.487789 2.972885 1.294693 2.256675 4.737561 0.603538 2.422656 3.672805 
4.932457 4.150152 1.523025 3.652349 1.093719 1.187690 2.377342 4.907347 1.716952 1.430348 0.467934 
5.037628 2.510129 1.674936 3.654523 1.874264 1.825417 2.176854 1.737906 4.177523 
3.005407 1.063954 0.721671 4.296946 3.306621 4.048258 2.406771 3.005459 
4.164217 0.673025 2.359440 3.813371 2.545239 4.970494 3.038827 1.174610 2.235583 3.505005 
0.448409 1.130601 3.520476 4.456931 3.284278 5.194784 5.185504 1.271495 3.399283 2.033886 2.307826 3.559313 
4.228632 0.325074 2.381697 2.728088 2.738596 0.098809 4.004510 2.681549 
2.025759 0.279220 4.103698 0.497048 3.538030 0.819471 4.340047 4.169311 2.388423 1.155690 1.426168 5.135143 1.960093 0.046898 2.279824 
2.481261 4.464552 3.423834 2.237264 2.660529 0.432641 4.569633 2.750421 1.910790 4.665996 4.180789 4.270607 4.149685 0.568554 4.352907 3.488320 3.026494 2.690339 2.160781 
3.396885 3.997143 2.316020 0.262621 0.503893 2.080100 1.698910 0.903364 2.339273 5.007304 4.851920 4.507911 3.449505 1.069899 3.799371 2.810427 2.751547 5.008374 4.636965 
2.162518 2.211753 4.924430 2.033884 1.298961 2.980180 3.493602 1.753190 1.943163 0.893693 3.330392 4.358204 4.598508 3.391500 4.209598 1.725257 1.697472 2.125031 1.359681 4.332341 2.827447 1.355543 4.139642 4.953148 
2.462906 1.923442 3.461773 2.559010 0.727066 1.250127 2.583026 3.576696 3.709870 1.543370 1.844183 0.333935 3.989513 1.383805 0.511039 1.898651 4.567779 1.679661 1.299694 4.685607 
4.542377 0.227855 0.162454 0.353231 1.622877 1.722251 2.396989 1.498305 4.032085 1.323286 0.522108 1.000667 4.469635 4.314179 1.203430 0.781972 4.105251 0.388967 1.381384 4.132102 2.999672 1.505908 1.315338 
5.076435 0.570805 3.216492 0.786103 0.811600 2.250787 2.475656 0.819821 2.824883 0.704608 0.929244 4.386323 4.457960 5.046489 0.039446 0.994525 3.560719 0.920688 3.331077 1.397185 2.499076 4.795994 0.676017 3.055883 3.856389 0.282370 0.502844 4.431020 4.811435 0.505170 3.858031 
4.902383 0.095620 0.693844 1.039708 1.042493 1.692916 1.332338 4.502894 3.769078 3.174898 5.092753 2.878109 4.412315 4.711299 0.438511 0.660034 2.498391 2.505021 3.219780 1.007851 3.963006 5.051544 0.020409 1.869897 0.807687 1.633854 2.783323 0.719031 
1.166498 0.017566 2.549175 3.096174 1.775348 1.115492 1.299871 3.536195 2.854155 2.151325 4.399301 0.947054 4.356635 1.205681 0.311558 4.828923 1.051377 3.223933 2.629193 1.350573 2.782754 4.763488 2.220092 0.938259 0.724949 4.304020 1.917789 1.367798 1.184544 1.203445 3.467748 2.903449 3.332853 2.082589 1.802704 0.940085 4.524540 
0.140450 1.015738 4.216591 1.396647 1.757801 2.244611 1.469670 4.663517 3.233169 2.582982 4.990595 2.057709 4.210990 4.192907 0.162183 2.154759 1.535624 1.346753 2.156797 2.362503 1.527588 4.076955 1.668118 1.154502 1.405975 3.869632 2.916366 3.875482 0.552942 1.974390 1.516676 1.605478 1.214947 2.838161 4.491691 0.651473 3.162348 1.785100 0.724767 
0.620907 3.600836 5.172956 0.449752 2.611813 3.830466 2.653942 2.831182 3.468929 3.422207 4.628483 0.447104 2.815066 3.406859 3.095211 0.248665 1.549128 1.866357 4.759541 0.759043 2.391282 4.902611 1.590567 3.908715 2.487816 4.764800 1.903627 3.224523 0.920982 2.088802 1.904759 0.189234 0.362236 3.531911 4.686054 0.562175 1.527697 4.806708 2.751289 1.190763 4.896896 2.525151 4.509162 1.018187 3.611579 
4.991795 0.283570 4.236138 2.519923 4.248596 4.256964 2.120626 1.024428 1.695474 0.838012 0.053902 1.310700 5.028683 1.708523 2.794668 3.942303 4.614511 2.690136 2.632581 0.894940 1.781044 2.443445 3.367430 3.117925 3.056651 4.339648 5.094367 1.344906 3.739616 
3.794830 1.036363 3.194771 4.714978 2.641135 2.151081 4.291837 0.782523 0.243514 1.621557 1.196918 1.080323 3.968229 2.314719 0.328828 3.898737 3.865803 3.126831 2.485521 0.581592 3.444755 1.908480 3.294983 0.447559 2.896194 4.491351 3.272133 0.883323 2.215570 2.864996 1.883381 4.148676 3.367682 5.062007 
3.910307 0.710702 2.511306 3.454488 3.145200 1.565053 4.689796 4.743610 2.560569 0.798654 4.344065 1.093097 4.725100 2.479807 0.117179 0.794177 3.170356 4.653313 2.756335 0.021534 2.486404 0.169923 0.971348 0.467780 3.207444 4.270886 1.636089 2.677002 0.002569 2.082881 
0.936608 1.666451 2.994693 3.594446 0.726669 0.354300 1.096634 3.578153 2.167338 0.508662 5.027675 3.712451 4.478139 0.830585 4.003222 2.584759 4.420266 2.567105 0.225874 3.859740 0.613370 3.656412 0.570300 2.162054 
1.346153 0.332104 3.451778 4.214454 4.072208 0.292702 4.852443 2.431789 3.976484 5.046356 4.635035 0.395866 3.888452 0.147150 2.192911 3.705299 4.553464 3.331741 2.207400 3.510966 4.437178 1.764337 
0.794038 1.191377 1.965019 4.340290 2.566448 3.936019 5.155563 4.393848 1.476711 1.885580 3.115465 2.866326 3.164343 1.804151 0.728510 0.377619 4.629324 1.953627 4.214232 4.325008 2.910503 4.096002 3.565679 0.788758 2.082350 
0.314248 2.081069 4.276927 3.140429 0.094717 3.950797 2.192124 0.127774 1.953242 4.783945 3.215116 4.530891 2.326222 2.318730 3.144195 0.289852 0.066227 0.804912 2.348767 2.051649 
1.657140 1.262418 0.048347 3.706832 1.743171 3.726024 3.616758 1.556319 2.182252 4.339382 1.541426 0.591053 0.860061 0.185337 1.458085 3.243057 1.377570 3.277927 
1.983274 2.245211 0.424666 5.088779 3.375646 3.245788 0.224669 1.570799 3.650990 4.706872 4.480282 3.738474 1.387698 0.102116 3.555127 4.164120 2.875024 1.694279 4.019119 
2.277568 3.474991 0.341989 1.772173 1.671775 4.236022 2.890394 0.748210 5.140582 4.038464 3.817135 2.488169 1.182940 4.261881 2.143753 4.947635 4.047159 2.940336 3.834010 1.837600 0.988457 3.460959 2.694601 2.443685 3.812566 4.329331 
2.410007 1.159719 1.017842 1.805290 4.299841 0.673788 2.897768 1.864111 5.093245 1.844541 4.876576 3.904472 1.590543 4.280639 4.692467 4.473515 2.102497 2.800927 1.730201 2.319414 4.402884 4.112463 1.314471 1.678442 2.597634 1.325444 0.261180 0.652428 2.807926 1.937503 
4.788828 0.218820 5.143818 1.387611 2.646685 1.405292 0.357077 2.914235 4.342423 1.880128 4.198114 3.679049 0.853106 3.202964 1.515893 4.402797 3.226099 0.753431 0.563425 3.055572 2.041921 2.535886 2.148816 1.451396 2.873704 3.120911 2.248567 0.431902 4.478133 2.631330 4.619233 
4.208693 1.559755 5.058208 1.270956 3.198400 2.127008 1.033270 3.722105 1.228151 3.177357 4.870335 1.112139 2.338677 1.441143 1.604846 2.742496 3.970864 2.390129 0.350483 1.063325 2.460796 1.528413 4.789495 4.109027 2.678594 
3.208375 1.027017 4.195657 3.754368 1.321619 2.508719 2.841162 3.613716 0.474618 3.976090 4.711055 4.312966 3.725393 1.669123 4.062814 2.244473 1.092913 4.770647 0.265468 2.777263 3.775444 2.360010 4.525354 
3.996338 1.959657 3.417010 3.465390 2.049198 4.537437 2.760676 3.748585 0.840528 0.575924 4.710031 3.833554 4.745407 2.814578 4.028477 2.913827 3.507400 3.405177 2.305248 3.209464 3.643217 4.225502 2.630691 3.529606 
2.268944 1.255687 2.676349 1.779769 3.274053 2.962234 3.916875 1.485408 1.531044 1.908433 3.877127 2.617871 4.903017 1.127404 3.625681 3.428167 4.127796 3.641927 3.404136 3.686060 2.429590 4.619992 0.677273 3.828469 4.203407 
2.008983 0.312124 3.388253 0.246045 3.475347 2.100035 4.250596 2.015846 4.744293 3.978434 3.711966 1.125433 3.919712 1.632467 3.785381 1.994215 0.226655 5.076459 4.353646 4.384472 0.448172 3.447372 2.590380 3.564147 2.238201 3.756851 1.191788 
2.069602 1.027693 2.404323 0.432163 0.347141 4.613636 4.428888 2.791805 2.934049 1.762795 2.310000 1.195472 4.250001 2.051146 4.184665 2.512149 1.316675 4.066851 2.198077 4.564008 1.276827 4.992297 1.101997 3.257764 
5.022062 5.107663 3.076293 2.984041 3.696230 2.467940 2.163344 1.698505 1.297084 3.989044 2.408773 2.956977 4.487518 2.285536 1.855302 3.792028 3.258947 4.057694 2.054376 4.969277 4.056963 3.833705 1.530920 
4.243399 3.624427 4.139602 1.996565 0.074629 2.004547 2.872863 0.719742 2.802711 4.144307 3.643238 4.184643 3.269405 4.689198 2.760756 
5.147247 5.043390 4.787441 1.998863 0.226424 3.875507 4.143209 4.638540 2.747777 0.668370 0.900649 4.950067 4.970244 4.298584 4.805529 1.146589 
0.245174 4.546915 3.659634 4.818311 2.825613 4.106502 2.336298 0.503644 0.632248 4.387393 0.505797 0.856652 3.883082 
2.963733 0.390693 4.667266 3.325356 2.492890 1.376764 2.915879 3.484692 3.348411 3.975696 4.953605 1.559399 5.028463 2.072679 1.638149 2.951988 0.729507 3.962226 2.393477 
4.079621 2.158686 3.194140 4.411326 1.793809 1.314216 2.477990 2.515375 1.549614 4.513993 1.611287 0.771920 4.555862 1.734239 1.072774 2.937473 0.541623 3.951672 3.882524 0.685863 4.595637 
1.264438 3.763996 3.169887 3.570880 3.717281 0.847380 1.247104 4.544455 4.974223 2.873164 1.894775 0.410381 2.325263 2.145558 2.786619 1.610649 1.695861 3.449541 
1.606411 0.057233 3.886147 0.837833 0.267220 3.132057 2.124467 0.756162 0.376877 1.075192 4.272617 4.770329 
1.669618 3.555681 0.743913 2.802773 0.351518 3.054007 3.024244 0.810052 3.590288 3.503262 1.890673 1.081969 0.833211 0.061965 2.950231 
1.530355 4.411256 0.981158 4.094856 4.048669 2.480620 0.241010 1.768373 1.992946 3.913663 2.403983 1.039699 0.706300 0.739343 3.965095 2.768547 1.670606 4.105937 2.813030 1.417426 4.130439 2.131221 2.580869 4.275521 2.011286 
1.847668 0.970971 0.338464 0.157999 5.115443 1.109414 5.075573 0.806723 1.553199 2.362442 0.791987 1.930427 2.063327 3.529046 4.951878 3.599559 4.184063 0.901840 4.001133 3.412558 1.971932 
2.608613 4.825846 0.873693 1.246693 0.432823 1.741841 2.655248 4.565113 1.784101 0.748197 0.020358 3.826050 0.941832 1.194613 0.416688 3.041767 0.240806 0.938413 0.931810 1.716934 
1.023472 4.762694 1.749745 0.081374 0.320657 1.101197 3.024830 3.743354 3.609336 4.134848 1.745473 1.513742 1.121102 0.842608 1.177331 
0.845692 0.330894 1.712721 2.290103 1.050123 2.342512 2.890870 4.841661 1.287388 5.155496 5.178393 2.311762 2.212235 2.511677 
1.341350 0.820333 1.349943 2.472586 0.079925 0.624479 2.455607 2.412222 3.856761 5.110704 4.320648 3.816088 
4.348352 0.236782 2.689791 3.620025 1.445968 4.740018 0.952014 0.944157 2.021078 5.085375 3.476194 
4.933192 4.688127 3.565132 1.807984 4.918336 2.092387 3.455366 
4.107175 3.824325 3.868814 2.836556 1.614605 
1.582078 2.765351 4.986763 4.342119 3.493252 4.476878 4.491426 0.907628 
2.302063 3.308819 0.496780 1.620627 1.763178 4.104662 0.578090 0.774823 1.058226 2.640989 0.509960 1.810861 5.088012 1.209644 5.121628 3.413857 4.962944 0.107362 0.548314 0.857776 3.364443 2.761327 
2.449346 4.995818 1.649523 0.270513 2.549504 4.880147 4.421861 0.828803 0.170120 0.172338 0.925873 2.080191 4.733693 2.510589 3.442376 5.155461 1.127802 1.066754 4.688781 3.175344 1.633673 3.301706 1.652443 
4.309971 4.179105 0.445096 0.025179 1.857988 4.769499 2.493508 3.261336 0.565527 1.092294 1.427406 3.414652 4.802904 2.185716 1.880186 4.793257 3.152739 5.190982 0.548057 4.531171 4.143475 4.679547 1.351390 3.475548 0.453103 4.144517 1.413028 
0.757612 5.012454 0.335465 0.886001 2.837280 4.035143 0.729675 2.615681 0.073188 0.424776 1.223627 3.700201 4.401700 3.947028 3.553965 3.130303 3.277300 2.275396 2.440993 3.214715 4.546472 4.809514 2.603092 
1.291107 4.388228 0.621562 1.004916 2.728320 4.598119 3.972022 2.624675 1.305248 1.793155 0.691562 2.679983 5.089784 4.186064 1.757848 4.684921 
0.531243 3.580414 0.372757 1.567205 2.777227 1.618784 5.130450 1.622991 0.510269 2.836849 2.933512 0.283604 4.695736 3.467409 1.287998 0.318195 3.366181 3.164339 2.379065 2.786892 4.377427 
0.651809 2.787618 2.637327 3.316587 3.052601 2.038411 3.742396 4.547523 0.876653 4.591086 1.214842 0.239306 1.241338 2.727565 1.938283 1.984997 0.696147 5.159586 0.539518 2.141997 3.103988 
0.952726 4.650455 3.741303 2.710455 3.548309 1.184384 3.291775 4.429950 0.256473 2.556014 2.542281 0.411305 4.708125 4.798701 0.591658 3.193444 0.594262 
1.331236 4.402820 4.990652 0.357213 0.117583 1.358122 0.195549 0.274512 0.375141 0.987472 0.895514 0.936989 3.424425 1.116031 0.005438 
0.266094 1.168949 3.692504 2.193533 0.712710 1.662050 2.278325 0.167017 0.048307 0.557529 1.735282 1.654545 4.007510 1.920644 0.077940 
0.497632 0.860731 1.051722 3.152770 2.147732 3.269657 2.234049 3.226434 3.421459 2.254684 0.845690 4.007574 1.303208 
0.702234 0.362995 0.419380 0.004916 0.827846 1.122524 1.290659 2.394382 1.954908 3.922300 0.789774 4.912675 1.169451 1.383808 4.197313 
1.100515 1.659681 3.383814 1.570280 0.312313 1.912489 3.779570 5.068863 3.600464 1.628819 3.490140 2.891700 4.574010 5.026572 
0.428986 0.870012 4.581826 1.442328 1.193953 2.247813 3.458036 4.219943 4.428693 4.347336 4.880332 3.491603 3.126046 0.425874 
0.675859 1.041721 4.399100 0.965198 4.941618 3.774541 0.216032 2.175019 2.820522 
2.026385 5.130260 3.130798 1.386531 0.463344 3.010660 2.312345 0.634739 4.940209 1.459275 
1.672841 5.076132 3.616651 4.686053 0.685909 2.752999 2.210426 
4.343680 3.427184 3.048192 4.513869 0.348362 3.253306 4.339819 3.488029 2.245576 5.151259 
3.514057 4.167087 3.114129 1.987696 1.518502 2.726174 4.818503 3.542873 1.313656 4.195437 0.104555 
4.419629 1.207815 4.227994 3.590926 1.538681 1.950509 4.489885 2.639895 3.025611 1.225529 
4.941100 2.317953 3.501962 0.816385 2.396695 3.460260 1.322767 4.086237 0.863150 1.245952 2.955196 4.290943 0.746153 1.466412 
0.902559 1.671404 0.184004 0.472243 4.364265 1.910843 4.115070 3.824045 3.138191 2.930185 0.990092 2.032071 5.102833 0.712291 2.959046 0.893498 
4.522843 0.261496 3.528171 3.531175 4.164188 2.017851 3.444790 4.090923 3.577817 3.757912 
4.282930 5.113276 2.759833 1.884396 0.048122 3.186416 3.129948 2.129538 1.115115 4.515210 2.282455 1.846444 1.088659 4.068737 
4.122487 3.337936 3.343249 3.822958 0.343118 2.208633 1.125575 0.370198 2.043899 3.199094 1.152770 2.442862 3.811213 
3.892915 3.343956 1.372501 0.134471 0.959642 3.614173 0.142884 1.044081 4.855270 4.196546 2.266765 4.429310 3.631699 2.019146 4.136948 4.097091 1.800050 
3.979457 3.671651 2.929801 0.322589 2.341991 0.702709 2.026320 4.906015 
2.915387 3.755545 4.224222 3.105866 1.956933 1.138832 0.668667 0.183251 2.347619 4.639977 0.433295 0.313236 2.124626 0.757859 
0.570691 0.253897 4.338061 2.317683 3.649814 0.262568 0.530914 0.791700 1.549409 5.070189 1.426675 4.485874 2.006549 2.542762 
1.281824 0.164853 2.354867 2.767938 4.754471 4.225088 3.884165 0.137023 2.168437 2.764677 0.942779 0.950983 2.589534 
1.171165 1.270901 4.448227 1.778811 2.618592 0.559694 3.447935 1.686730 3.893187 4.072793 0.942416 4.406357 0.216505 3.032989 5.026528 2.528600 0.318124 4.224242 4.544696 0.350925 2.728058 2.813145 3.175514 2.256178 4.095369 4.910320 3.120652 4.316999 
1.905649 1.615607 4.129306 1.333576 4.058455 1.609420 3.759970 1.662405 2.919517 2.935478 1.613260 0.788586 3.247390 0.640717 3.412330 2.344220 3.410886 2.926210 4.701531 3.341861 5.078097 1.121031 3.016114 4.291393 4.236480 3.756182 3.343012 
3.824538 0.727914 1.625590 3.822845 4.397901 1.711027 2.525083 0.638099 1.497046 4.448804 2.765153 0.215454 0.966525 4.860317 4.317072 4.592367 2.655608 0.016334 4.948313 0.854482 2.866523 0.466714 2.807850 4.420568 3.402664 4.480534 1.678549 0.542953 1.851292 4.616266 5.037849 1.423474 1.904166 
3.694880 0.973718 0.859999 4.710229 4.492833 2.960297 1.029903 0.449935 2.317729 4.166745 0.988120 0.873143 0.641433 4.898787 4.319682 4.353560 4.731027 0.229625 3.566300 2.544745 1.119705 4.188582 2.548848 4.594686 4.132474 4.078931 3.897378 0.013724 1.763530 4.842966 
2.987482 1.890241 2.010118 3.606285 4.497691 1.818595 4.357380 1.797618 0.851632 4.489972 1.731899 0.875067 1.663957 3.292003 5.061726 4.108604 4.999611 0.590958 3.426698 5.002481 3.834384 4.030477 3.993218 0.926170 1.867238 2.161929 2.670529 3.290840 5.183923 4.837213 0.969257 1.374039 4.877218 1.218529 4.466504 2.729358 
