0.000000 0.049484
0.000000 0.076238
0.000000 0.034964
0.000000 0.072811
0.000000 0.039677
0.000000 0.103426
0.000000 0.045440
0.000000 0.060716
0.000000 0.113182
0.000000 0.214823
0.000000 0.045274
0.000000 0.668677
0.000000 0.163417
0.000000 0.062641
0.000000 0.116422
0.000000 0.108024
0.000000 0.065498
0.000000 0.043895
0.000000 0.035078
0.000000 0.030752
0.000000 0.043588
0.000000 0.060514
0.000000 0.023719
0.000000 0.108833
0.000000 0.059475
0.000000 0.087874
0.000000 0.075447
0.000000 0.110420
0.000000 0.052597
0.000000 0.058999
0.000000 0.035876
0.000000 0.054905
0.000000 0.056634
0.000000 0.181432
0.000000 0.102054
0.000000 0.199684
0.000000 0.201112
0.000000 0.097583
0.000000 0.123311
0.000000 0.146794
0.000000 0.075480
0.000000 0.052101
0.000000 0.054598
0.000000 0.039049
0.000000 0.075006
0.000000 0.027287
0.000000 0.049951
0.000000 0.054195
0.000000 0.142283
0.000000 0.055023
0.000000 0.161909
0.000000 0.101214
0.000000 0.044915
0.000000 0.053684
0.000000 0.101199
0.000000 0.059603
0.000000 0.047090
0.000000 0.083146
0.000000 0.089168
0.000000 0.092431
0.000000 0.074657
0.000000 0.142325
0.000000 0.083972
0.000000 0.053835
0.000000 0.069447
0.000000 0.023229
0.000000 0.029592
0.000000 0.032390
0.000000 0.038715
0.000000 0.032032
0.000000 0.053693
0.000000 0.033307
0.000000 0.074461
0.000000 0.105718
0.000000 0.073927
0.000000 0.046236
0.000000 0.057320
0.000000 0.076672
0.000000 0.050261
0.000000 0.101046
0.000000 0.094907
0.000000 0.064168
0.000000 0.283582
0.000000 0.094670
0.000000 0.137057
0.000000 0.095167
0.000000 0.093550
0.000000 0.058821
0.000000 0.045150
0.000000 0.043727
0.000000 0.041001
0.000000 0.078700
0.000000 0.050650
0.000000 0.049520
0.000000 0.072499
0.000000 0.070927
0.000000 0.056989
0.000000 0.045227
0.000000 0.086189
0.000000 0.085219
