2.318436 3.909568 5.091105 3.029011 1.979103 3.167359 1.085882 4.166996 0.776242 1.248239 3.472002 3.935577 5.092650 3.797453 3.022120 2.539429 3.083776 2.859260 3.156991 0.891391 5.138954 2.363362 3.990627 1.081637 0.127865 4.499526 4.018405 4.479533 
0.189240 4.928233 0.029308 0.485939 3.047729 2.657026 1.411352 0.395554 1.098711 0.641547 0.982509 2.483077 3.162472 1.972467 2.463004 4.769911 4.339609 3.929147 1.185089 4.718324 3.507740 4.376524 0.892821 1.773990 0.664945 3.959689 
2.711875 4.295439 2.893431 1.486301 3.540519 1.532134 3.870580 0.580417 3.814926 4.457910 3.119450 3.640925 3.993955 5.114521 2.010499 4.143507 0.257034 2.568382 2.595850 4.417478 0.065661 3.069346 4.414355 1.325925 2.078493 2.810845 0.534933 4.106213 3.821020 0.210248 
1.770537 2.905513 4.182865 2.336879 4.702401 0.693790 2.801773 4.977994 0.444762 1.658697 1.041909 3.685392 1.709582 1.168850 0.530934 3.208344 1.541005 5.088969 0.085892 2.505818 0.185912 2.379686 
0.694068 0.260730 1.410354 5.153223 1.845616 4.342336 3.078518 0.911065 5.189811 1.286073 2.473342 3.824610 2.336758 3.202428 5.130569 2.868564 0.524869 
1.462079 4.950871 4.631058 2.247086 3.279322 1.001526 0.303479 2.666281 0.807824 3.849096 0.274679 1.059836 0.651398 
0.638893 4.018064 2.001056 4.629650 2.923844 4.251000 1.055745 2.886345 0.536331 3.769721 5.183934 0.177448 
2.441251 3.679772 4.934753 3.356912 3.076978 1.443044 1.594655 0.870908 0.781575 5.001209 4.152236 3.442731 4.055921 2.961302 3.154474 2.307744 3.858916 4.062208 3.289649 
4.187800 1.630275 3.594850 4.411716 1.293150 2.439836 1.028971 2.602657 1.200571 2.096654 0.100914 
4.340028 1.823142 3.315774 1.262845 1.762842 0.332414 4.185373 
1.873657 1.661709 0.083655 2.904132 3.374541 1.751585 0.108108 5.082673 2.721515 2.169665 0.475288 4.266866 0.140039 1.601805 
1.108226 3.984012 3.364962 2.310800 1.541628 2.386915 4.587851 
2.341354 4.288617 0.868771 4.577468 4.287135 3.993848 4.632376 4.037614 0.105991 3.627913 4.238219 2.975365 
0.478870 2.156710 4.080098 3.484531 4.421650 2.779324 4.120397 2.232736 0.653947 1.299286 0.956250 0.940036 2.777247 2.091112 2.347423 4.526788 2.660008 
2.545922 2.195053 4.727786 5.144980 0.853554 0.821297 2.089252 0.181695 4.602964 0.803062 3.089738 1.126385 3.377033 1.592536 2.382200 4.666074 1.975824 4.420362 
1.929228 3.823350 3.123608 1.190835 3.922209 0.726995 1.236470 0.964673 4.772699 1.177844 3.454706 1.074593 3.311895 2.661647 4.962411 0.071646 4.772828 4.801528 3.477578 3.087301 
1.218701 1.605127 1.492418 4.488139 3.774156 0.798502 1.028777 1.464841 3.863864 1.770182 3.345718 4.868485 0.913108 2.092745 1.832740 0.840736 
0.217022 4.048378 1.462854 3.704203 4.860351 4.235962 3.431978 1.332589 4.288882 4.075740 4.697058 1.450958 0.281542 2.329939 1.148064 3.063726 4.745677 2.122133 2.846041 1.414352 0.027924 3.285397 1.865690 1.630458 4.355642 4.719021 4.221663 
3.156739 0.571685 3.518403 0.236033 3.722491 4.433137 4.359011 1.419241 2.455391 3.342354 2.801122 4.614438 2.652585 4.985688 0.396257 2.828932 5.156276 4.717394 2.711102 0.108674 3.720863 3.625903 3.825564 4.399289 2.052350 1.199053 
3.881228 1.425752 2.841940 4.781221 0.150214 0.203278 3.670862 0.612100 0.055561 2.530845 2.883023 3.478697 4.536585 1.077074 1.847926 0.755646 2.230529 2.550768 1.147871 0.681681 1.823722 2.329845 3.292160 3.245260 0.647762 0.316931 1.492882 5.178026 1.785924 3.590048 
1.928067 3.818959 1.169389 3.403229 2.222875 1.539440 3.504392 2.811639 3.841791 3.528332 0.714694 0.256849 4.060227 4.244404 1.217285 1.157313 2.208841 1.861155 4.370670 4.496862 4.266749 2.185085 0.311032 1.504499 2.169182 2.924735 2.386126 2.285443 
3.447051 2.775638 1.055031 5.038127 1.170110 1.231282 2.439872 0.706471 4.305793 1.159082 2.600071 0.188256 0.984937 5.015047 3.560090 0.669373 3.363914 0.942406 2.766631 0.600519 0.934989 2.511311 3.162320 3.162800 3.109615 3.220192 4.935291 
1.016468 1.281623 4.589309 1.463565 4.537807 2.740598 5.196574 2.708580 4.422568 4.438022 2.753051 1.335728 2.336998 3.238360 2.125013 0.741747 4.873224 0.321732 4.550294 1.271633 3.219884 2.532772 0.070458 1.156885 2.496299 5.060330 0.079270 3.749389 0.371388 2.174322 3.185423 3.750798 
2.827088 3.379646 4.882058 2.162498 2.131567 1.811849 0.707123 3.335453 2.042705 2.219022 2.091495 4.945600 2.530745 2.600275 0.442880 4.934492 3.143549 0.339980 
2.485186 2.481714 0.470049 2.331732 0.335385 0.297238 2.772739 5.020486 5.151197 4.632757 0.698918 2.867064 4.329167 3.910614 4.573490 0.910432 1.646730 1.948351 1.789354 2.317252 
0.050196 4.188048 2.803166 2.625128 0.476947 1.112980 1.340361 4.758501 1.699310 4.344650 2.609731 0.720296 2.969124 0.560932 2.535151 0.346448 3.679000 0.510142 
5.115775 1.995920 3.131331 0.882340 3.150013 1.796551 1.408957 1.412972 3.114455 3.240321 0.558770 3.309649 2.327640 1.676973 
3.672206 2.032383 3.124828 3.606095 4.432235 3.902061 3.911685 0.888314 1.087240 0.619666 4.378637 5.173734 1.748286 3.938290 2.919180 3.110274 
5.029664 3.132353 2.196464 0.730336 2.639098 1.240086 3.321119 0.213802 0.552943 2.346168 0.591047 5.089375 1.830034 1.652235 0.167745 1.314617 1.332688 
4.009160 3.386886 3.010036 1.058810 0.757973 3.683350 3.064602 0.277120 2.920545 1.698166 0.091965 4.881482 3.942765 2.820645 4.959668 1.756517 
3.678454 4.153754 0.032381 2.570945 1.285236 5.000670 2.889796 3.593826 3.552864 0.965035 1.610231 3.180863 2.563450 1.494297 3.794870 2.722409 4.099664 0.667267 3.715552 2.871757 4.771719 3.339175 3.463968 0.240774 
0.102405 3.375233 1.843039 1.343145 0.558737 4.676945 1.827524 3.250141 0.882308 0.644600 0.518229 4.094382 4.757175 1.042578 5.161940 3.594827 2.519747 0.556700 2.403855 
4.097895 1.389682 0.558988 1.288253 2.365792 0.290850 1.686558 3.320051 0.121318 5.176270 2.886082 1.230576 5.005090 4.107681 
1.742790 2.571287 4.030733 0.680510 3.667727 3.800732 2.458325 1.566802 
4.218563 1.121078 3.126462 0.247638 0.595116 1.622321 3.473339 1.451009 1.942189 3.689036 3.057037 
3.907156 0.373987 1.087427 3.723040 4.410764 0.662312 2.129703 1.705609 
3.557837 2.197617 0.145923 4.263784 2.385368 1.496631 
1.505310 4.729090 1.289550 3.879745 4.653519 1.043573 3.087744 2.991986 3.767974 0.049601 4.070487 3.506464 4.669950 3.760452 
3.863511 2.471694 0.435203 2.619003 2.780161 2.338555 1.999123 2.056354 3.729765 
0.483768 0.832675 0.007206 0.902899 3.912402 0.251465 2.581067 2.716087 1.393784 0.805739 0.801854 
1.589518 1.301588 5.183576 2.788798 5.125788 2.453711 0.220590 2.168840 1.964520 4.106660 0.636186 3.441406 1.514980 3.480886 
2.070274 0.108333 3.311202 2.614098 1.414360 5.099308 4.871160 0.697266 0.977379 3.147902 0.993813 1.844695 1.962771 3.088693 0.607868 2.707646 4.381768 0.211001 
2.882679 0.380740 0.948369 1.221377 3.897145 0.295715 4.089390 2.269988 1.877886 4.459316 4.940777 5.194771 3.637033 4.394554 2.049621 1.847372 1.385057 
3.608704 1.598313 1.646488 4.030095 4.921306 5.189382 3.875824 0.896809 1.145215 3.186460 5.143979 0.774343 3.923272 2.488858 4.649247 3.164337 3.038786 2.966495 4.142938 3.778213 1.555196 
0.444118 4.062667 1.453149 2.823325 2.209602 0.425884 1.582868 0.751944 3.287170 0.390873 1.348250 0.228799 2.597120 0.983652 4.807552 4.671052 3.022196 1.837493 1.436880 0.313507 1.134088 
2.391179 3.594733 3.799974 3.526948 2.795351 2.979076 0.532343 1.314203 0.718610 1.228862 1.134194 4.978862 4.331873 3.657284 0.635439 1.367712 1.886823 3.145205 5.144719 1.679085 4.077290 1.899070 3.233899 0.885657 4.459679 
4.261316 1.923125 1.679738 2.630736 4.224911 4.562795 4.416291 0.956229 0.536705 2.813934 0.428341 2.736617 3.821175 3.329006 1.296877 2.996576 2.588175 3.253084 0.770321 2.334522 2.845835 3.519642 0.819759 
2.780191 0.889853 3.158709 2.101100 1.304498 3.872405 4.959039 0.401246 3.825200 2.422715 3.924364 2.431850 3.172373 2.861567 3.025102 4.161375 4.563339 4.607238 1.260491 0.571786 4.260865 
1.555293 2.101800 1.244384 3.361379 3.604220 2.000403 3.519450 4.530000 3.564467 1.048890 2.104783 2.878273 1.111707 2.846793 0.310147 
4.348392 2.100065 1.985536 2.624829 1.269414 2.529116 3.234312 2.392429 2.167404 4.461478 0.587874 4.975439 3.861723 0.926658 3.901199 0.994317 3.674168 5.012803 3.001801 
5.099905 2.009086 4.265654 4.902999 4.308617 2.137681 1.989268 0.430962 0.970664 0.574199 1.412690 
3.560405 4.809781 1.434522 3.788849 2.745781 0.956002 4.798365 
3.653175 1.285469 4.763681 4.162327 0.579500 2.458340 3.163843 1.999001 0.712219 1.062121 3.927338 2.875739 
0.752017 0.134252 3.868659 4.916725 1.031149 2.627249 0.283376 3.481189 2.017923 0.169927 3.152838 4.241370 2.241006 3.924987 
0.915721 1.084570 1.612076 2.228114 5.155974 2.930356 0.999487 3.620150 4.798454 3.346585 1.538244 0.250165 1.869675 2.647852 3.408693 4.107124 
4.963903 4.512867 3.264624 1.182833 0.293930 4.114595 0.853430 2.638178 0.300110 4.377095 1.173650 2.745685 3.467735 0.716809 4.135046 0.028991 
1.680425 2.685737 1.627052 4.793833 4.551950 5.063202 4.877291 4.806580 0.664022 4.438168 3.392929 4.638628 3.984356 
3.529324 0.876445 0.756807 3.351452 0.681696 1.279248 0.864874 0.200678 1.396835 2.903499 0.599181 1.690669 3.012965 
0.162916 4.146751 0.595748 0.211345 1.110170 1.543695 0.103483 3.501480 0.299782 1.728344 0.346812 1.063337 4.373366 2.300217 3.601337 3.689510 
1.090025 2.938001 4.998108 3.007047 2.651966 4.305606 1.027333 3.718344 4.620981 5.100894 1.889101 
3.710330 3.305066 4.726708 0.634200 3.092387 2.051419 2.270497 3.865103 4.959688 5.193943 4.154341 2.668118 2.101813 3.164386 3.494249 
5.145837 0.119438 1.340448 1.571054 2.906650 4.960033 1.146319 1.342563 4.257485 2.388274 3.051131 4.145340 0.142680 0.545990 1.957662 1.739297 0.092748 
4.081575 5.176047 4.849089 4.875150 4.645736 3.441833 2.092817 4.183568 3.801780 5.121740 1.336779 3.276816 2.307978 0.771024 1.662486 
2.153206 5.015045 0.348134 0.770240 1.147471 5.034599 3.374551 2.741425 0.280038 4.968366 2.951517 2.343105 4.057970 2.616539 2.649756 3.819273 3.892919 2.244195 4.648747 0.678387 
4.731706 3.148292 4.959532 2.766137 2.670857 0.338481 5.137386 1.387733 4.600692 4.739539 0.371519 0.045836 2.696450 0.901789 3.334475 4.985249 0.861504 4.327573 0.990787 2.594727 4.468261 2.633360 0.785303 
0.934153 4.146063 5.105602 0.049384 2.339336 5.161465 1.063483 1.464235 0.441564 3.999571 1.375640 0.292681 0.631760 0.029458 1.005002 3.950008 2.790205 0.448839 3.423746 1.261676 1.300946 4.877120 0.614976 0.854306 4.477191 2.465205 3.146945 4.204758 0.256049 1.842897 3.795706 1.339516 4.220533 
4.802250 4.114296 4.565530 3.499152 2.337528 1.374296 0.177932 1.590821 0.662199 4.917418 2.845827 0.648570 3.722051 1.089667 2.462961 4.246650 0.836902 1.467617 1.985680 1.353831 2.050380 4.558507 4.133284 1.751832 3.484750 1.768784 3.439104 1.250195 3.497903 1.409828 4.683670 2.890424 
3.372280 3.472504 3.704372 1.447728 3.125260 0.026522 4.385640 0.014688 2.101955 0.209054 4.401752 4.175686 1.063201 0.277189 3.629808 4.494511 3.377982 3.306386 4.677953 2.695357 3.480813 5.061313 2.623698 4.671235 3.630845 4.411998 1.678992 1.846324 4.880301 1.103473 2.946119 4.295248 1.833591 2.832218 1.679430 2.097072 2.304401 0.757595 1.904397 
4.296389 3.993459 0.466356 2.573598 3.320969 2.420283 0.646028 3.157895 2.231522 0.824669 4.811768 3.296338 4.269049 1.660340 2.253888 1.307645 3.383681 4.483626 0.043052 1.197558 4.051445 3.456419 2.881106 4.947256 1.925914 2.177096 2.920745 4.551325 4.588356 2.360816 1.325830 3.427167 0.801814 3.053446 2.095846 0.287922 4.711332 2.970048 3.598660 3.836116 1.587224 1.640702 2.079164 4.405148 
0.473996 2.831616 2.247590 3.108600 2.735753 2.514785 4.216306 2.682046 1.837277 4.437546 4.351462 2.402579 2.951947 1.295321 1.966871 4.654360 2.278937 2.531158 0.622407 1.881394 3.451725 1.848703 4.155166 0.124704 3.349077 1.011732 2.131485 3.578912 4.522216 1.037633 2.013312 2.832084 0.022477 3.226858 0.496780 2.782043 3.221509 0.056527 3.203049 4.410443 2.161724 1.992995 3.789396 
3.808368 0.231425 3.728831 0.304706 4.926798 4.305716 1.864862 3.968059 4.875627 3.646304 3.141269 2.630133 0.283089 2.321909 2.770047 1.922324 3.844589 3.526454 5.035377 4.918715 2.336577 1.511848 0.154775 0.423941 4.669802 1.621374 4.829454 2.802291 2.713469 
2.350038 4.477874 2.951757 0.541180 2.286839 3.295161 4.828388 3.348986 4.073426 2.268808 4.391913 0.051252 3.238509 4.249850 4.682362 1.544999 3.265413 2.681007 3.226395 0.068463 0.336473 2.434622 1.959304 3.822243 0.013272 
3.599659 1.033227 3.538109 2.921315 4.117504 0.896162 1.849034 1.986391 3.631848 2.899475 4.569420 
2.847711 4.645887 1.355515 0.994198 2.040843 0.047558 4.412988 3.244748 0.517539 5.103299 2.218059 
5.138465 2.227127 1.210434 2.605038 0.974857 3.846155 4.691278 5.082831 1.854321 0.913472 0.142208 2.507059 1.938816 4.205225 
0.213398 3.464482 2.069901 2.013905 0.838368 1.211273 1.476141 3.044837 4.900510 3.164053 3.479317 0.795984 4.983806 0.517087 4.879214 1.872336 
1.425183 2.280034 3.162523 0.104692 2.959387 4.050721 5.025256 2.534595 2.147488 3.026418 2.877359 0.528447 2.313994 1.374155 4.018501 2.423142 4.206684 0.912854 
2.039687 4.627413 2.285232 0.648347 1.644816 2.110890 3.850398 0.293713 2.368761 2.109141 3.826058 1.739844 3.249387 3.480804 
2.897626 0.344449 0.558122 4.139494 3.066171 1.527612 4.753757 0.776784 1.407541 0.616525 1.303386 4.990648 2.980121 0.521208 
2.719763 1.189492 2.485902 2.973852 3.002703 0.271934 4.750457 3.588236 2.990057 1.554200 
3.780281 3.389977 1.894238 0.278386 4.079642 1.823593 0.343176 0.528707 4.146098 0.995123 2.972933 4.758923 3.924727 
3.611052 0.331768 2.391655 3.182378 2.786333 4.574651 3.449028 0.430723 2.482115 2.011607 3.507176 1.453750 3.345836 4.388492 3.622424 4.877881 4.803559 
2.070485 2.169785 
1.284925 0.620454 3.938397 0.575500 3.983135 2.576425 3.491642 5.094305 3.642091 
0.305667 3.114658 0.147862 2.522132 0.645468 3.683407 4.099771 4.323443 1.147803 1.228020 2.080560 
3.639994 2.839135 0.359843 3.657897 3.712285 0.617563 4.491070 1.727383 4.976527 
4.408600 1.254085 5.116533 1.180146 0.097162 0.907171 3.848298 1.922514 2.854624 2.184433 
5.147882 4.934209 4.618066 4.063109 0.175743 0.371807 1.204586 2.262033 3.753930 1.511352 4.354226 3.050920 5.102778 4.928231 0.205124 4.390818 
4.601519 0.987124 3.117106 2.416296 0.320145 0.831743 2.105090 4.777451 1.598319 3.797343 4.181415 0.730434 1.734915 0.362776 0.121119 2.539520 3.182492 4.430334 4.646360 4.261946 4.410339 1.202107 3.937381 2.339403 
3.857100 1.158398 2.696369 2.721251 3.972600 3.718263 3.612588 0.619904 4.067715 3.405221 1.965990 3.961705 0.726288 2.286428 2.497911 0.688430 1.845153 3.026584 0.032550 2.709227 1.998938 4.152423 0.261183 0.668454 3.347110 3.963881 1.688125 
3.891316 0.011286 4.448899 1.730603 2.997059 3.407275 4.379002 3.884404 0.612727 2.915979 3.475619 2.065432 4.544513 0.191630 2.604288 0.002569 0.416519 4.198485 1.376055 4.503922 2.173748 1.515407 2.648783 1.630764 1.165764 2.456482 1.817661 3.592095 0.024410 3.710069 
0.038808 1.998833 0.551047 1.889638 4.378534 2.981152 2.060791 4.805400 4.742949 0.988509 0.448970 2.230922 4.420642 0.342475 3.443749 1.892421 0.026700 3.713605 0.529166 1.672553 0.511652 
0.104258 0.403801 1.700878 2.295693 3.028601 1.022474 1.166835 4.161572 2.585744 1.523835 3.007195 2.174973 4.704841 3.571880 1.942911 0.542163 0.336287 3.474800 0.849001 0.080414 
2.995041 1.820732 2.276973 1.596292 3.501705 2.613602 2.013906 2.935588 4.577936 4.681679 1.307945 0.225309 2.161725 1.785268 2.109473 0.336313 1.846846 0.313080 4.842882 3.547682 0.225004 2.983371 4.464591 
3.104073 2.927839 2.667712 1.173931 2.008874 3.037972 1.919138 1.056066 4.034271 1.130054 2.296254 3.148751 3.579661 0.525441 
2.961317 4.100754 4.521677 3.052087 2.066568 2.225368 2.266136 2.253818 0.842962 5.023993 0.818929 2.218750 0.247140 4.274876 2.766130 2.960842 3.053516 3.596792 0.854301 1.760718 
0.019145 3.618476 2.224792 5.169342 3.618419 0.132714 3.815404 2.425570 1.667523 0.069585 1.340267 0.994182 4.880547 1.656547 4.529731 4.024578 4.575719 3.986161 
1.302240 1.509034 0.043372 3.818590 2.550246 0.731295 3.762499 5.144067 2.268049 3.862135 3.572534 0.314509 4.011854 5.100252 3.938445 3.420395 1.701381 3.316260 0.307682 1.644116 3.752568 
3.479778 0.958506 2.032351 2.137600 4.535651 2.408194 4.007431 0.685425 4.887867 0.649256 4.836753 0.390371 
1.250642 2.342030 4.810381 2.714137 1.362289 3.683365 3.829196 3.617494 3.056103 4.350471 3.118778 0.361062 1.915260 2.416715 
