   -20.419579 -18708.522913
   -12.718216 -18714.525841
    -5.772460 -18709.505123
   -10.711329 -18712.090361
    -7.039424 -18711.317791
   -19.444577 -18710.691722
   -20.157380 -18712.956266
   -17.954932 -18710.676927
   -22.156342 -18709.332223
   -28.746658 -18713.044579
   -16.518938 -18713.079391
   -34.218142 -18714.629138
   -21.611753 -18709.438425
   -11.445758 -18714.259019
   -22.325233 -18715.121705
   -17.345741 -18705.769652
   -12.191861 -18712.981429
   -15.706635 -18709.368415
    -8.603134 -18716.677107
   -13.017400 -18710.294800
   -16.092412 -18709.198285
   -17.743702 -18710.323184
   -14.516515 -18714.984529
   -43.827048 -18709.955210
   -37.088665 -18711.680060
   -59.335331 -18706.605793
   -51.206495 -18716.446145
   -65.550684 -18717.055794
   -34.366071 -18707.997845
   -42.109326 -18708.141373
   -15.322970 -18708.354049
   -22.426479 -18712.168399
   -21.664805 -18716.913293
   -35.080401 -18709.752522
   -22.557379 -18711.462972
   -28.373598 -18708.832368
   -36.756084 -18711.331227
   -30.673721 -18711.452078
   -52.835756 -18714.085206
   -44.370983 -18715.056967
   -33.957976 -18712.595142
   -41.223645 -18710.143816
   -35.313738 -18704.966149
   -30.088292 -18702.494266
   -21.635502 -18711.053648
   -21.023595 -18706.901276
   -24.432749 -18708.978057
   -12.512190 -18716.273988
   -26.357915 -18705.170853
   -20.217931 -18704.024730
   -33.898658 -18704.804509
   -25.991382 -18713.418177
   -25.534101 -18713.465338
   -16.084308 -18708.128614
   -21.304285 -18709.073473
   -15.727243 -18709.070402
   -11.960198 -18707.405261
   -40.172905 -18706.879012
   -15.918319 -18712.178973
   -24.731112 -18708.285430
   -15.311565 -18710.527468
   -21.191352 -18716.031422
   -19.108488 -18709.730916
    -7.561253 -18713.179512
   -12.554207 -18708.082774
   -16.723334 -18709.767596
    -9.607792 -18712.519609
   -13.420140 -18706.871875
    -7.449549 -18713.151098
     0.096789 -18711.305896
   -15.642949 -18714.507612
   -15.607076 -18711.226729
   -31.567611 -18713.755928
   -29.568652 -18715.371285
   -23.353355 -18709.954675
   -13.729446 -18716.064558
   -24.100374 -18709.413666
   -22.134957 -18709.828270
   -19.511756 -18709.501540
   -16.460476 -18722.026336
   -18.287722 -18714.873590
    -9.465211 -18713.314259
   -17.531878 -18718.475640
   -16.959362 -18710.047735
   -18.580724 -18711.911559
   -20.517508 -18708.387555
   -19.632417 -18719.356212
   -10.061325 -18716.138901
   -17.975096 -18707.880863
    -8.058910 -18708.730121
    -9.621292 -18716.616940
   -14.575802 -18716.894571
   -13.411980 -18722.139603
    -7.458056 -18715.649936
   -19.399849 -18714.469489
   -39.191802 -18711.909414
   -32.938145 -18722.186990
   -13.016986 -18714.801905
   -46.153213 -18709.645343
   -35.016219 -18709.018012
