0.000000 0.000000
0.652174 0.000000
1.304348 0.000000
1.956522 0.000000
2.608696 0.000000
3.260870 0.000000
3.913043 0.000000
4.565217 0.000000
5.217391 0.000000
5.869565 0.000000
6.521739 0.000000
7.173913 0.000000
0.326087 0.742307
0.978261 0.742307
1.630435 0.742307
2.282609 0.742307
2.934783 0.742307
3.586957 0.742307
4.239130 0.742307
4.891304 0.742307
5.543478 0.742307
6.195652 0.742307
6.847826 0.742307
7.500000 0.742307
0.000000 1.484615
0.652174 1.484615
1.304348 1.484615
1.956522 1.484615
2.608696 1.484615
3.260870 1.484615
3.913043 1.484615
4.565217 1.484615
5.217391 1.484615
5.869565 1.484615
6.521739 1.484615
7.173913 1.484615
0.326087 2.226922
0.978261 2.226922
1.630435 2.226922
2.282609 2.226922
2.934783 2.226922
3.586957 2.226922
4.239130 2.226922
4.891304 2.226922
5.543478 2.226922
6.195652 2.226922
6.847826 2.226922
7.500000 2.226922
0.000000 2.969230
0.652174 2.969230
1.304348 2.969230
1.956522 2.969230
2.608696 2.969230
3.260870 2.969230
3.913043 2.969230
4.565217 2.969230
5.217391 2.969230
5.869565 2.969230
6.521739 2.969230
7.173913 2.969230
0.326087 3.711537
0.978261 3.711537
1.630435 3.711537
2.282609 3.711537
2.934783 3.711537
3.586957 3.711537
4.239130 3.711537
4.891304 3.711537
5.543478 3.711537
6.195652 3.711537
6.847826 3.711537
7.500000 3.711537
0.000000 4.453845
0.652174 4.453845
1.304348 4.453845
1.956522 4.453845
2.608696 4.453845
3.260870 4.453845
3.913043 4.453845
4.565217 4.453845
5.217391 4.453845
5.869565 4.453845
6.521739 4.453845
7.173913 4.453845
0.326087 5.196152
0.978261 5.196152
1.630435 5.196152
2.282609 5.196152
2.934783 5.196152
3.586957 5.196152
4.239130 5.196152
4.891304 5.196152
5.543478 5.196152
6.195652 5.196152
6.847826 5.196152
7.500000 5.196152
