0.000000 0.171355
0.000000 0.039592
0.000000 0.065483
0.000000 0.061752
0.000000 0.134670
0.000000 0.070712
0.000000 0.023639
0.000000 0.107987
0.000000 0.156135
0.000000 0.401857
0.000000 0.299669
0.000000 0.062146
0.000000 0.090983
0.000000 0.159336
0.000000 0.232190
0.000000 0.063602
0.000000 0.047359
0.000000 0.062317
0.000000 0.086378
0.000000 0.126531
0.000000 0.260204
0.000000 0.054267
0.000000 0.078134
0.000000 0.144768
0.000000 0.261638
0.000000 0.198827
0.000000 0.264048
0.000000 0.200184
0.000000 0.043870
0.000000 0.167901
0.000000 0.116206
0.000000 0.222983
0.000000 0.150120
0.000000 0.270887
0.000000 0.262312
0.000000 0.150814
0.000000 0.075841
0.000000 0.062708
0.000000 0.190972
0.000000 0.062713
0.000000 0.058907
0.000000 0.165322
0.000000 0.322901
0.000000 0.049553
0.000000 0.141280
0.000000 0.130616
0.000000 0.131003
0.000000 0.118588
0.000000 0.058846
0.000000 0.059630
0.000000 0.062078
0.000000 0.097271
0.000000 0.104398
0.000000 0.105849
0.000000 0.049299
0.000000 0.042847
0.000000 0.044665
0.000000 0.378690
0.000000 0.061443
0.000000 0.076276
0.000000 0.029021
0.000000 0.099887
0.000000 0.168104
0.000000 0.160056
0.000000 0.466099
0.000000 0.020786
0.000000 0.049782
0.000000 0.029684
0.000000 0.079055
0.000000 0.053809
0.000000 0.026685
0.000000 0.025230
0.000000 0.072906
0.000000 0.056227
0.000000 0.070929
0.000000 0.076561
0.000000 0.160515
0.000000 0.309955
0.000000 0.057188
0.000000 0.073585
0.000000 0.410818
0.000000 0.715398
0.000000 0.084030
0.000000 0.058679
0.000000 0.062768
0.000000 0.037315
0.000000 0.049630
0.000000 0.283869
0.000000 0.102045
0.000000 0.049022
0.000000 0.055284
0.000000 0.072776
0.000000 0.070459
0.000000 0.080290
0.000000 0.131104
0.000000 0.136589
0.000000 0.046225
0.000000 0.046551
0.000000 0.026810
