1.388542 1.975999 2.134953 0.914169 5.126625 1.558106 2.243546
2.893835 4.472957 2.473598 2.100744 4.124749 2.674416 4.927140 1.557466 0.854150 2.865742 1.561149 3.263772 2.231549 1.972932 4.496049 0.296410 3.115875
2.187538 1.800497 2.396613 1.095615 3.083918 4.904283 1.138299 3.328670 2.810640 3.049886 4.210294 1.141945 1.394031 0.515016 5.126674 2.704176 4.774233 1.476789 4.887187
4.460295 0.871298 0.885068 2.628749 5.167070 3.957200 3.741832 0.102307 1.192860 3.065385 4.223237 1.757196 1.675283 3.403101 0.639753 0.336225 1.738657 3.073813 0.713021
4.559189 2.627804 0.958034 1.888735 4.179273 0.315382 2.359612 0.352050 4.981763 0.240438 3.897096 0.468958 0.003388 1.141611 4.997559 5.079178 0.013832
3.420839 0.622389 3.011097 2.601286 5.080040 3.254500 2.217856 0.743444 4.591148 0.253965 2.355200 3.385507 1.831077 3.830016 0.881856 4.323922 2.743264
3.347197 4.594795 0.775134 2.568941 0.340905 1.153477 3.553301 3.915877 0.240593 4.080888 1.131233 2.330857 0.718635 3.818269 2.831946 2.364118 0.247754 0.475568 1.066754 1.388662 3.015307
1.220740 2.274484 4.055458 4.784225 4.219800 4.024753 1.879092 4.030013 2.626006
2.308397 1.252929 3.327988
4.487054 0.092239 1.894570 4.296351 3.409963 4.595727
0.191684 3.446988 2.797509 4.294242 3.461745 4.659155 4.314293
0.675912 0.128323 1.971462 3.330809 2.615568 0.380590 1.085514 1.601649 2.206330 1.951546 4.385108 4.034821 3.490638 1.057829 4.067125 1.358114
1.258013 0.158630 0.875465 2.623075 0.758668 4.026359
0.997073 3.976169 2.145106 3.195525 3.774546 1.876128 3.350965 2.833828 1.286767 1.703320 3.702647 0.522548 1.839334 4.515525 3.573368 0.606421 4.904481 4.054864
1.358830 2.958850 2.578385 2.926154 4.128225 3.076176 4.965569 0.227125
0.194724 3.629380 5.030746 3.007694 0.109329 0.741971 4.189507 1.245236 2.984519 4.946425 1.845216 0.421161 3.582957 5.069018 3.880293 0.247049 3.463972 4.406702
2.354800 3.554739 3.831479 2.614629 0.252863 1.743267 3.781626 0.469608 0.348094 4.240385 1.936696 3.706176 1.932470 3.963158 3.748257
1.655672 0.467283 3.256284 1.960662 4.870074 4.246661 1.637889 0.104843 2.541020 0.036887 4.854324 3.791155 4.782388 3.186918 2.967244 0.616224
2.515876 0.351038 3.441315 0.989789 5.173595 1.276180 4.610385 3.652404 3.488941 2.004968 0.179221 3.410670 3.267938 4.109816 3.353068 2.762516 4.936428
1.227053 2.303069 5.081545 4.295515 0.901982 1.559408 0.163557 4.216384 2.437933 3.959298 3.684346 2.819682 0.307278
3.384838 0.931468 2.469660 0.271040 4.300318
2.006149 2.147572 3.196266 0.889801 0.325850 4.889879 0.053720 0.310040 3.553326 3.671321 2.084234 3.316269 4.798803 2.996517 2.450398 3.038560 3.868392 2.130063
4.709584 2.344704 4.259987 0.209696 0.190199 4.484500 0.415631 3.363792 1.564515 3.776776 5.037102 1.932671
2.614999 0.950115 4.376398 2.996672 3.778988 3.712958
2.600003 3.363810 3.838671 3.929838 1.200328 3.975077 3.077683
0.663036 4.034873 2.090726 3.667253 2.444376
2.026706 3.210659 0.726015 2.044244 3.821766 5.008084
2.605023 1.069674 2.038867 1.118216 4.286875 5.110329 5.098830
5.043577 3.554513 2.499878 5.004228 0.037929 0.821005 0.327481 0.872908 2.467080 1.108761 4.699736 4.916433 3.687602 0.498575 3.512649 0.172307 5.018235 1.938673 3.507860 3.916915 2.639104 0.003283 1.282831
0.848109 4.241230 2.788066 3.620602 3.564632 5.012284 3.859979 4.300106 3.973074 2.195587 4.632407
2.659184 4.997435 4.396627 2.538181 0.355985 1.515736 0.996702 1.374086 4.533675 2.740083
1.302961 1.452747 4.902130 4.043558 1.180323 5.119477 2.808737 4.659152 2.655062 3.867885 0.058890 3.126472
0.762985 1.713309 0.984019 4.536144 2.502908 2.774131
3.191766 1.163102 1.758997 0.891560 1.871126 1.597856 0.882969 3.132702 2.264451 3.020950
2.022733 2.249664 2.075044
2.946129 3.513551 3.154359 1.236397 4.488795 3.318730 1.345730 4.432048 2.894082
2.716001 0.276598 3.399561 3.953834 4.934612 0.902143 4.128080 3.320180 1.239354 1.478462 4.779214 2.418443 1.906678 1.980922 3.952021 0.847714 4.797222 3.814186 0.938230
1.620466 2.960782 0.125857 2.640345 2.215426 1.995445 0.317221 1.781007 2.160767 3.051553 2.023847 4.644099 3.006389 1.720244 3.786010 4.727409 4.678515 1.237636 4.520150 0.203723 2.197619 2.090796 4.534809 1.491295
2.108684 1.530177 2.397348 1.660522 0.003012 1.339965 1.239253 3.656076
3.199829 3.883629 1.566126 3.867823 1.106281 0.542291 3.604468 3.754914 3.421940 1.270263 2.783020 2.320041 1.748146 3.151685 4.651318
0.826338 0.566248 4.543193 4.203577 0.691654 3.940493 3.375122 1.107454 3.901139 2.815329 4.265576 0.837302 2.835087 4.686139 3.381693 2.898280 4.723681 4.796692 3.506927 3.482255
1.277835 2.554956 1.725734 1.838405 0.699933 4.810518 3.114629 1.591040
0.509732 4.195584 2.769930 4.641731 2.475855
0.166028 3.667007 0.621620 0.730573 0.623927 1.682802 1.488017 1.231386 0.205884 3.604175 4.811717 3.657680 4.942046 2.275977
2.638203 0.561434 2.866462 3.992486 0.319980 1.316191 0.734452 0.897931 4.972635 4.538421 2.088628
4.369194 0.689981 3.772349 3.205338 2.011381 4.648293
4.402367 2.056345 1.803750 2.055340 4.016625 4.087120 0.728332 1.413380 0.295410 0.712821 0.004520 2.353068 3.387259 2.683002
3.987191 2.961620 5.182973 2.021774 1.575405 2.364795 1.070706 0.088186 0.529480 4.490839 1.511027 1.403028 1.752449
2.909837 1.404304 4.000803 5.183403 4.721058 1.560146 2.111211 0.459770 0.262600 0.341188 3.779892 2.426934 2.282661 4.687892 3.321113 2.428894 1.276231 0.012028 0.120920 1.225845 2.522407
0.072600 0.495261 3.667372 3.846119 0.216441 2.326405 3.977354 3.732857 2.707051 0.671939 3.767009 4.404759 4.507905 3.786488 2.168948
3.322037 4.518474 3.478240 0.106818 1.951865 1.069697 4.253553 3.206757 1.821374 3.110415 2.924959 2.463529 4.806779 0.089143 5.052100
2.965896 1.328715 5.167120 4.476825 4.794177 0.153555 5.001628 3.025240 2.539018 1.726067 0.323356 0.114588 2.802884 2.695233
0.880832 2.619578 2.389743 1.181619 3.055559 1.766564 0.041129 2.339737 3.225449 0.625291 0.448972
5.019629 0.717737 4.038539 2.027739 4.164224 1.033400 4.981508 4.859763 2.899734 3.880610 3.189372 3.483737 2.887680 5.043143 0.407847 5.082347
0.526677 0.456129 3.477707 2.406672 2.325388 0.453290 1.595620 3.923519 1.789634 2.328822 3.349985 3.772193 0.740439 1.152646 1.261405 4.810757 5.060449 1.682424 1.630250 1.966068 5.138560 4.970884 4.770098 4.324225
0.434792 2.364694 4.203874 3.416643 3.105812 2.756537 2.391107 3.103316 1.675697 4.328636 2.284596 3.781457 4.938134 0.958899
4.959944 1.137819 1.139371 3.813627 2.832585 4.335617 2.079044 1.966812 3.628888 4.354515 4.828279 4.029406 4.204004 2.758829 4.905284 4.476238 0.805019 5.098902 2.370815 2.338223 3.366867 4.189554 1.934609 2.116846 4.072975 5.053784
0.816852 2.327192 1.691166 1.346171 1.510243 1.384669 2.634952
1.013233 3.185221 3.577726 2.063385 1.819440 3.801088 1.797613 1.365342 1.131560 3.534013 3.405331 2.741177 0.229169 2.303142 0.001798 4.142863 4.753679
0.111709 1.291160 2.052684 2.195576 4.761656 0.628636 0.667351 4.268279 1.966288 3.802562 4.035360
4.028827 2.205966 2.075450 0.090547 4.089488 2.907568 4.102675 0.987156 2.696772 3.866720 2.309704 0.903569 1.294141 1.891397 1.349629 2.596664 1.805748 2.198983 3.459890 2.809207 2.197034
2.699497 0.131376 0.376088 4.799401 5.003885 3.525527 3.761569 4.806242 1.808755 3.090708 1.873334 0.919627 1.025708 2.367754 3.804596 5.164140 0.708617 2.071578 4.444497
3.176934 2.333092 0.684289 3.986750 1.730339 4.709315 3.561155 4.081583 2.323827 0.914822 3.327018 2.958363 1.787726 0.603040 3.152618
0.643160 1.034067 4.062624 2.812326 0.274946 5.153370 2.058582 3.506661 5.129075 3.621299 4.660650
1.637484 4.598550 4.415479 1.330024 4.142318 5.148336 3.142505
4.487776 1.135879 1.789439 1.749818 1.101524 0.278539 2.600676 4.474916 0.110538 4.067257 4.378655 2.811196 1.020098 1.891025 2.666777 3.072825 0.167853 3.839713 1.818657 3.314179 3.481642 4.498565 4.709221 0.747940 2.089462 4.808026 3.062205 1.117825 1.217738 3.206149 5.003473 1.143447 4.769948 3.997636 5.164969
4.221377 4.913387 3.709600 3.313782 2.316145 3.475058 2.561908 0.278549 0.433571 1.559992 1.485312 1.455833 2.066341 3.034028 2.140158 2.122107 2.803387 2.089016 0.628172 2.846643 0.907754
4.068643 4.475758 1.306275 3.833505 2.862753 0.663676 2.462609 0.961171 3.164883 3.729806 3.414286 0.310220 0.434045 4.137897 4.242043 1.298966 0.446266 0.646867 3.994274 5.169211 2.377478
3.293340 1.236076 0.401513 5.059825 2.529667 2.722080 3.727731 2.168279 2.226475 4.666439 3.762969 3.395736 3.149287 4.664650 2.709245
4.000822 3.335135 2.296096 1.488403 5.188458 2.009309 4.682238 3.865074 5.019814 4.429079 3.110921 4.644873 3.834730 3.684981 2.314780 2.325493 1.067875 3.548368 0.459103 0.207752 0.910835
5.177667 0.769578 3.601821 4.244755 3.015148 2.350304 3.892659 0.786574 4.941869 2.344813 2.661148 3.824548 4.388415 4.554822 3.546791 2.943846 3.650705 4.105830 2.483843 4.258454 2.323289 3.820371 4.265738 5.118106 2.925852
0.081349 4.845370 0.318552 0.795063 3.308273 3.945460 0.867890 4.687827 0.505270 0.702867 3.923452 4.132908 2.153584 2.959815 3.099126 1.948514 0.365859 1.596091 1.916710 2.777866 4.182477 0.021513 1.046449 2.104318
2.201992 0.287406 0.526373 0.311201 2.779664 1.088821 4.729558 4.843201 4.039886 3.658501 2.578447 4.087610 2.070453 2.002414
2.205976 1.338883 3.625991 0.220287 1.680095 0.466111 2.568478 3.350207 4.893440 1.439130 1.375120 4.703734 4.381214 3.719066 2.438121
4.423808 4.229592 0.958528 1.373208 4.085932 3.362956 2.769805 2.947592 3.536907 0.323489 1.677919 2.589213 3.557195
0.574553 2.845311 4.926175 4.901823 2.847665 4.388748 3.985260 1.939714 1.974290 3.934445 1.318515 3.604458 1.714476 4.088643 0.839903 2.817483 1.030665
4.552886 1.087392 0.973094 3.252067 0.672796 4.530896 0.628806 5.189832 3.373285 1.713869
1.238819 0.613102 1.467676 3.859100 0.909319
0.605814 2.114527 0.139537 5.077484 1.977107 2.778629 3.314441 4.961781 4.418641 3.896371
4.831954 3.618561 1.064427 4.058293 2.107620 0.003948 3.085838 4.428936 0.224244 4.944114 3.049199 2.351952 1.725781 0.118896 1.085777 3.482186 4.019713
2.329753 3.571275 4.200822 0.964880 3.672873 3.875226 4.676923
3.822384 2.324772 0.116514 3.903718 5.150138 3.778170 0.805870
0.436703 3.955762 2.002705 4.570689 3.118143 0.044558 2.953765 1.173376 1.065290 5.121459
4.537128 2.287229 1.298454 3.993930 3.254849 4.547560 2.596135 3.126674 4.298108 2.392527 4.207204 1.787574 3.831312 5.147539 4.095845 3.101882
1.502312 1.461731 2.826608 0.960616 5.017887 0.739452 2.353432 2.706830 0.981094 5.047306 1.740118 0.181312 1.979702 0.013563 5.071960 0.289972 2.131896 0.234164 3.270013 4.945674 2.026955 3.396878 3.531219
0.476169 1.299607 3.904118 2.068229 1.597991 4.046007 2.517025 1.210251 1.068528 4.844778 0.641139 0.106421 5.170802 3.782023 4.376191 4.405475 4.288477 1.917874 3.303709 1.470211 0.986986 4.976916 1.516974
0.585077 0.441219 4.368738 3.256189 4.766296 4.548049 5.083418 0.171107 1.764857 3.861200 2.610237 4.894849 2.358453 3.446787
0.510950 0.048308 3.684032 4.864783 0.803564 2.052138 2.600149
1.551096 1.678645 4.209144 4.637182 3.435765 4.438595 1.588318 0.723531 0.518342 0.338049 2.017549
2.618078 0.270766 2.423112 2.605993 3.984636 0.857518 5.000014 2.502581 1.382944 3.097917 5.078192 3.853674 2.840552 4.776353 2.375084
2.865502 3.032956 2.403600 2.378379 2.167005 4.705654 1.232897 2.998079 4.037737 2.080317 2.670595 4.428251 4.929131 3.554685 3.726053 3.421220
2.121606 0.980771 0.863268 1.766679 2.569095 4.864234 2.167925 0.609965 2.464264 1.102078 0.460257 3.631767
0.225506 2.229665 0.536880 3.902878 0.660205 5.106442 3.640345 5.095605 4.264451 4.396590 3.764501 3.340272 1.193633 4.948094 3.356039 4.620559 1.099098 0.234435 0.934086 4.336163 4.887942 4.032169 5.037393 1.641691 3.530793 1.848472
1.387736 1.172852 4.480518 0.711186 3.221954 0.134555 2.592042 2.513646 0.448062 2.566844 5.167701 3.354442 2.059650
2.627144 5.169483 4.848954 3.503463 3.164351 0.599809 1.142601 4.604978 1.054039 0.792961 4.091477
1.399152 2.254373 1.551127 2.711465 2.240118 1.213878 4.936040
1.755495 0.509220 3.751179 3.960298 4.911449 4.799766 2.736449 0.515873 4.868522 1.039388 1.702657 3.416902 4.423378
4.361700 1.799913 1.121814 0.952898 0.516467 2.767084 0.542280 0.338913 1.146802 3.314043 4.382234 4.986478 2.032987 0.880319 1.105126 1.067324 3.689641 1.910386 5.119078 4.515821 2.917886 3.760793 4.979025 1.224132 5.107224 2.402320 0.560411 1.398392 2.883911 1.983929 3.023565 3.395499
4.048954 2.498876 4.716500 3.211393 4.174137 3.510892 5.193302 0.560173 2.214678 4.466715 4.067803 1.328474 2.008433 4.525631 4.564307 1.819237 2.020026 0.528238 4.843032 2.656636 0.165172 4.084958 1.816855 0.302620 0.732770 2.956687 3.152849 4.195775 4.119926 0.819848 1.847866
