1.184191 0.815064 0.902911 1.245062 0.894368 0.863340 0.915519
0.831269 0.977372 1.028150 0.989606 1.118613 1.029421 1.110569 1.167160 0.853126 0.943562 1.098458 0.884898 1.053819 0.852632 1.062469 0.973927 0.967041
1.160739 0.928957 0.968842 1.111952 1.188343 0.910164 1.154768 0.829152 0.943074 1.004075 1.242907 0.845399 0.948960 1.103871 1.002440 0.945372 0.855357 1.012596 1.032424
1.111055 1.010925 1.065703 1.230929 1.191012 1.042501 0.865554 1.099288 1.037698 1.073992 0.863653 0.959037 0.830740 1.043860 0.868199 1.140095 1.110096 1.001542 1.194816
0.895494 1.101496 1.236025 1.141901 0.878339 0.797818 1.183784 1.250750 1.088309 0.982653 0.971845 1.180639 1.092073 0.829727 0.975195 1.130393 0.907654
1.093792 0.924194 0.828219 0.997152 0.991632 1.228582 0.831235 1.120950 0.944839 0.829280 1.029868 1.133509 1.039184 0.895435 0.935742 1.000588 0.973876
1.091251 0.861587 1.151299 1.132577 1.109965 1.190074 0.915483 1.066207 1.061997 1.070969 0.806904 1.064712 1.126594 0.972546 0.971966 0.821389 0.837401 0.875673 0.838490 0.837641 1.128368
1.203180 0.889701 0.971981 1.038278 0.978252 1.061269 0.866966 1.171754 1.082311
0.918781 0.967269 0.978359
1.223448 1.246423 0.954835 1.011109 1.252141 1.072726
1.204452 0.910117 1.143389 1.190668 0.963312 1.025640 1.028314
1.047120 1.237740 1.097631 1.121326 1.152432 1.055150 1.113832 1.176230 1.199917 1.125713 0.993725 1.072069 0.810132 0.948518 1.027465 1.010015
1.050942 1.248949 0.879426 0.916876 0.889431 0.903454
1.158332 1.097214 0.860258 0.834917 0.979635 1.133686 1.058350 1.062749 0.984826 0.907837 0.963329 1.047454 0.972400 1.029631 1.067419 1.229452 1.151036 1.070761
1.103669 0.967651 0.971717 1.066411 1.145717 1.188057 0.871533 1.217444
0.805388 1.109214 1.106120 0.814714 1.241056 1.213099 0.912514 1.085998 1.115154 0.798860 0.820374 0.894437 0.904411 1.134004 1.004608 0.838843 1.119491 1.208205
1.207224 1.143197 0.962973 0.906659 1.165090 1.166861 1.074163 1.110290 0.881930 1.087824 1.235718 1.199254 1.168174 0.919370 0.908266
0.992875 1.059667 0.847414 0.989938 1.123697 1.235012 0.908195 1.222027 1.086625 1.030935 1.142243 0.928655 0.948633 0.995154 0.914023 0.992641
0.911548 0.900992 0.809643 0.936466 1.227918 0.971888 1.122015 0.934134 0.933983 1.041530 1.212024 1.079261 1.040599 0.824282 0.821225 1.130342 1.017629
1.053121 1.074469 0.961281 1.172800 1.229425 1.087728 0.911771 0.983643 1.021268 0.949973 0.838549 1.027947 0.973236
0.957204 1.162526 0.815632 0.844122 0.969696
0.829178 1.102997 0.926075 0.922957 0.940841 1.136047 1.058772 0.971805 0.984859 0.883627 0.804939 0.866201 0.846344 0.863997 0.922614 0.833295 1.018532 1.081914
1.233403 1.111750 0.882835 0.969963 0.852011 0.987709 1.019383 0.922289 1.046456 1.146320 0.815146 1.172117
0.813887 1.144945 1.026896 0.892950 0.809676 1.068764
1.053716 1.024132 0.861009 1.213382 1.109495 1.013332 0.948151
1.040598 1.038640 1.002519 0.833836 0.875383
1.050784 0.803710 1.213045 0.826075 1.080853 0.940717
0.813695 1.026338 0.930479 0.905873 0.982900 1.103992 0.802758
1.029775 0.924440 0.965523 0.876576 1.195823 1.054184 1.086084 1.112529 1.186705 1.036673 1.162836 0.864006 1.101445 0.982302 0.896091 0.820718 0.976599 0.927132 0.814169 0.995987 0.895618 1.069952 1.013317
1.136378 1.255098 1.061411 0.818776 1.249003 0.897398 0.979472 1.238515 1.105188 0.990838 1.226305
0.816292 1.211302 1.018704 0.986474 0.838635 1.040694 1.127917 1.114143 1.016774 1.094578
1.058074 1.105890 1.212004 1.040058 1.036480 0.944587 0.836814 0.984747 1.238572 1.170161 1.067160 0.932617
0.972699 0.991245 0.992569 0.991777 1.026412 0.820952
0.835744 0.953178 0.869504 0.858699 0.796309 0.934531 1.230499 0.994756 0.843737 0.828637
1.040204 0.913151 1.176180
1.020195 0.796269 1.085172 0.890601 0.950408 1.223274 1.117940 1.118133 1.012814
1.043161 0.809361 0.816995 1.101438 1.063002 1.103780 1.038243 0.895786 1.132524 1.098153 1.033757 1.186929 1.041283 1.123239 0.820808 1.041012 1.158101 1.247709 0.804305
1.231876 0.875821 1.080011 0.919295 0.971041 1.164972 1.230518 1.125623 0.870762 1.044242 0.900221 1.123497 0.804889 0.913033 0.993270 1.194779 1.066597 1.138704 0.923631 1.185200 0.993581 1.066818 1.136777 0.973366
0.861020 1.143325 0.901689 0.982719 0.822121 0.819168 1.024331 0.999926
1.228891 0.829577 0.835427 0.928567 0.989523 1.032680 0.948750 0.953407 1.186274 1.054182 0.983254 1.169464 1.136335 0.911248 1.140607
0.860330 0.928367 0.964079 0.886752 1.242888 1.011479 0.979451 1.156870 1.071888 1.142043 0.815705 1.146855 1.010016 0.987567 0.898603 0.885533 1.110917 1.006136 0.799515 1.093342
0.875806 0.971311 1.168667 1.196309 0.824439 0.957723 0.834884 0.871915
0.832075 0.802489 0.931437 0.958356 1.238079
0.931634 0.847821 1.199686 1.011216 1.088584 0.909282 1.222805 0.944008 0.796220 1.000862 0.994275 0.874173 0.834410 1.169745
0.998735 1.228806 1.062188 0.933181 1.059613 1.153368 0.914902 1.026595 1.149395 0.804388 0.834809
0.956138 0.895328 0.820957 0.801833 0.915341 0.804355
0.944343 0.851266 0.869902 0.991450 0.901187 1.008138 0.853159 1.114949 1.087158 1.070409 1.124459 1.231163 0.896565 0.931704
1.044801 0.864143 0.990075 0.820187 1.245855 1.152342 1.013021 0.938474 0.860061 0.797242 0.991987 1.071773 0.951186
0.862262 1.222516 0.868728 1.089154 1.187880 0.987978 1.050433 0.873287 1.041422 1.010614 0.963163 1.108727 1.102970 0.896158 0.913926 1.237920 1.087222 1.240060 0.991565 0.886325 0.859512
1.239751 1.033786 1.042670 1.026052 1.132623 1.093914 0.939793 1.209641 1.245109 0.913663 0.881411 0.910136 1.059256 1.054386 0.969520
0.955424 1.102980 0.942067 0.945633 1.039610 1.247507 0.915935 0.910958 0.966804 1.029926 0.926915 1.145337 1.163730 0.978974 1.193854
1.125930 0.897574 1.081548 0.904716 0.951845 1.126993 0.945743 0.974194 1.078066 1.068917 0.963650 1.170808 0.947525 0.881218
1.011801 0.955801 1.147926 0.927276 1.147122 0.994220 1.028295 0.812855 0.885361 0.856219 0.978776
0.954902 0.978226 1.060929 0.907855 0.956666 1.013246 1.032933 1.093425 0.927614 0.837784 1.080809 1.235755 1.029062 1.100033 1.160928 0.905519
1.130153 1.182817 1.250051 1.244490 0.889356 1.205272 1.131393 0.825023 1.067539 0.835902 0.887140 1.050646 1.203149 1.107152 0.848041 0.794731 1.135793 1.117535 0.934621 0.981516 0.962433 0.888102 0.824041 0.988590
1.183131 1.042855 0.969757 1.096798 0.813303 1.072795 0.937041 0.929476 0.826573 1.154179 0.992166 0.921247 1.072556 1.086101
0.945034 1.033790 1.146133 0.898423 0.888987 1.134618 0.912374 1.111009 0.907599 1.133250 0.997417 0.840376 0.938547 0.814788 1.068047 0.886081 1.105967 0.979784 1.133478 0.834949 0.809334 1.037721 1.089877 1.125737 0.847379 0.893603
1.240786 1.017869 0.917728 0.880884 1.162328 1.022127 0.953898
1.097054 0.810159 0.999005 1.222439 0.989817 1.134137 0.972547 0.877093 0.865531 0.985749 1.054296 1.171621 1.171709 1.188656 0.967139 1.128927 0.853666
1.238832 0.854165 0.813179 0.926137 1.085178 1.184061 0.932680 0.976447 1.020622 0.948270 0.898679
1.037327 0.876633 1.207968 1.176914 1.021931 0.994887 1.179980 1.111414 0.929858 0.931101 1.027786 1.251911 0.954804 1.090809 0.895233 1.231674 1.032705 0.854622 1.156158 0.840215 1.142165
1.098799 1.171496 0.828959 0.934441 1.202335 1.055318 1.114250 0.936547 1.016235 1.081009 1.229986 1.116204 0.898441 1.212084 0.887150 1.025036 0.893283 1.025709 0.979858
1.258531 1.068876 1.195263 0.897380 0.945332 0.900847 1.188736 1.129706 0.984450 0.837304 1.244522 0.827531 1.236183 1.087121 1.029611
1.058976 0.900868 1.120493 1.008206 1.208977 1.080438 1.081194 0.946190 0.860761 0.889416 1.177430
1.156446 0.915738 1.190847 1.040497 0.972798 0.975764 0.899472
0.951297 1.185473 1.033037 1.084905 1.222173 0.937226 0.887953 1.061402 1.148087 1.182440 1.055988 1.126646 1.166441 1.146258 1.171473 0.964934 0.851769 0.838506 0.801790 0.830921 0.916345 0.947836 0.936745 1.238848 1.196759 1.082794 0.859995 1.072533 0.816874 1.087676 1.157272 0.901348 0.841827 1.054658 0.980207
0.966180 0.870118 1.058759 0.974867 1.084936 0.832660 1.133306 1.156462 0.894303 0.835331 0.850525 0.907536 1.146948 0.986725 1.072275 1.035416 1.128890 0.982463 0.960901 1.119067 0.952733
0.845974 0.970524 0.834885 1.026429 0.797410 1.064228 1.089930 1.043320 0.909346 0.929362 1.057888 1.226724 0.815592 1.239865 1.158182 1.066733 1.235581 0.889832 1.185379 0.942708 1.125454
0.864192 0.846377 1.057586 1.073267 1.043161 0.926758 0.989530 0.854711 0.860778 0.843927 1.147497 1.096227 1.082427 0.877630 1.108698
1.076101 0.913024 1.018518 0.913200 0.821493 1.187513 1.036231 1.131365 1.258166 0.969692 0.798532 1.091931 0.839756 0.955429 0.827373 0.890664 1.094683 1.182063 0.837363 1.022566 0.923915
0.857758 0.928372 0.840191 0.932898 1.249601 1.101115 1.102567 1.197259 1.145036 0.993193 0.971765 0.799553 1.082550 1.025182 0.964343 0.829772 1.123578 1.238158 0.801302 0.839900 1.067326 1.256857 1.000604 0.870351 1.022739
0.966443 0.929926 0.804715 1.104148 0.828052 0.821284 0.908133 0.862874 0.822854 0.893362 0.916405 0.858553 1.164660 1.162602 1.121853 0.840573 0.892786 1.017879 1.043622 1.251825 0.795130 0.861592 1.253787 1.070109
0.919582 0.911237 0.903935 1.195382 0.916510 0.958560 1.034020 0.819775 1.184751 1.044848 1.047641 1.195646 0.967260 0.921496
1.125853 1.207225 0.952775 0.910383 0.958783 0.919102 0.913650 0.981426 0.877629 0.966574 0.890835 0.858795 0.912318 0.960839 1.152471
0.888267 1.026014 1.146048 0.919533 0.976153 0.879661 0.797089 1.094211 1.074000 1.211440 1.104865 0.954147 0.933449
0.818541 0.807690 0.837476 0.865144 1.196223 0.939182 1.087559 0.959806 1.005315 0.895122 0.909767 1.024199 0.971132 1.058740 1.246374 0.947077 1.125321
0.935691 1.156539 0.868177 1.129354 0.826002 1.089715 0.972972 0.934414 1.157658 1.073972
1.088089 0.928601 0.880719 0.986276 0.826191
0.966855 0.895199 1.176595 1.009164 0.858216 1.242826 1.089967 1.034321 0.878706 1.122003
0.957864 1.014314 1.005768 0.949458 0.818841 1.190288 0.903183 0.920914 1.074024 0.998429 0.802575 0.832550 1.022473 0.882392 1.154145 0.838205 1.207593
1.027926 0.822538 1.205285 1.122576 1.021961 0.943050 0.939253
0.969535 1.220489 1.204602 1.106732 1.100915 0.972512 0.992791
0.886822 0.886006 0.868340 0.957079 1.256510 1.186155 0.836192 1.042005 1.063143 1.048435
0.928283 1.079643 1.055664 1.107141 0.957825 1.195334 0.868289 1.128730 0.984629 0.967627 0.890861 0.924463 1.199803 1.023820 1.234996 0.901999
1.172588 0.911012 0.908296 0.997554 0.876663 1.207870 0.969225 0.940525 0.806792 1.102528 1.080363 1.011828 1.253172 0.818741 1.050903 0.899657 1.186655 0.979842 1.061054 0.873880 1.111111 1.067330 1.107389
1.152394 1.014098 1.111267 0.808801 1.033555 0.859428 0.976668 1.076841 1.087174 1.186119 0.974024 0.876515 0.798959 0.939944 1.024914 0.824487 1.070110 1.248604 1.061904 1.214241 0.986254 1.188286 1.048823
1.201265 0.857397 0.957996 1.214711 0.910175 0.799174 0.799995 0.902085 1.019052 0.828931 1.029075 1.028350 1.256282 1.035115
1.231478 1.106438 0.901799 1.085964 0.999348 1.092562 1.036853
1.218551 1.067314 0.837675 1.091504 0.885064 1.037015 0.852870 1.185101 0.804523 0.911006 0.872701
1.122337 1.255727 0.794508 0.920710 1.044365 0.965438 0.906486 0.881577 0.976336 0.807984 0.874032 0.831449 1.215883 0.898964 1.045317
0.843655 1.196150 1.187428 1.231766 1.038286 0.932274 0.981438 0.835049 1.146256 1.090305 1.234209 1.000054 1.225800 0.899594 0.902374 1.106590
0.873765 1.233427 0.988082 1.241417 1.000550 0.983189 1.016016 0.963703 1.135731 0.964440 1.000996 1.184035
1.242688 1.131747 1.039385 0.870443 1.127227 1.076693 1.083219 1.211737 0.932394 1.162509 0.843968 0.979517 0.888952 1.136585 0.935928 1.047558 1.044495 1.046682 1.008001 0.848392 0.901500 1.006629 1.010450 1.216397 0.919365 1.065812
1.044241 0.807456 0.924268 1.207489 1.044324 0.950892 0.922365 1.094670 1.051802 1.028213 0.926003 0.969231 1.141315
0.947815 0.802309 1.145730 0.935748 1.130533 0.812882 0.941595 0.930507 1.125333 1.042143 1.232249
1.188523 0.954150 1.042387 0.867210 1.027509 1.244653 1.127021
1.083774 1.198247 0.877427 0.960628 1.119931 0.974970 0.815289 0.940313 1.056945 1.064077 0.890413 0.966950 1.033177
1.233824 1.005314 0.846497 1.077185 0.814017 0.832887 1.104818 1.067136 1.068224 0.897647 1.173801 0.934056 1.155599 1.034197 1.192934 0.866042 0.891659 1.232712 1.210872 0.833751 0.885235 0.968483 0.970218 0.942116 0.919495 1.152857 0.842979 0.804852 1.177270 1.043300 0.819736 0.978625
0.998477 1.194221 1.075667 1.102405 0.934086 0.864403 0.881962 1.047720 1.016378 0.834000 1.173686 0.992250 1.117515 1.056390 1.136829 1.132931 0.904035 0.843488 0.888233 0.861672 1.225863 0.840162 0.864442 0.944167 1.095218 0.849907 1.031104 1.113353 1.092458 0.934832 0.921733
