3.485229 0.321470 3.543097 14.332963 7.093297
0.188237 4.012545 1.804396 2.468476 0.468231 1.601398 1.171410 0.898144 8.599810
2.570816 3.266277 0.798069 2.661617 0.436580 1.291414 1.955724 2.604528 2.228567 0.398030 2.360366
12.716139 0.255859 5.322680 0.767795 3.025657 0.467035 1.338870 2.621543 3.837250 0.149123 2.757754 0.246332 1.388983 1.016592 3.808934 4.487421
4.443304 4.983336 0.278841 0.670777 0.357203 1.914500 2.163311
1.052085 0.169695 2.594651 4.323382 0.059204 4.971627 0.127167
3.088767 0.283500 3.659764 1.309930 3.285511 0.126619 0.935829
3.243073 0.194807 2.315976 1.844662 0.067201 1.310707 0.736368 0.732564 4.400594
1.672653 3.894886 4.686553 0.021605 2.528536 4.358796 0.552832 0.308800 1.575276 0.829169
0.688764 0.365742 3.979937 1.874597
0.576189 3.039652 4.296389 0.415591 2.964248 3.103486 3.278047
4.657706 0.852472 2.240198 1.288970 3.723750 9.388530 0.668070 0.998044 2.599200 3.762214
3.923560 3.459457 6.892848 6.408938 1.363499 3.072232 8.911113 0.432315 0.374083 10.381751 0.494603 1.316898 3.404490 0.583393 0.274925 0.349936 0.196023 4.565431 0.815060 0.043490 0.293868 4.121950 2.940998
6.981957 0.120155 0.189101 2.293925 4.844940 2.158930 11.425388 3.331303 1.355935 0.492420 0.730549 0.550485 1.082999 1.066599 0.328922 0.880668 0.577449 0.134560 2.472929 2.160052 0.425780 0.057534
7.145787 9.085902 0.270450 1.018665 2.546424 4.319043 27.126618 7.069415 0.542410 0.084481 0.017096 0.132523 0.057278 2.212760 0.298073 0.177537 0.605559 22.517364 0.296995 1.796906 0.084037 15.935399 0.149604 10.135629 9.002492 4.155851 0.275866 0.052718 1.619013 2.372024 0.317788 1.032518 0.123999 0.146222 1.895561 2.157324 0.015115 0.082628 0.293823
30.008179 3.752560 38.471927 0.943454 0.138266 0.621475 0.239794 6.157523 0.086216 0.076795 4.718024 0.006622 0.106654 1.731843 1.067660 0.912310 0.501375 10.341814 0.239971 5.809985 1.453876 1.097597 0.053619 0.071684 0.012423 1.761858 0.008458
1.310194 1.223720 5.402457 14.934335 0.638822 0.163509 2.188887 0.844533 9.634925 0.223258 0.289494 0.101007 3.887202 2.009215 0.875533 1.629111 1.459937 1.040070 0.056226 4.622307 1.404403 0.310930 1.009492 0.618959 0.165038 0.448787 5.160482 9.121254 1.917378 1.257203 0.128466 0.548070 3.212462
7.240022 1.988430 2.791591 2.126054 0.274956 0.457684 2.166910 0.053952 0.347343 1.395372 1.606763 0.601699 0.479030 0.137653 8.697308
0.512451 2.751510 3.980303 0.822185 3.112068 1.691941
14.551957 3.269982 0.226041 2.026868 1.363668 2.364870 2.636752 0.254550 2.476770 0.111143 2.929913 0.288960 0.089067 0.047434
4.023559 1.920612 0.412765 0.047358 2.748515 0.955594
2.929440 3.467914 0.535209 1.732679
3.788603 0.335513 0.261218 8.739388 3.287421 1.203384 0.720500 19.299082 0.270978
5.207392 13.358485 3.390517 0.661619 5.058550 0.079572 0.006981 3.219799 0.011100 13.668595 3.025548 1.404722 1.919939 1.838654 6.226220 3.207870
5.043815 2.028102 18.855470 0.447514 1.158872 2.700719 2.526017 0.228832 2.393226 0.456406 2.271334 0.567672 0.801261 0.133729 1.792394 0.973433 1.390719 0.732121 3.267434
3.471847 1.472265 0.449362 2.543847 0.022066 7.267607 0.733939 0.398585 2.745650 0.893943 0.019398 2.992784 0.842061 1.655676 4.787634 0.063589 4.521813 4.578249 1.135624 1.160406 1.449696 0.220578
3.073024 0.311970 4.594044 3.247559 0.548583 1.252608 0.203659 0.249776 1.523634 1.856583 3.563447 3.818970 2.605235 4.131105
0.055451 1.093033 0.421905 16.262843 6.869117 0.745591 0.942764 2.828224 3.110805 8.652497 1.297235 22.847968 2.236544
2.024408 1.563205 0.184136 0.485493 1.620922 11.977424 0.761128 0.147150 3.825817 0.301548 7.141310 5.023199 2.319647 2.620701 0.657321 0.885274 2.280389 1.974129 0.455960 1.383088
2.736900 0.021507 3.645019 3.601173 0.653553 4.148281 1.804879
2.415687 0.651877 8.809774 1.972167 4.577715 0.032998 3.517904 0.349791 2.754213 0.113807 0.701961 0.374335 3.785870
3.568300 0.915880 0.096698 3.176401 1.062772 3.459356 0.075613 3.565120 24.628486 0.346293
15.669988 0.939188 1.764663 0.388245 4.394261 1.127901 8.312865 0.726760 0.068908 0.686678 1.242345 1.810586
15.167350 1.612200 5.280769 0.013952 4.085811 0.736120 2.806529 1.854565 0.922360 2.022265 0.125871 0.468946 5.947647 0.559071
3.732629 1.398775 9.144272 0.421065 2.371207 0.098263 2.510223 4.932240 0.023620 0.821923 3.091543 0.621485 0.187008 0.506303 0.601421 0.710174 0.018580 1.195487 0.615904 1.149617 0.436185 3.195623 3.016392 1.971321
2.657846 0.501316 0.161787 0.272939 6.563310 8.196942 3.774808 4.671855 0.622431 1.746548 0.708805 1.982079 0.372967 3.326537 0.664079 5.055645
0.383346 0.178891 0.024429 1.991396 1.307985 2.546429 2.562144 2.788252 4.393671 1.868883 0.160014 1.305151
2.226292 5.620023 0.098120 0.183228 0.966062 0.403436 3.855174 4.429400 1.649961 8.249385 0.050628 7.531836 1.639196 12.072140 2.779275 0.529917 0.943651 6.199960 5.261010
3.215022 0.674083 1.526756 0.151345 5.367319 2.074871 4.877949 1.227452 2.620772 3.302323
0.582850 0.227580 0.478851 0.271614 4.407148 5.311069 4.636381 0.857616 1.147164 2.508758
37.221934 4.426998 0.059302 4.035603 0.425843 7.970040 0.026234 0.250377 1.018975 0.839755 1.920448 0.043867 1.150288 0.043202 4.095894 0.425943 0.338038 3.405525 10.746397 2.113204 1.506266 10.593750 1.361666 2.594553
4.039120 4.739524 0.653565 0.710597 1.662515 2.710319 0.433851 21.821159 0.014289 1.889756 0.020673 1.397053 1.388202 0.968487 10.722128 8.157521 0.553976 2.929402 12.316188 2.485160 1.503615 5.485913
2.616125 0.463309 0.187937 8.688325 0.100449 0.464250 5.718863 0.042718 5.814755 7.668047 1.495086 1.597607 0.941140 1.121628 1.355118 0.836033 6.564292 0.056824 3.111424
4.731776 14.058393 3.429353 1.669006 0.227519 0.069647 0.227783 2.170907 4.757013 12.352165 0.245290 8.084701 0.456769
2.754577 2.253893 0.457778 0.605007 2.049080 0.484786 8.232631 0.204524 0.199625 1.771983
3.168033 1.132647 0.207488 8.611371 1.292885 0.958480 1.943919 0.356568 1.397815 1.597902 2.247932
4.653862 4.667252 0.281132 1.338388 0.247783 1.902582 3.014119 4.355751 1.161013
1.988358 4.747993 2.418060 0.245550 0.321219 5.334939 1.868121 2.690820 1.360616 2.210741 0.337718 3.113651
1.375956 3.471785 0.017423 0.641014 4.517177 3.769368 3.371431
3.038009 7.245003 1.919128 0.392147 0.886414 0.051674 18.068900 1.586784 0.284307 7.227883
2.724623 0.712535 11.639427 0.491271 1.685343 0.250338 0.315026
0.040838 17.102077 5.215146 2.481035 0.023276 0.207578 3.569659 3.865055 0.825625 1.238302 0.384943 0.094965 3.679671 2.802080 0.099011 0.254573 12.227712 0.056486 3.330271 0.304814 11.859423 0.619976 1.809226 0.223634 3.007193 0.604481 0.670254 1.677860 1.152308 0.344671 2.767261
0.138961 1.091922 3.762356 0.070709 7.309220 2.596519 2.992057 4.664542 1.480106 6.579453 0.661669 0.712889 0.747844 0.025834 0.732741 0.134165 0.030366 1.498138 0.112759 0.074473 2.476561 0.286790 1.666397 0.290268 0.278989 2.324187 1.403100 4.772853 0.340977 0.383590 0.166245 0.648056 0.398520 0.084526 0.663256 0.174790 0.319580 0.050897 2.308111
5.691349 4.033895 0.858292 14.467184 4.992563 0.006170 0.429024 0.093319 0.169355 0.655094 0.105881 0.039186 0.113144 13.670033 0.241165 1.719065 51.564987 0.002763 2.420031 0.103105 9.423701 0.614914 0.667372 0.759106 0.006266 2.390992
17.143810 26.022337 0.516268 0.331500 12.171168 0.452563 1.810829 13.683726 0.095481 0.571856 0.740469 0.271510 0.075933 0.450045 0.115612 0.096307 9.660740 1.908237 0.967136 6.057599 0.054754 0.616750 0.628272 0.216600 0.011033 0.208419 6.652489 1.953931
8.968592 0.131436 0.830610 1.311258 9.069767 0.024157 0.879711 7.383667 9.124518 1.536047 3.165596 0.040075 0.683802 0.078426 0.157077 5.064877 6.828589 133.107167 2.621642
6.056034 5.616461 0.087769 0.017021 30.173267 0.195563 0.592537 4.638994 16.625256 0.048529 0.874985 1.924968 2.837299 2.013627 1.009232 1.027953 15.274631 1.520822 8.426802 0.646863 0.985732 40.205482 0.762690 1.887498 0.011750 1.450847 46.955143
4.122794 0.174879 5.079722 2.243716 5.529583 7.586813 2.503591 0.400773 0.371952 0.573688 0.506445 2.626921 1.757114 1.411589 2.113793 1.039876 0.117806 2.037442
2.471120 0.517861 0.328361 2.205674
4.023547 1.743021 3.366431 0.150555 0.834171 0.737588 6.135896 0.143002 0.014192 0.476150 3.715240 0.038745 0.002176 4.308545 0.378090 2.372546 0.187128 1.613229 0.021829 1.362613 2.767369 0.213169 0.289966 0.890338 2.134425 3.313679 0.575506 0.652718 1.191688 2.412487 1.934901 0.998661 0.202553 0.280406
0.006862 18.950026 13.415616 0.884835 0.330647 2.564158 4.475287 5.291093 7.412860 0.265130 4.065378 0.231089 0.525508 0.620106 0.237916 0.259835 4.256387 4.542359 0.519021 16.156675 0.245484 1.645103 0.092802 0.075140 0.682854
5.804298 12.946988 1.396329 8.815669 0.456436 3.066212 5.270775 0.406162 3.771506 0.365878 0.848241 0.066958 0.118114 0.092958 2.057623 0.390566 1.077741
12.289291 1.514572 0.196807 0.079605 1.345255 2.737287 3.061356 1.198151 0.845692 0.386557 0.578431 1.040597 0.129446 0.215910 0.998124 1.169058 2.439517 1.595958
4.049171 2.204219 0.081583 3.311852 0.553736 0.147805 0.395400 1.906387 2.818670 1.748737 2.545789
1.797883 0.894822 0.980775 0.147703 0.972791 0.501554 1.407821 1.836363 5.147285 5.985237 0.109041 8.182761 0.309766 2.965764 1.411577 0.037465 1.932323 0.547707
22.495234 1.977634 0.528487 0.982255 0.747265 0.231100 4.694589 15.832132 1.146150 1.830148 5.013762 3.510280 0.362102 0.053409 1.598491 0.748663 1.263899 0.368262 4.209735 1.942411 0.848079
2.329107 4.031574 4.330468 0.085104 0.401482 2.557665 0.496157 3.432135 3.122281 1.288702 0.719779 0.120437
0.208875 0.506870 6.187099 0.327380 3.845854 1.616441 9.454118 1.828233 2.065213 1.343974 11.260500
5.909716 7.251143 0.204234 1.147520 0.227870 0.156278 0.128255 2.731223 9.539158 1.616426 27.242840 0.694722 0.545567 7.751336 0.170813 0.268869 3.221759 0.469477 6.900963 3.652159
9.709633 0.228700 0.845989 0.123683 10.649491 0.725188 3.068975 0.245625 2.322507 0.939827 3.287524 4.086941 0.428325 0.121528 0.937627 8.273298 1.645014 4.943706 1.418390 1.414755 0.131670 1.492078 0.610807 0.165863 1.415253 0.525413
3.085121 0.271266 7.204225 0.866701 0.259790 1.150688 1.086267 3.015972 1.532399 0.191598 7.204615 1.506809 1.116675 0.675199 0.684923 0.720590 0.314671 2.740162 0.628490 3.562582
4.138162 3.214613 5.427763 4.825067 4.628085 0.846567 1.409532 0.487309 0.016698 0.145636 0.259798 5.856138 6.514727 3.281998 0.385877 0.405014 1.096817 1.318580
2.230307 3.402692 0.276485 1.874758
2.695155 0.256290 3.427260 6.679347 5.388943 1.839854
0.412480 5.901859 4.207558 2.959825 3.033022 0.275370 0.619156
0.195881 4.696594 0.580995 0.185151 0.935331 2.970667 1.115508 4.640063 6.337619 1.494587 6.110604 3.194316 0.458486 1.199702 1.600474 0.136332 0.359590 2.323521 0.468878
0.316882 34.147669 4.119176 0.109545 0.304280 0.458596 0.270942 1.765184 2.719086 3.776704 0.347248 2.767859 3.230154 2.541216 0.154212 0.665485 12.738606 0.250296
3.778432 4.360443 0.396288 6.809490 30.225164 0.664107 4.855647 0.333390 0.044121 0.989070 0.042853 2.450002 0.091959 3.584351 2.081540 0.856172 0.066248 2.117446 0.250748 2.457313 4.353531 2.221429
0.127562 14.447974 0.076097 2.256594 32.364804 3.794094 0.618408 1.940449 11.390479 0.031856 2.458927 2.651767 0.216476
1.764861 0.260975 11.918434 1.822974 0.019207 2.552432 1.522282 1.842915 10.100504 0.235490 0.038303 0.134704 0.447125 5.964887 1.030885
0.196280 1.508801 0.208653 5.139362 2.275010 1.427881 2.117082 2.880812 3.774395 1.056900 0.329380 0.328571 1.489459
0.036837 2.085349 3.395992 5.965943
7.071694 22.963633 0.209974 8.198669 7.995898 12.061930 0.038735 0.021282 1.158373 0.002844 3.030348 0.021012 2.426675 0.186088 1.066368 0.200625 8.384149 3.754634 0.181605 0.021576
22.231302 2.844273 5.765949 21.851903 7.649208 0.455014 0.231727 0.113463 0.238721 0.332681 1.327630 2.533855 0.241228 0.953296 5.036487 0.833941 1.206601 7.720938 0.738245 1.235281 1.836417 1.422691 1.316036 0.112462 2.257201 1.807433 0.033376 3.284763 0.944487 0.582701 29.550463 0.835984 0.104740 3.486707 1.245013
1.162300 3.635845 2.455521 0.144381 0.757631 0.375307 0.237830 1.664470 16.342961 3.782365 2.865461 1.661262 3.918005 0.228923 8.058240 17.783380 0.854608 2.874097 1.409547 2.036899 1.075481
0.783993 0.272611 6.053154 0.822206 1.385577 3.349899 9.797551 2.700520 0.139278 0.795637 0.023370 0.656151
5.732181 2.684933 0.258403 14.861443 0.179020 1.837187 0.303251 5.717540 30.264220 0.851968 1.021279
3.615108 0.170907 3.297755 0.532451 2.377389 0.466345 0.194258 0.114191 1.983571 0.586270 0.485104
2.346376 2.192673 0.238806 1.917818 0.978399 0.616053
2.372022 4.875627 8.723588 1.545383 0.198713 0.879119 1.400003 2.502701 5.405897 2.053512 2.792091
4.024161 5.695003 0.297106 2.085210 0.581998 0.825953
8.228202 0.169365 2.025357 0.020460 1.314263 2.552727 1.419107 1.552656 0.408072 7.173808 0.170925
2.739809 2.981240 2.570642 2.229460 0.681416 0.259217 4.536444 0.058766 0.377844 0.371830 1.357687 0.105126
9.563574 0.331483 12.736788 4.484071 0.228625 7.857518 2.594223 1.013611 0.232310 3.409904 1.522546 2.249796 0.128154
1.262048 0.087960 38.859040 2.317634 18.214398 0.753560 1.004912 0.232062 1.070863 0.578639
3.085127 1.659324 15.430652 0.054302 2.258264 1.340449 2.190656 2.112885 1.787471 1.953439 1.560506
3.751219 0.363328 2.724488 0.116580 3.413816 2.700961 1.395463 1.582447 0.972454 11.531129 8.224953 1.838234 0.289403 3.052106 0.392653 0.252837 1.535738 0.175455 6.510664 2.888629 0.468530 3.595498
0.558942 7.289900 0.224738 2.541329 1.366450 1.371587 5.455073 3.136212 2.197777 0.917246 0.538691
0.150756 9.506091 10.463393 0.559664 0.913398 0.221272 7.343366 0.892865 2.726510 0.475970 5.021872 13.828804 2.472805 0.183320 2.894381 0.173902 1.358194 75.602392 0.499245 0.324215 15.319798 0.573343 1.643389 1.353032 0.940146
