4.517141 5.155310 1.395486 5.356325 1.530675 0.648535 6.753005
5.875029 5.744671 0.013796 4.519293 4.039189 5.417378 2.529875 1.355343 5.527655 0.527881 2.612665 3.121504 5.175422 6.088476 4.610722 1.937975 5.604889
1.544872 7.475474 4.552974 0.448823 3.891437 7.324563 6.430647 5.449677 1.812220 0.532543 5.126644 6.874503 3.886479 3.131955 6.431843 3.058762 1.956878 1.874160 0.728408
4.789208 7.094779 6.168217 1.874892 0.633510 4.763546 6.746641 4.061562 2.400864 0.791456 4.911658 1.032000 2.068796 6.399114 7.193346 3.799314 2.082815 6.924553 3.875441
6.254874 2.077326 0.759090 4.787711 1.779089 6.894424 4.551538 5.444590 2.435086 1.521324 0.828991 2.859087 2.483739 7.194774 6.855772 1.230758 1.817804
4.331853 0.143888 6.180348 6.735115 6.730163 5.558164 6.211059 2.629348 7.436384 7.002807 2.690128 5.638812 4.283103 4.738829 0.139944 5.617166 6.203630
0.801405 2.790211 1.080322 2.854914 0.906171 1.680063 7.078378 4.702363 1.341759 1.872538 4.756211 0.694023 3.437297 1.265237 4.867577 4.514271 4.666063 7.345331 5.706375 3.485969 1.246108
2.380323 6.369427 4.191642 1.398761 3.920946 7.485434 6.073662 2.984843 5.863959
6.682153 3.027060 3.053233
3.199545 5.151846 6.702554 7.491237 2.011065 6.573083
0.851209 6.954585 2.943826 4.281755 3.201545 4.356785 1.617699
6.718886 5.673687 1.231244 4.730343 4.140720 1.988466 5.846057 6.765629 6.345514 0.280184 6.737098 4.996423 6.364550 1.369165 1.743796 0.268716
4.263077 4.067799 2.748885 0.287978 6.071431 5.141206
2.327483 2.514200 6.052216 1.460405 4.703733 1.714508 0.998475 4.152932 5.450677 2.243887 3.518313 7.494068 7.482526 1.929798 1.891195 6.216298 0.246498 1.096759
1.555724 3.977022 7.294542 0.484311 1.882948 4.944856 7.489996 1.864789
7.264457 6.815536 4.648443 6.009678 3.860609 0.873791 6.633784 6.188842 4.549479 3.904632 5.943372 4.438156 3.933878 1.828291 5.234819 6.502028 2.788044 1.619656
0.527377 0.172585 7.064149 0.655612 1.114216 4.075338 5.653732 3.210318 6.180436 1.395339 0.674761 4.868124 1.195083 2.987975 3.840249
1.959469 3.537610 1.459742 4.858213 3.704017 3.056984 7.280385 3.949798 3.714938 1.823917 0.321738 3.073131 3.970062 4.120843 5.679835 0.179204
4.784444 6.151449 3.684878 4.891752 2.413457 1.347342 4.359529 1.852913 1.915899 4.723800 3.443945 3.999250 1.509846 4.708478 1.555811 2.374493 1.819413
6.090837 4.346569 6.380851 1.057691 3.511176 5.292967 0.863150 7.381378 1.542173 1.243980 6.658564 4.693023 2.645966
1.472768 4.044032 6.281642 1.560873 3.494651
1.187314 1.554708 3.675376 0.431311 5.066718 0.397682 4.125420 6.279381 5.640346 6.649963 1.820667 2.545042 7.157371 5.452047 7.497273 7.394784 5.408451 1.572644
3.841691 0.870175 5.523277 1.737866 6.823992 0.269080 4.461093 1.165439 3.730593 0.505747 3.511895 3.192920
5.847707 2.924151 0.073492 1.612964 2.434106 0.429573
4.556388 0.096400 5.975860 5.109232 0.848821 0.097527 0.112428
2.888664 3.081753 0.715654 7.073260 3.995369
0.869968 6.122410 3.630414 2.476929 4.922878 6.759803
5.571062 4.403013 0.916220 3.179221 2.407885 2.789562 7.200830
5.606054 7.419330 0.597269 3.973155 3.013705 5.756511 4.081761 5.980540 2.105670 6.377515 5.305258 0.807545 1.059486 5.470138 2.932648 7.369371 6.263468 5.036472 3.713252 1.628348 6.122980 5.372381 5.693883
3.130171 3.262404 0.460348 7.423534 1.122288 4.622354 3.458904 1.070121 0.821458 0.381763 1.192559
7.043927 2.488674 1.896026 3.158838 1.814519 3.604041 5.514030 3.806817 0.673427 2.614439
0.027468 1.513746 2.257760 1.200270 1.839486 2.507257 5.313581 1.777119 1.897571 3.634963 1.124384 4.633362
3.859687 1.641483 1.156051 2.048990 1.335632 6.545210
4.299422 3.322296 3.277853 5.276245 5.203637 0.186700 3.924240 2.566848 6.621942 2.955335
6.197394 6.816287 2.356331
4.995901 7.404240 2.963649 5.904302 1.168518 3.501976 3.472494 2.558975 0.019869
0.134502 7.416562 6.811375 6.159762 5.412573 6.356688 5.210036 5.541537 2.234681 0.595645 1.171493 2.969307 6.928371 3.353234 3.565081 4.821963 6.720985 0.276442 5.856919
6.592277 7.215594 4.646990 0.241395 5.074448 4.240041 5.556642 5.043891 5.271857 3.992675 7.002759 1.610513 3.682927 6.846599 1.156583 1.156718 3.341127 2.786837 2.755287 7.487870 7.051666 0.961067 2.799078 5.437784
5.764952 5.734240 0.511049 2.074256 6.195864 6.699612 4.528662 1.389994
2.029790 0.937302 6.802916 3.213103 4.268403 1.377517 5.874509 0.728245 4.316762 4.058007 4.354526 5.419199 5.537186 5.152292 4.197357
6.573643 1.475819 4.120520 3.461173 6.461752 5.848102 1.495052 3.070092 2.103661 2.327103 1.524483 4.122633 4.255548 2.550645 3.281539 7.468353 4.778342 0.197291 2.429705 0.462995
1.033133 2.379038 4.210089 3.861487 7.379410 2.515950 3.615978 5.049884
6.420572 7.021169 2.714830 4.359101 4.190873
0.068754 6.681896 0.775078 1.521913 2.134015 0.605930 0.970617 1.463703 5.501910 0.907012 5.810815 3.600185 7.323575 4.375748
0.912734 4.015118 1.730344 6.598528 0.964204 1.684601 1.052049 0.213821 0.364657 1.382418 4.439612
0.227513 1.627440 4.143613 3.575849 1.253337 3.748269
1.028801 6.362751 3.469352 4.476853 4.234209 3.981304 7.333695 6.372607 4.701690 4.240201 2.265180 2.953713 0.578332 5.122262
0.402698 6.385569 0.282610 0.253797 0.773522 4.150696 4.079292 1.026579 5.108763 0.997139 0.813771 3.700649 0.084669
7.138247 1.740674 4.848835 1.780045 4.418286 6.931303 7.137775 6.655291 5.371597 0.194611 5.891116 2.436486 0.535415 2.517786 7.201289 6.107837 2.884666 5.349611 7.461709 4.446717 5.410760
4.672413 1.645811 0.760957 2.542034 1.597129 4.028907 3.747155 2.127247 3.373338 6.555636 4.082722 6.340699 0.364813 5.252495 7.059145
7.260171 5.142165 1.540963 0.324565 5.709133 1.871781 3.639304 4.967813 7.362960 0.414878 4.168212 4.454444 4.930780 5.362941 1.455993
1.604026 6.883934 2.714643 5.734827 7.003909 4.663724 1.129095 7.075366 4.138975 5.695157 5.525612 5.201003 5.831368 3.149900
2.583932 5.792391 1.154228 2.030965 0.879737 4.851370 2.942952 0.345540 1.377115 7.278910 6.254527
3.537326 0.706057 1.877732 5.868541 5.004951 1.949866 2.630397 3.451170 4.441088 7.438787 2.288262 4.679976 3.785882 0.472908 3.310376 7.439620
2.686460 2.454716 0.208468 1.336443 6.208234 2.640652 4.662930 2.858334 0.788679 1.999528 0.222461 3.494574 5.349908 2.924879 5.216548 7.135546 2.994830 5.025037 3.550239 7.018901 4.453159 0.536564 1.524174 5.797870
3.791225 3.315933 5.461220 4.684338 7.099967 2.252358 1.374366 3.634889 7.044555 1.642477 6.606294 7.295682 1.415424 5.705696
5.563076 7.412454 4.054801 0.560908 7.107095 5.032584 1.825032 3.083611 4.059128 5.650072 4.304818 0.552061 3.042552 2.653959 0.742453 2.048823 4.493012 3.827566 3.580176 0.714361 5.702475 7.447053 3.896502 5.129393 5.426336 0.586968
4.823257 4.475032 7.056281 5.680602 4.322109 6.519115 6.076660
2.831018 3.120198 0.258048 2.989350 4.943183 3.263405 6.579916 4.407606 3.200279 2.852919 5.845246 6.286121 2.344383 0.039636 4.303700 4.507579 2.399685
2.985219 6.724560 3.384115 3.771905 1.174969 5.173305 1.987341 1.127751 2.121394 3.955562 3.472962
2.963577 7.448904 0.962109 2.417835 1.648352 3.870195 3.800877 2.148461 7.175042 5.910787 5.477992 6.020515 7.152507 4.692247 7.232232 7.444531 3.110643 5.196954 4.047155 4.234093 0.482965
7.462836 4.095888 7.155500 6.505942 4.333817 5.718171 6.563368 5.423757 5.096188 0.600962 5.382361 5.527776 5.940947 2.343307 2.197875 3.234408 5.546257 0.184862 6.469548
2.117695 6.087095 2.485152 2.468725 0.227749 7.111971 0.571726 6.418915 7.205099 7.033975 2.152058 7.031364 6.238223 4.705334 5.509385
5.365793 6.050092 7.092113 7.291809 1.392616 5.789862 2.414674 4.635269 7.101844 3.662780 4.166928
2.086621 6.129297 4.423853 0.225555 1.158901 2.719971 1.962316
4.409466 5.386002 4.669668 4.976742 4.284009 0.819163 6.265143 3.242760 2.415682 0.014128 4.918161 6.057527 2.552986 4.829941 3.400110 3.992600 7.333763 2.368249 6.892151 5.409420 6.068284 4.077376 5.582983 6.438061 1.999000 0.666732 2.217932 1.969082 5.355406 4.980981 1.598294 2.582243 1.614810 3.540312 4.854619
5.293396 5.939866 0.044744 4.761038 3.483967 1.293259 0.959702 4.089405 6.333490 4.828991 5.607956 2.675699 4.907200 2.130133 4.843613 3.374301 0.451537 2.806091 1.882463 4.726414 0.682161
2.451057 0.657546 6.863159 3.368266 5.510015 6.488725 2.520151 2.703917 0.579474 5.839348 5.601823 6.012822 6.339168 2.329042 2.072091 6.975958 3.278032 4.618132 2.247902 2.971466 2.436716
3.812530 1.092217 1.367089 1.796546 1.541340 0.827903 4.672872 1.168300 0.820310 1.968171 1.141309 1.438983 3.014579 6.586880 3.906945
3.625469 6.487617 1.771350 6.302956 6.470552 1.026093 3.671956 1.992230 0.257249 7.066344 5.330698 5.684788 4.274302 3.800732 7.459235 5.970283 3.247946 5.361619 5.440490 5.522858 1.438623
6.699636 5.460482 6.924116 0.764258 2.449663 3.278117 3.654202 5.118980 5.286000 0.244618 3.398096 1.208877 6.693496 0.943705 1.087138 3.267842 3.927201 2.238857 4.143330 0.846391 3.305727 3.674525 3.950594 3.901172 4.112633
1.916031 3.833080 0.018891 1.018487 0.058884 5.821879 4.064244 3.648395 7.219273 2.194554 4.612621 1.824057 1.198487 1.392386 1.382652 5.981331 5.665031 0.467939 2.201978 4.399654 1.434982 3.087599 5.344517 0.014141
4.088558 1.276985 1.990120 1.963232 3.138786 5.314745 5.607389 5.911263 1.273165 4.616218 1.000135 4.682043 3.626117 5.950728
1.390070 4.365098 0.207094 0.532685 1.400746 0.025572 0.460036 3.983319 2.232235 7.387168 5.692213 5.296289 2.867473 2.920315 1.775000
6.411451 3.679574 2.568595 2.813141 1.357600 5.427507 6.770904 5.877641 1.363392 4.335632 2.117994 4.244722 2.735050
6.335248 0.065223 0.578062 7.242929 1.563825 4.769998 1.148707 6.885549 6.806477 3.039778 7.251679 7.308761 4.547902 3.733440 5.929247 3.936573 6.367030
4.316815 0.133636 7.384105 2.909534 4.084790 1.713570 3.460386 2.450242 0.211287 4.101255
4.673895 0.585607 7.402000 2.135824 6.016336
1.207680 3.397145 3.375565 3.547919 6.824212 3.117477 5.155192 5.528682 6.091267 2.919120
5.845327 1.138830 7.375621 6.126038 5.344254 3.835808 6.670187 4.192502 5.619337 1.077318 6.100903 5.430309 5.055304 6.251032 0.270715 2.648554 4.001883
1.650587 6.610115 1.966646 4.195495 0.945990 4.933647 3.611217
3.232430 2.588765 1.417197 0.234319 5.313580 6.755667 0.116564
2.515860 0.825824 0.013807 4.756608 2.024303 3.655118 6.127870 5.427077 5.586492 2.058339
6.461611 0.783106 3.100683 2.983444 2.123771 2.935044 6.026891 2.467408 1.763169 3.939685 4.452729 6.823779 3.653668 1.906020 5.240485 4.848214
0.950786 2.417970 6.475277 1.739319 7.142312 3.584103 0.278535 5.046815 6.651225 2.228234 6.137766 0.789453 4.066632 5.326957 4.991142 6.778095 5.170811 1.035951 4.294178 0.784596 3.747157 2.116859 6.923097
3.043490 1.915041 1.668953 7.351060 3.265799 1.468841 0.096031 4.918807 6.023546 1.707836 0.943936 7.177834 2.075846 3.647854 2.796977 7.032814 4.213224 5.352237 0.879813 6.562455 1.193334 1.070955 6.665585
4.327887 5.089634 0.892574 2.575852 2.451096 6.600769 6.116471 4.999999 3.138489 2.762819 4.284320 3.232004 3.872863 3.981819
4.600593 2.721271 4.866986 3.622549 5.811960 0.986563 2.427661
3.560103 1.521933 3.921941 3.702175 7.052352 5.579704 5.642034 0.155390 5.596223 1.421591 5.435874
0.976402 3.533742 5.926112 0.526512 1.166928 2.188703 3.660627 4.849136 1.006583 1.619761 3.143069 2.788593 2.979491 6.716331 1.555306
5.071501 4.760202 2.583512 1.731650 1.342068 4.792608 1.098792 3.953849 0.988841 3.380404 1.862912 3.253170 0.059648 3.245312 1.203992 1.950677
6.897143 3.958705 2.033264 4.761764 6.570099 6.787677 3.399376 5.903528 0.432345 6.569746 5.713666 3.037869
2.786227 1.933230 6.581039 3.090740 4.171297 7.300893 2.062122 4.678262 3.837608 0.182380 1.831327 2.814868 5.309224 6.450380 4.635617 5.563718 1.492777 3.950039 5.281842 5.136614 6.997301 1.158082 3.027403 2.810735 3.058393 3.032606
0.288909 7.085353 1.859697 5.701604 3.991554 6.233888 0.858047 0.908654 6.766631 4.185328 0.153578 1.709007 2.482179
0.024764 7.287915 1.350437 6.183589 3.586669 5.224062 4.336966 4.075778 5.233892 2.234591 2.152717
4.226474 3.712058 1.763638 5.527367 2.806015 4.303808 2.634959
1.878513 4.148818 6.871386 6.548133 0.171960 2.532798 1.268905 1.272144 2.541375 0.213304 2.782533 2.562937 2.483999
1.008363 6.829188 6.081301 5.480932 4.519193 5.901242 4.447025 4.248927 3.097639 6.324506 4.052811 6.196300 2.875342 2.435094 5.158240 4.060852 0.719569 2.114809 5.138795 0.490893 4.275823 3.650489 4.039824 4.000445 7.479941 3.401698 6.338862 3.471937 2.364108 3.093464 4.878403 4.379212
3.304134 1.977239 5.374918 1.735293 4.570115 5.275167 5.661003 1.764567 2.623350 3.600294 1.186149 4.357624 2.718175 0.842746 4.509361 0.835392 0.896125 4.458904 3.169381 7.006058 1.993863 4.319897 7.447161 1.320464 5.076230 6.736827 1.734997 3.289373 0.042908 7.262069 5.143204
