0.653135 1.810526 2.590169 0.810899 2.511103
1.844919 4.135277 0.302807 1.822751 4.067640 2.762778 0.135173 3.940453 3.266780
5.181736 1.481871 5.132783 2.775101 1.870350 4.788277 3.072912 4.477329 3.546281 0.622293 0.364355
4.599863 0.965473 2.621665 2.455404 0.317926 3.475312 4.234860 4.244391 3.775595 4.238071 3.779218 2.301923 5.072135 3.569621 3.449525 0.222691
2.904327 4.888452 1.104332 3.918335 4.433986 0.883635 2.222317
4.581870 1.985618 3.076556 0.749995 1.318793 2.741739 3.425181
0.115221 2.577140 1.885815 1.898634 3.690732 1.746929 3.166253
0.430903 0.919852 2.012937 1.906274 2.713580 3.693745 3.825257 1.821958 4.476082
1.011691 4.890324 0.136378 1.599254 1.665705 1.206669 4.299448 2.504481 2.980186 3.037702
2.868107 2.056018 0.964313 3.969534
2.970031 1.524227 3.818780 5.169345 3.648818 4.341948 4.056480
3.441224 0.582413 1.766288 3.849226 5.089242 0.590603 4.101454 4.623161 0.685251 0.395836
3.980661 4.302379 1.156265 1.140100 3.879218 0.413855 3.136573 4.449422 1.200177 2.950223 1.434145 5.016470 4.261781 2.998865 3.870104 4.246860 3.977344 0.736685 0.653014 0.859274 3.603340 4.410978 0.454404
2.819211 1.652552 4.343541 3.649750 0.776282 0.477809 2.874735 3.673811 1.116035 0.522333 0.919829 2.908423 4.064283 4.795695 3.664474 5.013754 1.941543 0.434857 0.453096 3.866338 4.310568 5.155433
5.177033 0.085254 5.146199 3.427253 1.737208 3.481188 2.487227 0.689336 2.645107 1.578755 4.280511 4.949055 3.376220 0.165829 2.481601 0.885911 1.815607 3.446680 4.461707 3.080260 4.589773 5.141026 3.347399 1.542799 1.244907 1.033350 2.977373 0.606660 3.938213 2.269569 4.655574 1.622859 0.995048 3.529823 3.504926 3.051999 2.195917 4.224109 2.095773
2.960082 0.203364 5.015583 0.197356 2.407863 4.611434 1.410225 3.661453 0.146617 4.295455 1.172753 3.235293 4.899870 0.771118 0.884530 1.275382 4.656518 1.829378 4.908008 4.610886 2.924423 3.334138 2.053316 1.664105 2.343835 0.541546 2.423828
4.454501 4.838014 0.944650 4.675381 1.805796 3.146008 3.451217 3.238888 3.563964 4.908482 3.349111 1.811991 3.529838 0.802651 3.066591 3.131259 3.043475 4.569687 3.006216 2.654072 0.004293 2.213982 2.581627 3.089343 0.055195 2.731472 0.305929 4.291730 0.597274 1.142553 3.296935 4.790577 3.909466
2.018777 4.606594 3.904115 0.576889 0.253950 5.180060 2.898869 1.301965 0.696737 0.404763 3.737204 2.602309 2.332640 0.547415 1.339445
1.652073 1.167270 2.431522 0.141657 0.338462 4.825560
0.223524 2.241909 0.555295 2.409298 4.083169 5.031557 3.580215 2.063756 4.175853 3.383204 1.405569 0.697555 4.776640 1.816850
2.719519 2.154841 3.373037 4.873062 4.664582 5.013974
1.491824 3.004858 1.989593 0.430181
3.551166 1.630410 0.636275 1.845309 0.026169 1.001244 3.018770 0.757819 0.043303
0.793618 4.864950 1.361804 2.971924 3.132364 1.739616 4.973249 1.510608 4.600652 4.909045 0.125936 4.199390 1.624110 5.066178 3.901614 2.074087
3.831372 3.249051 4.580656 5.025603 2.877419 0.514347 3.673647 4.317403 0.863285 1.366741 0.848268 3.200449 2.777256 2.496944 1.526411 1.224670 2.413305 3.044295 5.026809
4.815699 4.222647 5.004611 0.442221 1.414605 2.970538 2.869243 4.104618 0.030161 3.676992 2.962036 3.613850 0.853635 3.739267 4.850907 4.686756 3.535825 2.834109 2.366032 4.139601 4.482143 1.519243
4.141425 2.277061 3.517570 0.222047 0.408123 4.509370 0.808645 1.971083 2.623309 1.503228 2.435988 1.502603 2.402243 2.346914
2.529701 3.461475 4.440889 0.259296 5.086865 2.786139 1.379741 5.050998 4.602960 4.773427 0.724188 2.978749 3.295197
3.609550 3.529836 2.575893 4.631296 1.819612 4.797012 2.240576 4.873755 5.111960 4.688461 4.657979 0.045725 5.032616 0.491993 0.212018 1.401481 1.314137 3.805168 4.845499 0.964439
1.089781 1.806174 2.144931 3.751414 4.671604 5.156309 5.084719
3.183235 4.584782 0.681104 2.149423 0.273048 0.606065 4.718317 2.394291 1.048174 1.307285 4.694159 0.546573 5.184681
4.701022 3.958372 1.710082 1.196760 0.689264 4.232585 2.946413 1.527957 0.379187 3.032796
4.218970 3.799199 0.330574 5.058570 1.597964 4.088536 2.420754 3.772444 1.501592 4.959915 4.729203 0.785582
2.703948 3.893736 0.143067 1.352844 1.271896 2.234249 4.856170 3.427506 3.888281 4.253260 2.033145 1.278550 2.330941 1.549723
0.131116 2.101690 2.543041 2.128078 1.010385 1.814890 4.474214 5.074244 3.971324 3.538964 1.713966 4.465675 4.851067 3.206885 3.865035 1.568180 1.425166 4.272167 0.124432 0.631860 1.562129 4.444030 3.435344 1.213444
2.725991 0.231310 3.035226 1.341227 4.084945 3.482730 1.467303 0.539561 4.018197 4.922083 3.790522 0.004402 1.449274 3.385084 0.021211 2.206288
0.529642 2.547873 0.924962 4.017823 4.820254 1.834180 2.258407 2.252606 2.868331 1.104665 2.445369 4.885919
0.730805 0.161471 2.208216 0.925715 3.849842 4.430762 5.145366 2.343939 4.640750 1.088578 4.657872 0.930910 4.213912 4.520716 2.148138 2.975560 5.082784 1.301724 1.005672
5.135399 2.216915 0.913468 3.880492 0.758732 2.244801 4.653664 0.352168 1.140671 3.717586
4.240980 3.414830 4.712929 1.885715 3.958123 2.844622 0.589255 4.185633 2.319915 0.445736
0.818932 2.442492 2.691685 2.509159 1.054573 1.897090 2.622266 1.226272 1.223823 4.933964 4.636838 4.559319 4.003320 3.067143 5.175366 0.934990 2.109286 0.070335 0.379418 1.979078 3.045502 4.921372 0.239043 0.448285
0.294482 4.539221 1.237421 3.393437 3.817046 0.659038 3.536242 0.232824 2.186137 2.711976 1.686428 2.929424 0.612765 3.613415 2.978547 2.786529 3.630319 0.323279 2.618821 0.026481 1.807103 1.999321
1.022973 1.701599 0.200371 1.279961 1.741169 4.759803 2.240030 4.699391 3.986978 4.808402 3.415182 4.168305 3.655514 3.638926 3.155647 3.135861 0.504109 3.220984 1.165618
5.072370 2.860608 1.645711 1.206284 2.488136 4.876844 0.240480 2.143531 2.667736 1.102876 1.889183 1.959889 4.437628
4.045570 1.931403 2.290250 1.291096 2.485051 3.082113 2.900308 3.651556 4.977577 3.857268
2.744030 1.050000 2.263825 0.878581 2.718898 5.193966 1.470183 3.090892 4.434682 4.195292 4.459251
3.739006 1.971457 1.661667 0.667716 3.993453 3.814464 0.328423 2.058528 4.605820
3.739392 1.200698 1.961633 1.874438 2.321875 3.021178 4.286741 4.714006 4.584081 1.959036 4.557023 3.535188
2.279016 1.549074 2.232789 3.701327 4.894033 2.971618 2.040569
1.352124 3.017012 5.106041 3.078609 3.512546 2.227480 5.142781 2.068837 4.354070 0.865618
1.378050 3.982574 3.645097 4.152872 2.627875 1.046026 5.092208
1.909415 1.843338 2.160818 1.471394 1.987912 1.153070 4.117821 3.760935 3.967060 0.841033 3.633477 0.750252 1.406216 4.983099 1.087130 4.176639 3.709951 3.771081 3.488971 2.214252 4.812258 4.958337 2.859378 2.851531 4.449468 1.940843 0.350939 0.133188 1.917249 3.808591 0.350866
2.086151 1.502053 2.525176 2.943272 0.238389 2.305485 0.027601 4.499526 2.008026 3.114204 4.813603 2.436907 4.515283 2.755973 0.422481 3.349049 1.181872 0.156362 3.819926 1.462203 0.487476 0.271785 1.121162 4.435809 1.905102 1.733302 3.027052 4.913827 3.846738 1.738442 0.438538 1.282237 5.105089 0.597590 1.015258 0.036820 0.054862 1.263429 2.023126
2.623047 4.082582 2.880293 2.589691 0.397545 2.256101 2.177408 3.122479 4.231112 1.141361 0.337006 2.699294 0.269931 0.192319 3.290413 0.343904 2.104142 2.282778 0.695978 2.251896 4.957253 0.657064 2.598708 2.521799 1.471545 3.967341
2.515918 0.114280 2.038562 3.141018 4.649897 0.197608 1.356305 2.442667 1.607573 3.756138 2.210275 2.730089 3.673861 4.527154 1.259902 3.445909 0.568026 3.311980 2.744020 0.231148 0.952489 3.889783 2.218267 4.385515 3.385330 2.772464 3.558105 4.107234
2.413935 2.484576 4.931638 2.602051 0.378449 2.569816 1.347230 1.390431 0.606878 0.911864 5.052486 1.674213 2.913402 1.929176 0.522048 2.248091 5.076698 3.407883 0.394457
0.456580 0.350578 0.479802 4.719697 0.475845 4.496943 4.123488 0.181292 2.805654 1.448873 1.652766 3.352399 1.051995 1.375541 0.086265 2.905610 4.829957 3.702903 3.040771 2.573096 4.890920 4.471893 4.476988 4.817264 0.543279 1.261354 1.410307
0.491502 1.111343 0.921252 3.952885 2.392430 3.995466 0.050013 2.985333 3.075620 4.261564 4.331057 5.000427 2.116449 3.376252 2.485213 0.162407 2.253212 0.444897
4.563786 0.391232 2.716113 1.278390
1.016578 3.821562 3.410014 3.209897 2.527670 0.055721 2.945812 1.767195 3.053303 4.150132 3.028361 3.403826 1.577646 0.296785 1.318959 5.080752 0.533423 4.351932 2.697882 0.738060 0.615837 0.557700 4.295410 3.711731 3.678471 3.609581 4.235434 2.759802 0.345861 3.030864 0.434036 0.170525 1.625342 3.286130
2.306168 0.867208 3.565920 3.223728 3.434771 0.551399 0.256294 3.625079 1.152558 1.271109 2.740661 0.661358 2.015876 0.188752 1.364709 0.083407 5.040448 0.744219 0.958566 1.750094 3.640482 1.296880 0.686233 4.214013 3.923140
2.220372 4.853894 2.174592 3.422157 4.086688 4.319449 3.360638 2.213968 2.155084 2.547868 3.074146 3.894253 5.113983 4.521882 1.008249 1.977149 1.157464
5.124344 0.483619 4.284542 1.729673 0.217463 0.498012 3.025435 5.108463 2.774368 0.883547 0.066014 3.173544 4.082412 0.020073 4.266421 1.492143 1.508806 2.514556
3.227439 1.231999 1.279515 1.140770 0.374131 0.279542 4.261522 3.885158 0.659633 3.677408 1.689235
3.549475 2.412264 5.145716 1.634466 1.065220 0.528108 2.370699 3.994663 2.762346 4.365744 3.564012 3.337216 4.327724 0.759040 3.859811 4.895259 1.245032 4.139413
2.199787 2.235023 1.851806 3.950547 4.343721 1.222852 3.819782 4.673748 2.844445 4.407833 1.114678 1.349879 3.558244 4.956513 3.696274 3.535231 4.500623 4.145262 0.181211 4.543832 4.523425
0.258364 0.131006 1.815703 0.471312 2.787386 5.020320 1.218080 3.749938 3.091103 0.417247 4.975936 3.326259
2.451857 1.574676 3.323465 3.356812 0.273151 3.742673 2.889294 4.080921 3.575988 1.909898 3.500343
0.032586 2.869572 2.775430 1.314455 0.493970 5.031095 0.376787 1.295170 3.939884 1.744688 3.309937 3.072650 4.259036 1.215956 1.252124 3.134278 4.791116 4.482536 0.020590 4.128839
0.375633 4.710218 4.213690 2.528166 3.880679 0.795485 3.088724 4.769422 5.164487 0.972417 2.068253 3.519835 4.270740 1.385275 1.170705 1.541020 3.902295 1.057361 4.908034 2.971987 2.847973 2.544272 0.295152 4.903707 1.764405 3.109210
1.525079 3.050892 4.396607 2.768262 4.880228 0.767135 3.889134 3.795591 0.071461 2.146661 1.174117 1.147754 2.366789 4.668997 4.266583 0.661096 3.112054 0.374852 1.633844 3.983632
0.586425 3.239004 5.059722 1.708345 2.383686 3.100948 3.724896 1.808911 3.828580 5.010724 1.525510 2.885403 1.908986 4.018365 2.298421 3.934120 0.258636 4.530693
2.208713 1.299075 2.581961 5.035618
1.320670 2.861174 0.592389 4.515707 3.842524 3.646772
2.499450 3.503522 4.099296 4.485692 2.033187 3.730190 4.807502
2.645731 3.749814 0.077486 4.403838 1.198381 2.287472 3.399633 0.953236 3.041881 3.493641 0.113018 0.230240 3.029307 2.061185 2.013278 1.319595 5.097193 1.647996 0.605250
0.460981 0.784663 2.175204 1.806097 1.783973 3.060605 3.877071 2.147280 2.293979 0.945508 3.996483 4.106393 2.541767 2.817547 5.064641 1.358305 3.541613 2.028289
3.279436 5.088505 0.150566 0.095528 3.267628 5.098931 2.260741 0.732050 1.648913 3.355407 1.975706 3.029895 4.567256 2.268801 0.948673 4.407390 3.445296 4.894999 3.835382 4.155871 0.017015 3.538024
2.127377 0.222009 1.242689 4.731655 1.825989 0.325991 0.805888 4.704880 4.460358 0.900135 2.722967 1.413497 4.366260
1.310732 1.182431 1.906323 2.150259 5.154919 3.954392 0.975548 3.846516 0.367052 4.272012 4.505174 2.180054 4.695294 0.305003 2.631603
1.935996 5.093054 3.670160 4.666056 1.498099 3.737961 2.035601 1.982191 3.401359 3.119406 4.461830 1.446769 4.515708
3.303873 2.784652 3.756137 3.396649
3.102836 4.344383 0.137713 0.233178 2.336627 0.813850 2.110822 3.263059 3.355679 2.679067 1.103301 0.555458 4.646830 0.300758 0.254596 4.796494 0.015035 3.770273 0.580878 2.528566
3.114387 1.529096 1.831766 0.890184 4.365295 0.264049 4.401670 2.550278 1.161114 4.758218 1.400377 2.458519 1.317608 1.489168 0.657485 1.648580 0.312195 0.894564 1.648387 3.128574 3.854617 3.607168 4.757837 4.523017 2.331756 2.116912 4.691547 3.408651 0.124271 3.048861 0.443818 4.037118 4.474750 3.845317 3.181953
1.547259 3.794387 2.033316 0.545791 2.604249 4.996235 1.111502 3.778234 2.848358 1.044961 3.952882 3.432227 0.960339 2.989142 4.849270 3.651546 4.979340 2.927235 1.011014 4.857272 0.877744
4.986516 1.869283 1.005217 0.439023 3.367311 2.895422 2.569670 1.589128 1.048969 4.229197 3.285807 1.158124
2.990555 2.937713 1.414149 1.388364 4.450420 2.261160 1.785664 3.855885 3.733905 2.366549 3.195866
0.237623 1.534924 4.633807 3.647164 1.371655 2.636266 1.252490 2.109041 3.754323 1.764788 0.745608
0.320977 4.136586 1.993774 3.084504 3.836654 3.650830
0.474031 3.451777 2.962390 3.250390 1.229521 4.217791 4.615222 3.530288 3.774285 0.914485 1.112856
0.212684 3.144520 1.819754 3.933896 3.918792 4.766261
2.429977 5.135112 2.638203 2.430693 4.907954 3.151500 0.632444 0.242318 1.439965 4.055376 2.221752
2.467473 3.485373 2.352925 3.133348 3.925492 0.911382 0.510991 0.731386 4.941288 0.468168 4.358101 3.178977
0.154567 0.347917 0.832243 4.644447 3.421480 0.155201 3.550949 4.877319 0.105321 1.258164 1.479056 1.559252 0.212019
4.777924 2.915157 2.885356 2.240803 3.123653 0.244930 2.799229 3.795788 2.563722 3.849405
4.189343 3.368770 1.727915 1.784515 1.359685 3.192905 4.190277 1.364108 4.367556 4.065878 4.088597
4.735699 4.139597 4.635258 2.467508 0.453303 2.708859 4.264965 3.862450 0.059640 3.670198 0.150820 2.848272 4.278489 0.681581 0.410801 0.780060 4.502280 1.328017 5.003327 4.335494 1.847918 4.232265
4.196015 3.861534 2.050939 1.154108 3.799124 5.088471 2.421189 2.764125 4.868914 3.975039 1.524601
1.410800 5.146889 3.808438 4.417328 1.199126 3.892637 1.944663 0.855528 2.874987 3.231192 0.666478 3.853178 1.238137 4.627583 0.347522 3.545849 3.486624 2.738180 4.939341 4.866024 2.789846 2.583755 3.860607 4.963855 3.535042
