2.496697 3.822137 6.574828 6.852613 6.657106
3.275506 7.154098 3.937566 1.102893 2.907620 3.015824 5.806272 4.507749 0.554086
4.782822 1.033171 2.121506 6.713371 2.995246 2.836749 5.701925 1.242359 6.393247 4.559843 2.864811
5.621201 4.285553 5.291448 3.380671 0.737570 5.115990 5.585165 6.808116 1.055934 7.060732 3.688459 4.623223 0.248234 3.306696 0.200183 5.811718
1.011157 7.181683 4.693841 1.174811 2.104679 5.803222 6.852114
1.922046 3.752200 4.416068 1.509402 1.871581 1.604692 1.904946
1.152787 3.887920 7.262917 7.375598 6.059236 4.825720 2.936043
2.752744 5.434537 6.843176 2.120382 3.217335 1.838508 5.107306 2.623635 5.518741
1.554275 4.856842 0.281517 5.385444 1.646277 6.290287 1.404835 3.600852 0.584327 0.891225
2.348636 3.525798 0.686760 6.190576
4.093229 0.728830 7.452654 0.759867 7.408915 7.428517 6.183582
7.043154 5.026151 0.626747 1.736048 1.464312 5.175308 3.046635 3.436976 6.887646 0.936867
4.168457 5.577396 7.430463 1.176533 6.430127 1.976138 6.897458 3.347406 3.887116 1.674569 1.306318 3.013810 4.523654 3.382500 5.419691 1.463037 0.328642 6.147878 2.118815 6.436281 4.856291 1.819959 2.799211
7.277709 3.469579 0.412182 7.136123 3.640407 6.919181 0.395756 6.005937 1.244671 5.379292 6.187785 2.925565 1.794084 1.535471 1.643629 0.009440 1.624232 5.703332 6.781677 1.475975 0.113943 2.676688
5.333442 0.512143 5.251053 3.635395 1.709578 6.219237 1.491829 2.211059 2.866814 4.536459 3.747472 3.070021 1.012084 6.442854 2.911206 1.845582 6.929794 0.176151 4.931316 3.946172 3.458206 3.850104 4.249981 5.232224 6.804033 7.192071 4.848739 5.131460 5.167072 4.310549 4.449459 0.776468 1.426404 6.585670 1.236440 6.439847 0.549480 1.420403 5.605678
0.052604 0.859366 5.817725 2.464438 3.583754 5.552696 3.903020 6.549105 4.725624 3.030899 6.299778 0.909799 6.492044 3.201626 3.006519 1.496505 2.504422 2.000666 0.072282 5.377425 5.212565 1.749581 6.198879 1.020556 4.347052 2.571431 1.562891
6.697363 3.916315 0.860255 5.375792 2.878142 3.752061 6.152769 2.341406 0.601237 2.015690 5.479058 3.688954 4.817949 4.047048 0.863781 3.713587 1.932938 1.853711 1.800264 1.738047 6.863565 2.966965 6.555078 3.800297 5.820970 1.581409 6.483649 2.430205 7.147474 4.747475 6.438170 5.055092 5.306041
6.565778 0.103355 5.780487 2.828593 5.484713 2.953683 7.407007 5.964853 5.277219 5.015398 5.402855 4.665697 3.381532 7.059777 6.875931
4.190470 0.723309 6.273549 5.162577 2.011615 1.008664
6.607145 0.508271 6.275627 6.364139 1.333934 4.663746 4.212586 3.047422 2.899423 4.278606 2.206599 5.649196 0.866324 3.145909
6.190724 0.134536 2.745898 2.442023 2.462469 2.595161
0.164035 7.014994 3.776667 0.871187
6.702265 4.043483 1.224665 0.754949 1.243646 6.941428 1.653155 6.813587 4.984180
2.245636 5.893863 7.470960 4.563386 5.964153 3.894850 0.160140 0.783338 6.171542 0.050756 2.511880 3.809407 1.081300 6.683686 5.067462 7.120477
6.703491 1.630737 4.383026 5.875248 1.929209 0.211652 7.273530 2.120041 3.042721 3.090417 7.229264 2.053913 7.367490 2.646304 6.825671 4.115520 1.666966 6.731829 4.087336
5.486176 6.792581 2.269881 2.464356 3.107875 7.018592 4.702441 1.790555 1.136475 2.493805 7.243026 6.264545 7.464037 6.295046 1.096630 2.876101 5.142357 0.428731 0.201629 6.857818 0.295284 5.287079
7.437617 3.065881 5.250211 1.394664 3.818564 6.799639 5.083524 4.577110 4.486206 1.272260 6.100172 6.093247 5.677927 7.071282
3.806197 5.253364 1.604713 0.021264 5.304175 1.268913 3.696441 6.958837 5.457338 0.476114 1.500478 4.723581 1.633344
0.886758 6.223932 2.609719 2.481402 6.540030 4.808145 1.028727 2.214784 3.942277 3.576379 0.899961 0.799967 3.892545 0.778998 5.470159 4.608951 0.719413 2.602955 4.437640 7.074447
2.633747 3.076509 1.233502 4.553834 1.744216 0.584866 1.731693
0.776824 1.863065 2.194020 5.826538 0.811387 1.370804 4.029500 3.802658 1.519601 3.626847 0.421030 4.989742 4.444307
4.697462 2.087380 3.760671 1.456820 5.005824 1.056749 3.755350 7.441066 0.137949 1.802453
6.452260 6.445899 3.569241 7.132339 0.618907 5.334574 6.715582 4.761458 3.854579 6.378161 1.606542 2.663655
6.887881 6.309811 2.774582 3.732885 7.113225 5.312623 5.926348 1.532347 3.656843 2.849377 2.905637 5.420490 5.909482 7.273816
2.392838 3.350013 6.963362 3.431375 7.268787 5.797529 6.171875 4.683055 7.177162 4.881488 0.314125 2.120498 4.269517 2.300536 4.611802 3.206345 4.066285 1.300769 6.694755 4.561759 5.952996 2.296232 1.586126 3.047933
6.798272 4.331994 4.135829 2.139928 6.371820 5.343003 1.391114 7.411465 6.836322 0.807159 6.837397 3.648012 6.228095 6.923109 6.756409 2.107394
5.508546 4.027133 5.510818 3.595718 1.771543 0.880825 6.322721 5.415281 6.548906 7.248649 4.283205 5.367134
1.746772 0.929271 2.577942 3.743715 4.109562 3.978653 5.832330 5.997545 7.087093 6.097088 2.882647 4.848212 0.137730 2.852907 4.787733 2.075012 1.423521 2.532558 0.500650
6.407387 2.431622 4.210568 2.638530 1.511002 0.657914 0.884835 2.478061 7.254583 2.641444
7.366809 3.125897 1.768737 3.117036 6.093429 2.654586 0.745288 3.673605 0.835446 1.848830
0.042479 4.206792 2.750918 2.417948 5.268189 6.434933 3.613969 3.013195 0.820009 1.432239 0.041790 1.623014 2.233123 3.248514 0.175235 3.958045 5.038516 2.988323 4.498159 7.486006 4.180649 0.439244 3.564985 5.934635
3.225464 5.811020 6.354324 1.782421 7.080209 6.588452 1.700583 0.505995 3.265382 7.345974 4.920787 3.619278 1.328546 5.360877 5.998839 0.180390 2.490257 3.528339 6.665848 0.015887 6.319468 2.192540
1.412894 2.876455 5.068409 6.353928 5.611614 4.076021 6.009374 1.584045 1.550645 4.424560 1.674810 6.304852 3.652913 3.085885 1.333726 1.467836 3.915303 2.053676 0.506249
6.275632 5.744776 0.222974 5.835233 4.776906 6.332458 6.409557 7.175487 6.044412 6.363464 4.697576 5.692746 4.860337
6.208336 0.650386 3.528519 4.298306 5.696385 5.260912 4.704441 4.212519 4.095502 2.482750
5.621119 3.716724 4.041520 0.156359 2.276526 0.438654 4.714361 2.459096 0.658263 2.515724 2.099950
5.978114 0.394177 2.843103 2.318871 1.817943 0.544862 2.295926 7.419716 6.672100
4.962988 0.659368 5.992266 5.020245 4.218832 6.063877 2.917143 5.805341 2.409774 2.414169 1.251519 7.008759
6.488043 1.164956 5.015603 3.519126 7.451297 0.200087 6.179639
2.000593 7.076951 6.472078 4.690474 7.355312 3.295977 4.747475 5.160656 3.301132 0.755404
1.104880 6.991977 5.961461 3.798274 6.449355 4.546812 0.793701
3.906305 0.017447 1.126804 7.052453 5.238313 5.569711 4.833028 4.858985 3.673872 1.818188 2.616117 4.861594 0.747374 6.716604 4.539446 1.891768 6.977814 7.162427 4.947633 5.620169 4.891495 2.210782 4.812463 6.038993 1.000402 1.751920 5.788562 1.813418 1.888167 1.701648 4.403142
3.877814 0.374757 0.037874 3.536406 0.245670 5.557577 6.600991 6.358073 1.819551 5.817226 0.121786 5.308384 3.994802 2.759796 2.685316 2.434957 5.789326 2.389825 5.564209 5.085182 7.416435 4.897368 7.217642 1.852104 5.483464 4.494596 4.942961 4.310708 7.134822 3.307030 3.286183 3.497604 2.145643 5.157875 4.745868 6.887314 5.255625 2.661601 2.393997
6.874618 5.910136 3.551784 0.482151 0.385230 4.162728 1.512087 1.655223 7.492134 2.296403 5.393824 2.733319 5.488694 6.564883 3.568285 5.309174 2.402582 5.562840 7.359953 4.654935 5.578302 6.220943 0.928779 5.928920 4.357718 6.842969
6.692578 1.304143 6.798764 4.430923 4.864706 1.943180 0.596135 0.535572 0.443808 7.206434 2.157178 3.009207 1.728122 4.170843 3.348604 2.687963 6.216809 2.575713 6.009513 2.324007 5.129731 3.188224 4.120474 1.578113 1.212196 5.366573 4.283378 6.317671
0.348133 1.101132 2.645268 1.467559 2.319255 3.214932 3.610820 0.653005 0.537343 1.096961 1.295683 2.503332 1.524762 4.189051 1.862747 5.106931 0.971276 1.613446 6.955299
6.351969 2.364355 0.221657 4.412981 0.114963 1.202627 7.469540 4.071044 6.918086 3.699811 5.642675 1.820543 2.269410 5.081137 4.158370 1.783474 5.386266 0.246704 5.457317 2.462770 7.296304 4.992293 3.604379 3.642470 4.863251 1.436450 6.144559
3.200108 3.599753 0.943500 2.060745 7.048423 1.439281 0.688322 3.275636 2.733422 2.274096 1.061040 7.325011 0.952275 2.815314 2.846317 1.715220 1.710675 0.074707
7.087894 3.558790 4.015055 1.660707
2.347729 5.410606 0.646276 6.311101 4.088488 3.150371 6.995457 6.065415 1.781919 2.558237 5.989823 0.898535 2.880174 0.670903 4.490661 5.552067 4.647343 5.393658 2.271864 5.258986 7.319914 5.798942 2.365110 4.162441 1.824355 2.456168 5.055262 2.170769 3.692353 3.983499 2.149042 5.748629 5.698624 6.085175
3.272559 6.514830 0.580030 4.494739 1.478859 0.314724 2.219559 3.682179 1.461883 1.755162 6.177014 4.557098 3.905877 6.953654 7.489542 5.624918 5.969402 3.780797 0.881737 5.511120 4.187814 6.543051 4.843657 5.025469 4.619911
0.193199 4.311683 2.096155 7.167286 2.945310 7.321222 6.267974 6.034964 7.212541 2.887428 5.833849 6.579847 1.848436 1.452701 1.092626 0.861249 0.759937
4.429495 0.694280 3.285532 3.388105 2.154397 6.806338 1.741251 6.727930 3.462576 5.742244 5.948229 2.620170 4.363932 6.302754 4.836450 5.087155 5.625371 5.793169
1.604982 1.021078 3.108854 7.246964 4.778452 5.754561 2.992052 5.160896 1.506194 1.093383 1.054087
6.061089 1.574558 3.257907 4.329252 1.592366 5.536057 6.920744 6.667546 0.251761 5.103374 6.799515 6.579346 1.278556 6.883706 5.101036 2.623477 0.990131 1.221579
0.433594 0.720793 1.904705 4.431854 5.179247 4.047876 7.078730 5.118719 1.326193 7.008271 1.431539 0.428208 1.234943 3.186705 1.490317 0.881229 2.634380 3.565126 0.660510 1.597236 4.920005
1.759939 0.427758 1.557875 1.855666 3.354608 5.640534 1.222321 6.457519 2.769734 2.007090 2.504321 3.074840
2.957615 4.005505 5.353999 2.879813 0.554872 6.442673 0.934327 6.100995 7.399380 1.554177 6.649494
0.771513 1.704982 3.489689 3.822702 6.350676 2.327936 6.325962 2.903829 0.136819 1.400393 0.133472 4.102033 0.398931 6.493298 1.489605 1.231488 6.846846 7.287401 7.093107 5.826643
1.531604 7.212340 3.720956 2.768374 6.220985 3.614213 0.998252 2.617420 2.206707 1.543967 2.227687 6.462011 3.475663 2.428633 4.850191 7.071038 6.030779 5.885278 5.140411 1.696611 1.426514 2.273619 6.351091 0.976105 0.278238 4.509493
1.917602 3.377191 4.407163 0.393092 4.134813 6.251047 2.895602 6.671932 3.345656 2.555595 5.576863 5.418900 5.665475 3.558853 2.506236 4.509605 2.544211 5.020960 1.976160 6.084058
1.526213 0.087134 4.078977 6.425423 5.598070 3.577923 2.754516 2.738413 2.011363 1.238291 3.982149 2.038502 5.899472 6.144306 7.282675 1.193357 2.465037 2.584401
7.423303 1.806740 3.554941 6.529252
1.622522 2.960856 6.422034 6.252628 6.328134 5.037563
4.317548 6.533199 4.800139 6.860718 1.449662 6.516767 3.232482
3.937106 5.859136 6.176778 0.706899 4.738766 0.454708 1.046234 0.715656 6.447841 7.025891 0.785446 6.679851 4.193540 1.315385 5.790048 4.012739 7.341859 0.996184 2.611475
5.920279 6.324685 7.449856 3.393325 7.042538 3.523295 2.831943 4.360771 0.448982 1.333684 3.089891 4.852795 0.836731 1.638939 1.750335 2.765259 2.008901 2.128160
7.361162 5.671816 4.597904 2.265598 6.226077 4.367633 0.988181 2.154565 4.725379 4.577272 4.424640 5.299382 0.459832 6.609250 5.282428 6.254249 1.444545 2.465854 5.495533 1.912559 2.231739 4.559092
4.329183 1.093644 4.155662 7.363587 6.999755 3.870756 1.445382 4.426211 3.700126 6.882117 1.010708 1.015992 2.077985
6.594488 5.310964 0.345702 0.891044 2.223662 5.009307 1.500855 4.331679 3.441418 2.368794 3.694578 3.446307 0.415728 0.609218 3.338149
4.550269 3.280666 4.088605 4.019444 0.724870 4.254039 4.369422 7.022956 5.744981 0.658575 4.016471 4.520330 3.721919
3.648344 2.047692 6.470140 4.898261
1.444905 5.611572 6.102399 2.578593 7.091383 6.475561 7.147216 5.205757 4.631351 2.835286 0.426652 2.501422 6.850738 6.895889 7.441982 1.756756 6.999970 1.159866 4.017378 7.414174
6.678838 2.081532 0.553253 0.226554 5.781867 6.162008 1.609245 3.205096 2.757622 7.212069 6.523620 5.685849 4.295228 1.968109 7.203169 4.803150 1.491999 1.200370 0.454974 2.990743 1.845968 6.466232 2.875977 4.693225 2.266000 2.023915 1.949851 6.614698 5.154640 3.998491 6.332385 1.385614 4.118572 1.768891 1.099968
3.734230 1.257742 1.477037 5.419546 4.126336 3.354883 1.191829 2.708188 1.542690 0.188035 0.488159 6.257705 2.864808 2.746672 5.159457 5.321843 4.598708 7.484591 7.051598 3.137976 2.705134
1.010758 3.092802 2.920933 4.500206 7.430702 6.556710 0.384985 2.156397 4.995877 0.585220 1.118310 4.986954
0.165701 7.233218 3.355729 2.996081 0.969709 1.114663 3.505058 1.216924 0.520974 5.384419 2.662531
2.800666 3.417870 6.348827 3.513282 5.434362 5.072516 3.604517 3.323378 1.020664 4.420736 3.677597
1.941240 6.956598 2.789152 1.394322 1.270081 1.368325
2.162902 6.507702 0.109218 1.422810 3.606361 1.125368 7.458732 6.303642 0.223758 2.177954 2.438714
1.660885 6.127140 4.753642 5.996244 4.575342 3.696548
6.190607 3.881784 1.676638 3.337993 3.757451 0.675333 0.006997 2.713606 4.714571 5.771969 5.472411
6.522220 5.363306 0.370048 0.955007 3.564598 4.426813 2.401543 2.505739 0.657369 4.362190 6.696463 1.003136
2.208741 1.891056 0.289210 5.308208 3.685642 0.937971 5.498773 7.005142 3.062748 0.687290 2.480507 1.372770 1.795530
5.789713 3.830691 5.308329 1.185805 0.491981 6.649972 0.367519 1.398516 5.112592 5.799018
6.574593 1.613760 6.309545 3.045751 2.371831 3.901843 7.314146 6.985423 5.956991 3.597486 0.963049
5.609753 3.221772 5.296181 3.353584 0.820603 6.511155 5.534465 6.083022 1.940261 4.573688 7.155999 2.172440 4.132747 5.893300 6.788087 4.391008 6.931993 2.907890 0.560561 5.867148 5.759635 6.347612
4.344551 4.924159 4.380525 0.902315 5.334512 3.224805 0.716212 5.624481 4.384427 1.701812 0.081101
3.700891 4.823469 6.315905 5.796171 7.133600 7.125249 0.595820 2.537307 0.557881 4.221982 2.635734 4.058775 6.319534 1.686646 7.414128 4.343630 7.371093 7.376512 3.881163 4.385706 5.305105 5.195387 2.557933 5.484196 0.684531
