109.118398 21.893113 12.780155 21.683230 14.813456 12.172816 7.737774 5.769733 61.079325 32.550434 206.761551 16.383559 32.876468 10.246249 138.926806 21.527331
110.317733 17.518645 9.006488 16.660110 10.972478 9.674351 7.792926 6.494970 49.473042 29.106673 206.320013 14.526542 28.803875 10.590790 131.043956 24.591203
93.447868 27.743469 11.125904 20.829618 10.659508 10.258931 5.691298 7.086993 55.260710 30.162010 175.000951 17.481989 31.866510 10.872828 100.313257 17.750952
108.989206 26.545683 9.245224 18.881245 11.304307 9.690356 5.243244 5.649016 71.478534 46.781076 194.994511 19.551112 33.496516 10.872008 145.880040 19.303821
92.520305 22.524705 11.139363 16.487891 11.306554 11.446743 5.382316 6.411570 60.930357 35.793904 175.305151 20.762419 31.621187 9.198708 110.995511 18.306737
79.850107 21.122749 9.175454 16.496385 11.059764 10.649276 5.415397 7.754520 49.229338 30.670032 217.027325 17.000565 32.186683 8.753242 127.906164 22.431861
98.961435 20.594367 7.350450 20.110128 10.410242 9.482781 5.194301 7.286531 53.567987 32.434954 199.930638 14.452656 28.011277 10.464768 136.862997 16.912053
99.357002 16.168020 8.948133 13.464806 10.573328 9.892959 5.938195 5.697299 56.327718 32.323089 169.763251 19.305082 32.044081 8.824548 124.318519 21.108259
99.687900 18.668841 9.544867 20.325846 14.004286 11.261843 6.231904 5.943951 50.838352 37.778875 162.203980 16.603808 32.372906 11.003951 142.431903 19.247711
79.647350 20.498980 7.563601 15.989781 11.175498 7.862774 4.855843 4.973013 45.535118 29.697956 177.476576 14.438361 26.098110 6.474376 113.935829 18.622612
81.626246 21.307539 9.606073 16.057451 12.235014 9.962301 5.263258 5.200092 45.669340 33.894320 192.729534 15.698995 35.653891 8.729197 118.389694 19.452359
94.994146 21.946841 7.847966 16.243310 11.222274 11.413672 5.720079 5.401130 65.642225 39.087895 188.740062 18.573106 31.772927 10.251538 132.164124 18.916425
114.213888 27.744898 10.584408 20.099274 14.236605 12.952148 5.560418 6.125508 53.929026 40.454843 254.062656 15.726506 41.188785 10.296379 174.596710 19.740826
103.667391 22.387782 9.391948 13.514117 11.345590 11.164099 4.862807 5.308306 51.582746 35.660867 209.516324 17.200346 32.927956 8.167290 114.374950 15.294723
107.840453 23.603532 9.801164 15.495002 9.548334 9.919268 4.530348 5.670048 53.901991 31.082198 240.161496 18.896789 34.565527 7.855164 138.293292 16.831343
65.042798 17.525039 9.092054 17.036405 10.648452 9.632747 5.786436 6.434633 45.246104 31.610839 216.615846 13.310980 34.643210 9.457571 125.688747 20.382576
98.205328 19.093641 9.120483 16.769002 11.307329 9.426950 5.253000 6.614257 59.492938 35.603171 207.447035 14.025037 26.679449 11.184768 124.304470 13.602536
93.401088 22.044461 10.119512 18.006346 10.930154 8.888852 5.733641 5.788913 51.307471 33.032472 179.704744 13.483665 33.262498 9.783621 134.866271 21.135161
109.133687 17.470575 7.207474 21.499263 10.228500 11.867056 8.280128 5.847973 54.457288 44.559927 219.570363 21.819459 33.980185 7.549052 149.561590 20.239531
84.505318 21.457858 7.426583 15.171305 11.745374 13.045748 5.550124 5.635757 57.619105 38.512220 217.804847 15.505051 31.847205 9.561095 120.982595 19.733502
102.302724 19.383848 9.860985 16.662304 12.428425 14.079417 6.611091 6.324925 63.046235 43.485533 244.084137 19.332814 29.768884 9.520398 165.389542 21.742945
92.309407 24.124665 10.513827 17.872885 9.351039 10.106914 5.445445 7.393442 86.369077 47.628513 233.376947 16.198376 30.761635 11.950365 154.973849 19.009744
95.785661 19.802338 9.794338 18.275708 14.881114 12.637717 5.606068 5.689287 66.657900 39.893992 162.783575 18.881463 35.184017 8.104741 134.476360 22.924425
97.656018 26.384574 10.616117 17.407716 10.779977 13.464115 5.891731 6.407778 60.635503 34.290259 209.532423 18.254596 31.646639 11.025590 125.889849 21.053652
94.129587 20.448122 8.414703 15.953124 12.345427 8.887051 5.783154 5.755661 50.730493 32.641746 195.996882 15.565269 29.676809 8.856118 142.116925 22.417598
102.473639 22.474559 7.284280 20.441092 11.932635 12.232851 6.145524 5.573691 51.960179 39.842085 199.193385 16.644102 33.194894 8.973363 145.360897 22.798009
88.354680 25.335332 8.363824 20.979558 10.545246 8.203588 5.500294 7.633791 54.916195 33.889237 200.990054 17.357910 42.569643 8.406390 142.426112 24.387188
101.240009 19.421358 9.817989 15.255779 14.058349 10.605608 5.291185 6.571987 64.067639 37.022279 210.742262 19.826689 36.190454 9.807702 188.469309 24.922743
87.066206 20.376361 9.292270 14.731137 10.974050 9.144646 5.796130 6.922377 57.195318 43.322444 172.736306 14.475841 31.852821 10.142130 129.025775 21.048925
80.246917 25.877049 10.340472 17.292645 11.184061 11.330447 6.476508 6.531975 56.210079 38.898590 265.404471 15.604605 31.607554 11.361552 125.775479 22.212322
86.147097 21.786925 11.531911 15.939897 12.449908 13.943787 4.937675 6.111773 64.265811 39.469313 246.243778 23.331979 37.535050 10.158179 199.208468 22.529682
78.683574 21.226991 9.142591 14.837381 10.993894 9.220536 5.154018 6.630008 68.670204 45.291080 209.055693 16.134073 45.545816 8.810803 154.223964 25.041129
92.014969 22.681547 9.050820 21.550910 11.666656 12.168749 7.732691 7.932565 52.317656 34.648219 178.502671 17.710717 40.247094 8.879204 137.732295 22.366222
93.593455 22.034886 11.511969 15.474631 12.693902 10.499118 5.495243 6.915218 60.662121 45.303928 198.736034 16.005551 37.391841 10.787710 124.603547 21.524661
95.636197 19.250578 8.856592 18.424139 9.571450 10.298609 6.171521 6.377653 53.513172 31.687903 240.628127 14.319915 27.517815 9.422788 143.217087 17.317108
96.092073 17.483746 12.068309 21.810091 10.354601 12.065444 5.047763 6.470248 53.284592 33.723088 197.698161 16.483727 25.441932 14.183634 141.252350 20.038205
66.006952 19.675573 9.312276 13.207899 10.717547 8.637710 5.183993 5.475546 52.988208 35.324224 180.826744 16.098225 31.631557 8.583547 105.887422 20.218466
119.604519 22.991518 8.751860 17.252291 10.855945 11.113701 6.567452 6.217171 46.953198 35.668197 194.616908 18.761995 36.831021 9.261192 120.040583 18.548700
127.813476 21.849041 8.880827 19.340219 12.674078 11.874978 5.883954 6.132346 73.160672 42.679218 241.563875 16.863832 42.128181 9.616109 135.708595 23.224930
74.125962 21.375739 9.075880 16.056273 12.730669 8.988053 5.694415 7.203471 47.759253 36.825122 157.841984 14.946850 40.087460 11.478611 142.225339 18.836222
81.852191 20.272476 9.406225 19.480602 10.368820 11.272951 6.016164 5.713208 58.493377 30.957733 212.859676 17.824417 31.672529 11.563391 127.353563 18.193206
96.481908 22.948382 10.786168 18.293794 11.043214 13.865285 6.507819 7.191583 55.895449 33.590898 240.669864 19.272009 43.019392 11.310298 132.153378 20.573698
91.528936 21.405596 13.751817 21.667051 14.574729 12.684866 5.862697 6.385537 61.266034 42.073615 214.863823 18.785663 31.762873 11.393346 135.326590 22.011067
113.683299 19.309413 11.175658 17.890260 10.525633 11.596478 6.895426 6.107447 55.426143 38.466068 238.368127 16.103827 30.164399 9.366856 117.894817 18.657346
91.106698 20.643031 9.282405 17.411470 9.667415 11.085846 5.387176 7.552102 49.790331 37.763286 190.139009 15.967969 26.887744 7.908573 135.320228 20.044697
119.989017 27.531804 10.653527 20.090355 13.608633 11.558081 6.469447 6.661994 62.487803 36.203337 224.205465 22.409964 46.288924 10.300483 159.187381 23.837270
92.079030 18.723381 12.037996 14.529381 12.964918 12.013294 4.883937 6.473396 68.481405 36.990532 222.021134 20.017552 30.515142 9.751905 125.583158 23.230632
100.964222 25.314840 9.678834 16.870870 12.080059 10.238855 5.517626 5.842312 47.170944 38.033926 282.866592 17.017574 37.624313 9.559594 148.589189 19.848985
89.469470 18.927520 7.300926 15.771598 10.244236 10.280743 6.540411 5.141931 60.059184 37.168540 226.628561 15.484883 29.426746 6.809408 125.666496 17.332513
95.432211 20.995657 8.283901 16.438378 9.072050 9.920850 5.052824 5.756907 51.384344 34.694965 226.006164 15.759999 22.417934 9.473954 120.484631 19.657844
88.558520 19.309794 10.884636 18.559581 10.880720 11.940333 5.123422 5.830665 58.848633 26.136149 205.840468 14.644129 26.788621 8.756950 106.347843 17.744656
82.074631 20.726475 10.541058 15.390866 10.179824 9.138958 4.595894 6.105418 57.032083 35.064074 189.549836 14.041424 34.864323 9.229398 136.551298 20.948029
85.715503 19.138267 9.047053 16.858820 11.253861 11.073238 5.600021 7.477953 50.609010 34.784026 246.844647 14.102834 34.295048 8.753405 133.646004 23.429716
90.482784 18.828590 11.802990 15.521562 12.026712 10.658146 6.154221 5.851134 67.322174 26.919096 210.994810 14.891777 29.693970 7.952252 124.588844 18.537207
113.793681 22.992547 8.999349 17.089290 10.338195 11.868622 5.071543 5.732457 50.049622 34.639397 220.275509 16.791462 27.387490 9.377325 157.902551 19.827837
90.250324 26.296825 11.154058 17.686403 11.646032 10.527239 7.183965 5.482038 63.683744 45.170747 210.551144 17.864721 38.484006 8.361943 119.816720 16.362863
96.738793 26.490723 11.391786 14.824704 9.364462 10.711944 6.260031 5.920533 58.776778 32.007225 189.810104 14.969500 35.392600 10.152389 128.896819 22.756942
122.934656 24.899259 9.290736 17.852484 9.631779 11.861204 5.662414 4.478309 47.774074 40.817550 202.655941 15.228399 25.625168 8.680143 133.492822 21.481328
74.972093 15.805749 7.683956 15.831355 8.959263 12.507349 5.237587 5.566697 49.893548 29.609084 221.514003 16.169165 32.188096 7.929332 108.420505 18.094148
109.361371 23.905371 9.378502 17.178739 12.606630 10.232977 5.266916 4.808592 67.127956 36.322229 217.101276 19.331323 32.099136 10.361994 135.327209 16.336274
81.992801 19.900942 9.795455 17.533243 10.653936 9.864466 5.272138 6.554967 47.349900 35.924680 163.710702 15.655609 29.585190 10.093824 127.391510 17.562247
80.255589 20.116623 9.139075 16.190843 12.495904 8.736346 6.710840 5.736769 49.907856 34.932429 177.434212 13.353462 29.660654 7.901465 129.875607 20.261167
74.072661 16.884912 10.141161 14.069995 14.635558 10.392595 5.598013 4.864834 60.972831 34.323694 173.200243 13.328141 34.242149 8.103812 145.670894 14.937875
100.955825 23.184526 9.077741 16.943337 9.395641 9.747729 5.805395 5.148249 46.726362 27.335751 183.523965 12.857844 35.258869 9.294886 116.534149 15.819246
83.654404 17.089385 9.370183 20.949166 9.926908 9.788115 6.300359 5.565201 42.372187 41.331106 183.487159 14.620519 27.816351 9.827839 133.319853 18.025556
91.221970 22.724487 8.288968 16.867474 12.021369 10.047262 5.374337 5.218078 54.593502 30.940077 181.383156 20.920519 29.004703 7.373159 122.091122 21.766283
113.933133 20.325841 9.937444 16.137558 11.593622 12.147148 5.365728 4.775825 60.062408 37.331784 229.207427 16.388502 36.067224 12.658040 134.797401 21.018371
98.437023 20.146774 9.506607 15.170592 9.926194 10.912131 4.884771 7.425993 62.553129 33.693408 207.731112 22.467003 29.704826 11.644141 130.484483 20.016644
106.783790 17.675004 9.405815 18.366471 12.774621 11.762117 6.617614 7.616539 53.309259 37.805919 214.964835 15.767479 35.628433 10.696653 125.902595 20.600235
75.924089 26.588134 9.247319 15.548722 17.413432 11.622046 4.927507 5.925197 72.075218 35.633832 256.998767 14.302398 34.262466 8.525478 114.713035 20.357584
70.614409 25.166739 9.338536 17.491599 13.288347 10.241853 5.779656 5.806827 66.024064 41.615829 190.797384 15.798822 32.789381 8.903667 134.688556 21.719085
113.363877 24.831154 11.905667 20.203468 13.152275 14.169444 7.519544 6.267165 52.028556 50.547263 245.521939 15.007729 34.003837 10.171911 140.958398 17.453406
98.503968 23.678082 8.565144 15.883029 9.511199 11.233862 5.428620 5.492851 65.148559 33.183649 158.679527 16.484214 28.485659 11.961993 125.621751 19.798051
96.413795 22.511270 8.623460 17.571384 10.703056 11.293026 5.599843 5.309836 57.657272 39.604579 271.956637 17.875041 34.014173 11.623138 138.303620 19.869118
80.648010 21.865764 9.864678 17.608715 12.317457 11.575424 5.717635 6.057432 68.102728 36.676298 162.473044 16.649316 28.725195 12.158954 180.289266 18.642351
78.975725 20.393706 9.428522 15.545803 11.142206 10.421690 4.578566 6.036732 51.698944 37.947450 145.732876 16.875521 30.831200 10.526599 171.268588 18.890401
82.129264 25.062526 8.463046 15.867243 9.373372 12.569872 6.129571 5.118601 59.758707 40.548294 178.725658 12.844098 35.790622 10.852571 124.663339 17.917001
81.780348 22.164965 8.815652 18.063005 9.402906 11.851474 6.239456 7.405348 64.393198 41.638541 191.592283 19.944033 31.063685 11.091323 170.161900 19.977837
91.864697 30.521208 8.814178 22.533132 12.497375 11.495699 5.680756 5.426342 52.756961 47.372690 230.327795 17.143933 31.311052 8.867100 148.042689 21.736672
91.035032 21.012240 7.958172 13.695530 9.541934 8.427894 5.644026 7.224396 52.928695 41.639941 201.972293 15.983119 24.553802 8.585812 128.382838 17.438236
97.837203 23.164867 12.752968 22.927510 10.721226 11.078377 6.384434 6.504706 62.778815 44.785459 243.834742 19.589559 40.469524 9.448770 131.062598 22.516375
85.947675 21.538027 8.456236 13.044693 10.758097 9.842184 5.884468 5.535004 56.538637 32.804695 184.611351 15.155381 40.470013 8.413469 132.469728 19.104653
96.613635 22.681154 7.739685 15.489404 11.979587 9.510443 5.546520 6.255195 67.688044 39.518558 210.819651 16.214323 37.058372 10.010737 135.458505 22.196215
104.073468 22.963767 10.638592 18.780436 10.768831 11.629039 6.056290 6.168534 56.073919 35.804098 238.053747 18.539390 42.043343 8.392992 129.623155 15.964881
104.980310 23.831066 11.265948 14.765563 11.374694 10.531354 4.908967 6.769590 69.132124 32.905452 178.766391 13.083763 30.179752 9.505236 102.515476 18.398731
104.898099 20.311559 10.101844 19.909465 10.444235 13.491387 6.195977 7.011409 59.807005 46.042419 215.073034 18.096178 30.024450 9.664122 134.837398 19.816159
115.335025 24.131523 12.077114 18.513653 11.583992 13.586832 7.174221 8.405500 73.547510 36.787910 238.546603 18.164964 33.732227 12.922214 124.396285 23.297616
76.180480 19.464329 9.989435 17.698850 11.628376 11.337363 5.438201 5.411429 62.315180 33.097365 217.030275 14.690686 32.534719 11.419431 141.271697 18.032246
91.189640 24.655325 8.290428 17.084954 10.678232 10.859274 5.084680 6.673411 54.746057 29.997738 196.207419 18.887022 28.257246 10.374995 130.745839 17.508775
126.104669 24.084729 9.339470 19.695919 11.215039 12.197290 5.610900 5.384653 58.791077 42.207277 263.720228 16.612235 30.988477 10.800020 145.048639 24.532673
96.124034 20.137034 8.801485 16.116099 12.899335 11.575169 6.312374 6.868260 54.731931 39.777954 231.615680 15.361606 30.892389 11.808201 134.424160 21.128397
99.526344 21.498358 8.297260 14.742660 10.920153 12.375640 5.851551 7.211982 54.520051 34.124920 194.509802 16.647244 33.153274 9.300238 143.509595 21.506996
96.208138 23.250751 7.791140 16.467468 10.419621 10.901284 4.853121 6.469034 46.215681 32.832214 157.354931 15.123611 29.556855 9.419925 105.645613 16.548697
108.043300 21.691903 8.378907 16.875125 8.851737 8.403103 4.615856 6.765106 45.267763 33.886684 206.124861 12.931403 31.712762 8.267090 160.113003 19.874274
132.732334 26.003511 10.336329 20.579267 10.329741 11.068638 5.026210 5.726213 55.073954 29.248561 236.596430 17.865223 30.255336 9.500792 140.417941 20.220507
82.416042 27.171095 8.349985 15.946075 12.200393 11.882119 5.559245 6.451491 62.563364 38.001167 200.240210 17.909204 30.683451 7.473997 113.084108 17.128180
127.851301 21.024156 11.622764 17.412779 11.747710 12.139038 4.835180 6.330669 53.320489 34.098437 212.895410 16.264854 30.781534 8.981848 127.153174 19.945944
107.872644 21.151500 9.981156 17.578401 9.518050 9.404720 4.888588 5.010603 56.191249 39.062144 204.716446 15.209655 30.777243 8.015412 129.776374 20.538213
104.288524 21.626279 10.757541 17.860605 14.461134 10.707889 5.329378 5.676368 64.411526 30.734853 237.569078 21.828159 32.062233 9.879649 134.038569 15.251340
