0.223263 2.434236
0.331555 1.165005
0.277629 0.134335
0.089507 0.417120
0.020050 0.362035
0.041209 0.517715
0.011175 1.920697
0.026880 0.533840
0.343252 0.417161
0.145155 1.302402
0.401109 0.422160
0.437175 0.201411
0.134437 0.426124
-0.223758 0.501220
-0.169619 0.780986
-0.057477 1.375179
-0.217603 0.307715
-0.279821 0.781551
-0.126353 2.710219
-0.270068 1.084876
-0.255793 1.888268
-0.384434 1.020117
-0.281415 3.226336
-0.161062 1.056465
-0.207489 0.208072
0.079065 0.733501
0.123754 0.175713
0.210577 0.301644
-0.036989 0.294783
0.037518 0.604995
-0.048605 0.965134
0.251787 0.479612
-0.003524 0.948703
-0.295468 0.963429
-0.188651 0.603535
0.005110 0.427905
0.062152 0.508129
0.488237 0.848597
0.668054 0.437304
0.437937 0.515772
0.349308 1.126681
0.369758 0.950417
0.312538 0.756311
-0.004413 0.506643
-0.072258 0.311573
-0.033852 0.316932
-0.018453 0.297486
-0.009748 0.513292
-0.419050 0.602650
-0.222392 0.702002
-0.149243 1.623963
-0.223176 0.716873
-0.407561 0.452127
-0.291389 1.353000
-0.031280 0.818803
0.070505 1.168334
0.397110 1.216253
-0.045494 0.472001
-0.074472 0.788098
-0.224172 0.564552
0.047868 0.957224
-0.111967 0.591467
-0.277690 0.924064
0.020242 0.669058
-0.220338 0.481316
0.090878 0.253044
0.080408 0.357426
0.363679 0.331613
0.223624 0.406733
-0.073911 0.341198
-0.142882 0.349947
0.115219 0.517860
0.164576 0.686775
0.332326 0.555384
0.289240 0.512938
0.088321 0.420878
0.264943 0.453579
-0.035003 0.720267
0.184983 0.788330
0.225924 1.544822
0.195656 0.210672
-0.011071 0.508958
-0.215046 1.191086
0.236400 0.554069
0.401912 0.307720
0.151224 0.484201
0.174875 0.880070
0.188877 0.745734
0.367748 0.877753
-0.088615 0.445993
0.029408 0.781896
0.158616 0.849284
-0.028278 0.344750
0.138408 0.285237
0.243943 0.362627
0.243144 0.575010
0.212823 0.368110
0.262946 0.461770
0.214152 0.451112
