-27.171886 -18713.126431
-16.073779 -18719.082074
-10.208377 -18714.528614
-20.105201 -18711.673868
-18.395585 -18717.448859
-16.780969 -18708.285950
-12.595215 -18709.025685
-20.681669 -18710.650022
-29.219522 -18710.261821
-23.313578 -18707.721593
-21.908899 -18706.602919
-12.241667 -18719.148740
-37.697732 -18712.946583
-32.997473 -18707.632150
-67.554266 -18713.693890
-46.103758 -18702.452130
-40.107360 -18712.287231
-22.968627 -18708.596754
-21.453573 -18720.586955
-29.107529 -18709.249037
-28.997490 -18710.605950
-15.124420 -18715.024349
-27.545502 -18709.696510
-38.894689 -18706.701424
-33.234504 -18713.803123
-41.115015 -18708.445287
-26.129208 -18714.581068
-30.709210 -18712.588607
-16.627072 -18705.827535
-24.317131 -18709.630847
-29.590518 -18715.087204
-27.926890 -18717.965450
-29.560282 -18711.552088
-35.130922 -18703.977208
-42.189526 -18706.273664
-27.344357 -18715.616831
-18.086916 -18708.408818
-26.375971 -18714.602032
-26.448284 -18715.229133
-17.709397 -18711.088358
-37.474789 -18709.251638
-43.127553 -18701.457966
-40.979354 -18708.071196
-23.062448 -18707.484766
-20.430856 -18710.288265
-24.604323 -18713.157168
-20.107361 -18711.439462
-22.361289 -18710.778680
-15.033184 -18713.194011
-19.518354 -18702.627513
-17.906137 -18709.443209
-46.489457 -18706.930574
-54.020037 -18709.934382
-49.753564 -18704.456822
-38.597118 -18703.010706
-34.513097 -18713.091794
-39.331943 -18716.585522
-32.368610 -18719.747762
-11.998018 -18712.534800
-52.213340 -18711.402671
-32.742499 -18707.227668
-26.278924 -18705.565799
-31.703959 -18712.989849
-23.171870 -18709.934526
-34.772044 -18707.631807
-8.950809 -18707.020035
-14.709150 -18707.774427
-11.612511 -18708.759907
-31.256742 -18705.204731
-27.913709 -18722.501096
-13.571660 -18713.161284
-20.008437 -18715.456644
-15.168142 -18714.411251
-14.858324 -18710.208317
-17.135575 -18710.338109
-22.523191 -18715.405892
-32.653114 -18712.910763
-43.437513 -18706.906503
-28.971972 -18709.249974
-28.095385 -18712.535347
-28.729014 -18715.893624
-27.605535 -18712.170966
-42.918549 -18707.183819
-46.365166 -18712.894125
-22.176533 -18725.043346
-15.640917 -18704.029322
-23.448963 -18714.949373
-28.267079 -18708.110768
-19.488402 -18707.877725
-18.723891 -18704.799047
-15.369100 -18704.614835
-23.837978 -18713.205898
-14.099395 -18705.094018
-22.020042 -18714.595627
-25.867342 -18721.789517
-24.340920 -18709.383257
-26.773580 -18707.448719
-6.448628 -18706.471319
-21.230259 -18709.874390
