       0        0
0.967742        0
 1.93548        0
 2.90323        0
 3.87097        0
 4.83871        0
0.483871     1.04
 1.45161     1.04
 2.41935     1.04
  3.3871     1.04
 6.29032     1.04
 7.25806     1.04
0.241935     1.56
 1.20968     1.56
 2.17742     1.56
 7.01613     1.56
0.725806      2.6
 1.69355      2.6
 3.62903      2.6
 4.59677      2.6
 6.53226      2.6
     7.5      2.6
0.241935     3.64
 3.14516     3.64
  4.1129     3.64
 5.08065     3.64
 6.04839     3.64
 7.01613     3.64
 5.32258     4.16
 6.29032     4.16
 7.25806     4.16
 1.93548      5.2
 4.83871      5.2
 5.80645      5.2
 6.77419      5.2
0.483871        0
 1.45161        0
 2.41935        0
  3.3871        0
 4.35484        0
 5.32258        0
 5.80645        0
 6.29032        0
 6.77419        0
 7.25806        0
0.241935     0.52
0.725806     0.52
 1.20968     0.52
 1.69355     0.52
 2.17742     0.52
 2.66129     0.52
 3.14516     0.52
 3.62903     0.52
  4.1129     0.52
 4.59677     0.52
 5.08065     0.52
 5.56452     0.52
 6.04839     0.52
 6.53226     0.52
 7.01613     0.52
     7.5     0.52
       0     1.04
0.967742     1.04
 1.93548     1.04
 2.90323     1.04
 3.87097     1.04
 4.35484     1.04
 4.83871     1.04
 5.32258     1.04
 5.80645     1.04
 6.77419     1.04
0.725806     1.56
 1.69355     1.56
 2.66129     1.56
 3.14516     1.56
 3.62903     1.56
  4.1129     1.56
 4.59677     1.56
 5.08065     1.56
 5.56452     1.56
 6.04839     1.56
 6.53226     1.56
     7.5     1.56
       0     2.08
0.483871     2.08
0.967742     2.08
 1.45161     2.08
 1.93548     2.08
 2.41935     2.08
 2.90323     2.08
  3.3871     2.08
 3.87097     2.08
 4.35484     2.08
 4.83871     2.08
 5.32258     2.08
 5.80645     2.08
 6.29032     2.08
 6.77419     2.08
 7.25806     2.08
0.241935      2.6
 1.20968      2.6
 2.17742      2.6
 2.66129      2.6
 3.14516      2.6
  4.1129      2.6
 5.08065      2.6
 5.56452      2.6
 6.04839      2.6
 7.01613      2.6
       0     3.12
0.483871     3.12
0.967742     3.12
 1.45161     3.12
 1.93548     3.12
 2.41935     3.12
 2.90323     3.12
  3.3871     3.12
 3.87097     3.12
 4.35484     3.12
 4.83871     3.12
 5.32258     3.12
 5.80645     3.12
 6.29032     3.12
 6.77419     3.12
 7.25806     3.12
0.725806     3.64
 1.20968     3.64
 1.69355     3.64
 2.17742     3.64
 2.66129     3.64
 3.62903     3.64
 4.59677     3.64
 5.56452     3.64
 6.53226     3.64
     7.5     3.64
       0     4.16
0.483871     4.16
0.967742     4.16
 1.45161     4.16
 1.93548     4.16
 2.41935     4.16
 2.90323     4.16
  3.3871     4.16
 3.87097     4.16
 4.35484     4.16
 4.83871     4.16
 5.80645     4.16
 6.77419     4.16
0.241935     4.68
0.725806     4.68
 1.20968     4.68
 1.69355     4.68
 2.17742     4.68
 2.66129     4.68
 3.14516     4.68
 3.62903     4.68
  4.1129     4.68
 4.59677     4.68
 5.08065     4.68
 5.56452     4.68
 6.04839     4.68
 6.53226     4.68
 7.01613     4.68
     7.5     4.68
       0      5.2
0.483871      5.2
0.967742      5.2
 1.45161      5.2
 2.41935      5.2
 2.90323      5.2
  3.3871      5.2
 3.87097      5.2
 4.35484      5.2
 5.32258      5.2
 6.29032      5.2
 7.25806      5.2
