  0   0  46  36   0   0
 36  47  48  37   0   0
 37  49  50  38   0   0
 38  51  52  39   0   0
 39  53  54  40   0   0
 40  55  56  41   0   0
 62  13  72  63  47  46
 63  14  73  64  49  48
 64  15  74  65  51  50
 65  75  76  66  53  52
 70  81  82  71  59  58
 71  16  83   0  61  60
  0  84  85  72   7  62
 72  86  87  73   8  63
 73  88  89  74   9  64
 82  98  99  83  12  71
100 111 112 101  86  85
101 113 114 102  88  87
104 117 118 105  92  91
105 119 120 106  94  93
108 123 124 109  98  97
109 125   0   0   0  99
  0 136 137 126 111 110
130 142 143 131 117 116
131 144 145 132 119 118
132 146  29 133 121 120
133 147  30 134 123 122
134 148  31 135 125 124
146 159 160 147 133  26
147 161 162 148 134  27
148 163 164   0 135  28
168   0   0 169 153 152
173   0   0 174 159 158
174   0   0 175 161 160
175   0   0 176 163 162
  1  46  47   2   0   0
  2  48  49   3   0   0
  3  50  51   4   0   0
  4  52  53   5   0   0
  5  54  55   6   0   0
  6  56  57  42   0   0
 41  57  58  43   0   0
 42  58  59  44   0   0
 43  59  60  45   0   0
 44  60  61   0   0   0
  0  62   7  47  36   1
 46   7  63  48   2  36
 47  63   8  49  37   2
 48   8  64  50   3  37
 49  64   9  51  38   3
 50   9  65  52   4  38
 51  65  10  53  39   4
 52  10  66  54   5  39
 53  66  67  55  40   5
 54  67  68  56   6  40
 55  68  69  57  41   6
 56  69  70  58  42  41
 57  70  11  59  43  42
 58  11  71  60  44  43
 59  71  12  61  45  44
 60  12   0   0   0  45
  0   0  13   7  46   0
  7  72  14   8  48  47
  8  73  15   9  50  49
  9  74  75  10  52  51
 10  76  77  67  54  53
 66  77  78  68  55  54
 67  78  79  69  56  55
 68  79  80  70  57  56
 69  80  81  11  58  57
 11  82  16  12  60  59
 13  85  86  14  63   7
 14  87  88  15  64   8
 15  89  90  75  65   9
 74  90  91  76  10  65
 75  91  92  77  66  10
 76  92  93  78  67  66
 77  93  94  79  68  67
 78  94  95  80  69  68
 79  95  96  81  70  69
 80  96  97  82  11  70
 81  97  98  16  71  11
 16  99   0   0   0  12
  0   0 100  85  13   0
 84 100  17  86  72  13
 85  17 101  87  14  72
 86 101  18  88  73  14
 87  18 102  89  15  73
 88 102 103  90  74  15
 89 103 104  91  75  74
 90 104  19  92  76  75
 91  19 105  93  77  76
 92 105  20  94  78  77
 93  20 106  95  79  78
 94 106 107  96  80  79
 95 107 108  97  81  80
 96 108  21  98  82  81
 97  21 109  99  16  82
 98 109  22   0  83  16
  0 110 111  17  85  84
 17 112 113  18  87  86
 18 114 115 103  89  88
102 115 116 104  90  89
103 116 117  19  91  90
 19 118 119  20  93  92
 20 120 121 107  95  94
106 121 122 108  96  95
107 122 123  21  97  96
 21 124 125  22  99  98
  0   0  23 111 100   0
110  23 126 112  17 100
111 126 127 113 101  17
112 127 128 114  18 101
113 128 129 115 102  18
114 129 130 116 103 102
115 130  24 117 104 103
116  24 131 118  19 104
117 131  25 119 105  19
118  25 132 120  20 105
119 132  26 121 106  20
120  26 133 122 107 106
121 133  27 123 108 107
122  27 134 124  21 108
123 134  28 125 109  21
124  28 135   0  22 109
 23 137 138 127 112 111
126 138 139 128 113 112
127 139 140 129 114 113
128 140 141 130 115 114
129 141 142  24 116 115
 24 143 144  25 118 117
 25 145 146  26 120 119
 26  29 147  27 122 121
 27  30 148  28 124 123
 28  31   0   0   0 125
  0   0 149 137  23   0
136 149 150 138 126  23
137 150 151 139 127 126
138 151 152 140 128 127
139 152 153 141 129 128
140 153 154 142 130 129
141 154 155 143  24 130
142 155 156 144 131  24
143 156 157 145  25 131
144 157 158 146 132  25
145 158 159  29  26 132
 29 160 161  30  27 133
 30 162 163  31  28 134
  0 165 166 150 137 136
149 166 167 151 138 137
150 167 168 152 139 138
151 168  32 153 140 139
152  32 169 154 141 140
153 169 170 155 142 141
154 170 171 156 143 142
155 171 172 157 144 143
156 172 173 158 145 144
157 173  33 159 146 145
158  33 174 160  29 146
159 174  34 161 147  29
160  34 175 162  30 147
161 175  35 163 148  30
162  35 176 164  31 148
163 176   0   0   0  31
  0   0   0 166 149   0
165   0   0 167 150 149
166   0   0 168 151 150
167   0   0  32 152 151
 32   0   0 170 154 153
169   0   0 171 155 154
170   0   0 172 156 155
171   0   0 173 157 156
172   0   0  33 158 157
 33   0   0  34 160 159
 34   0   0  35 162 161
 35   0   0   0 164 163
