0.825887 1.197400 0.954864 1.012486 1.171462 1.240812 0.831727 0.811937 0.883753 1.065430 0.891216 1.237529 0.997560 0.846702 1.037586 
0.880355 1.176534 1.139694 0.911459 1.198281 1.033484 0.908090 0.913533 0.861637 1.162869 1.229383 0.956541 1.060950 0.972548 0.881151 0.806105 0.972094 1.030481 
1.041769 1.070154 0.933929 0.982273 0.918022 1.142764 1.027660 0.976857 1.241601 0.795165 0.979154 0.952632 0.924180 1.075909 0.887468 0.806155 0.804833 1.111764 
0.923336 0.807346 1.221645 0.998779 0.974240 0.886163 1.129767 0.946114 0.794556 0.802196 1.063292 1.156310 0.905902 0.900932 0.968694 0.856173 1.124993 1.235771 1.085122 0.824583 1.003932 
1.174952 0.820757 1.094928 0.972366 0.822257 0.936646 0.901325 1.007816 0.872305 0.918292 0.878575 1.238090 0.995141 0.901018 0.914132 0.995391 0.964017 0.911005 1.166544 0.914496 0.935781 1.201702 1.146688 1.043980 
1.110513 0.968440 1.021429 1.181081 1.108186 0.849738 0.881092 0.851510 0.861207 0.874826 1.246607 1.067893 1.155924 1.005168 1.075306 1.092359 0.951072 1.150969 0.904856 0.830617 
0.935451 0.950594 1.110558 0.973452 0.805750 0.863704 0.858627 0.894509 1.034680 1.242571 1.064682 1.083483 0.816679 1.093928 1.031362 0.992362 0.917151 0.829873 1.066013 
0.856066 1.105514 0.901290 1.235682 1.059199 0.889364 1.082243 1.042140 0.899017 0.816448 1.209010 1.038724 1.143059 1.176725 0.982216 0.919620 0.967524 
0.963784 0.916046 0.941995 1.016668 1.076141 0.956139 0.801575 0.801001 0.991078 1.023211 0.991660 0.815290 0.860480 0.842960 0.961067 1.098680 0.969567 1.046357 1.057907 1.142343 0.802905 0.853051 
0.892401 1.049352 1.082070 1.115823 1.229233 0.925832 1.060000 1.074232 1.039884 1.205469 1.134549 1.102322 1.215649 0.847973 0.995789 1.101494 1.036799 0.829384 1.223063 1.105366 0.996691 1.113523 0.928463 0.822110 0.880759 
0.811432 1.206242 1.102170 1.109684 0.889433 0.929637 0.977855 0.818805 0.860234 1.216377 0.969424 1.082976 1.117252 0.805153 1.129027 0.908178 1.013378 1.246501 1.048864 1.174639 1.091564 0.828516 1.048203 0.908766 0.838646 1.110227 
0.967098 0.944247 0.966150 1.072364 1.124620 0.981687 0.986007 1.059631 0.978224 0.881939 0.815338 1.173229 1.174091 0.987175 1.070545 1.061290 0.993514 0.888600 0.881639 1.201646 0.878640 0.911673 
0.959341 1.146794 1.198574 1.112370 0.852960 0.826636 0.982175 0.885393 1.122146 1.070962 0.857405 1.032220 0.816105 0.799942 1.022844 0.814721 1.000986 1.059386 1.200380 0.965029 
0.990238 0.924823 1.179403 0.954460 1.163066 1.209132 1.094045 1.082845 1.118170 0.937497 0.946028 1.037925 1.203629 0.893331 0.865945 0.864191 1.129333 0.842274 0.952540 1.245012 1.152863 1.052954 1.104025 0.958923 1.078411 0.851303 1.092044 0.810566 1.001018 
0.963866 1.013576 0.994140 0.838059 1.049361 0.989623 1.222698 1.070527 0.925315 0.862530 1.020153 0.829887 1.173202 0.828371 1.239192 0.926914 1.161688 1.004426 0.810092 0.921037 1.012763 0.891077 1.139862 
0.972287 0.941422 0.977456 0.979935 1.043946 0.831400 0.957485 0.868544 0.912547 0.873290 1.043407 1.100363 0.961547 1.055356 0.877518 0.949879 0.955610 0.803543 1.238000 0.883694 0.870262 0.811326 0.956221 
1.042766 0.796725 0.853312 1.090735 0.891234 0.858322 1.074391 1.080916 1.200115 
1.073536 0.997694 1.142065 1.181508 0.920579 1.112981 1.084159 1.155849 0.864868 1.072336 0.852964 1.070775 0.992178 1.026744 1.118617 1.246942 1.188718 0.975086 1.168618 1.133393 0.894799 0.820395 0.856966 0.828708 
1.203353 0.892523 1.031086 1.056017 0.841925 0.855291 1.172404 0.975168 0.906505 0.876845 1.210096 1.147343 0.808404 1.252842 0.955619 0.886067 1.025222 0.893740 0.885137 1.201609 0.886511 1.164509 0.886539 1.136791 0.993927 1.087857 1.204433 0.814344 1.030598 0.981347 1.212485 0.807770 
0.841275 1.061476 0.798071 0.954797 1.064385 1.077641 1.029756 0.946644 1.069109 1.156266 1.115112 0.978681 0.852447 1.002920 0.940449 0.859490 1.018968 0.878666 0.841927 0.968786 
1.223976 1.212092 0.974724 0.955102 0.982102 1.191575 0.969076 1.091234 
0.848352 1.015574 1.120563 0.829195 1.160303 1.235459 1.168302 1.184441 1.039689 1.039167 1.063965 
0.906975 0.920809 1.097918 1.068925 0.962405 1.033055 1.197253 0.898473 0.911350 0.996125 0.946510 0.850730 1.019663 1.104019 0.890917 0.990949 
0.848639 1.158703 1.045070 1.022319 0.949949 1.222674 0.969024 1.161482 0.958705 0.913287 0.992223 1.033050 1.018921 1.211639 1.225385 1.131243 0.929951 1.076703 
1.028849 1.006871 1.022565 0.885157 0.870578 0.883365 0.979874 0.963787 1.117243 0.856465 1.018106 0.832082 0.826460 0.974728 1.049464 1.056133 1.152636 1.101196 0.828049 0.867936 
1.207843 1.046671 1.071069 0.827256 0.967824 1.082932 1.025273 1.048427 1.211746 0.826653 1.067418 1.032733 1.040347 1.158235 1.225951 1.248812 
1.168738 0.859682 1.048813 0.868641 1.069594 1.162974 0.970338 0.974029 1.114897 1.203464 1.145525 1.134468 1.073380 
0.849712 1.162048 1.100644 0.886053 1.053218 1.134560 1.086173 0.910342 0.965165 
0.976925 0.944547 1.067985 1.040411 0.922157 0.897005 0.812297 1.108636 1.244400 1.018817 1.024473 0.993917 1.001941 
0.878868 1.084791 1.243983 1.057911 1.086053 0.947966 0.916496 1.117108 1.131223 1.069732 1.157830 1.241666 0.808920 1.081087 0.916392 1.122476 0.796874 
1.061646 1.252848 1.216478 1.081163 0.924219 0.918259 0.931498 1.160090 1.115676 1.092365 0.910712 0.949146 1.189735 1.139929 0.882691 0.951087 0.926496 0.806922 1.070487 1.000347 1.059512 0.901567 0.830918 
1.015398 0.942207 0.924810 1.242554 0.803252 0.794821 1.103363 0.932028 0.957224 0.799504 0.853823 0.806549 1.025549 1.103841 0.843680 1.143772 0.924322 1.219506 
0.888147 1.181904 0.870570 1.219441 1.062041 0.964205 0.899414 0.823759 0.925103 1.017322 1.184947 1.017174 1.149969 1.207723 1.027862 
0.864414 0.887719 1.184092 1.176770 
1.059855 1.128922 0.823869 0.957292 1.016903 0.884642 0.877539 0.966503 0.921517 
0.823987 1.241995 1.029609 1.134915 0.794829 1.028191 1.256147 0.800512 0.851275 0.998069 1.172219 0.852284 1.163323 0.794538 0.943822 0.874595 0.829044 
1.084330 0.803330 1.046407 0.835223 1.164411 1.018268 1.035580 1.138711 1.060943 0.947092 1.185324 1.164392 
1.141329 0.802952 0.917950 0.825064 1.156271 0.987788 1.243832 0.852679 0.876626 0.974022 0.881222 0.869270 0.861125 0.934267 0.928698 1.257001 0.899660 0.816678 
0.826670 1.064279 1.096408 1.078435 0.993799 1.155753 1.067038 0.870211 1.231415 0.973698 1.125116 1.182412 
0.818322 0.919212 1.095617 0.842733 0.834940 0.839416 1.093551 1.233532 0.804243 0.987000 0.957901 1.042559 0.874424 
0.912713 1.200870 1.250870 1.080416 0.949265 0.968664 1.022979 1.165809 0.799271 
0.905728 1.107514 1.037565 1.050725 1.117843 0.933845 1.064427 0.948809 1.094390 1.175605 1.000852 1.144264 1.054451 1.099744 0.988245 
0.962994 0.836246 1.022309 0.809666 0.945474 0.896746 1.155639 0.979230 1.027022 1.111549 0.842785 0.839827 1.022234 0.985829 0.829021 0.895879 1.096136 1.227106 0.862952 0.880751 0.858048 1.098038 1.074972 0.879791 0.879912 1.205311 1.062781 0.855392 1.096316 
1.105879 1.098144 0.811643 0.883270 1.056315 0.992200 0.962371 0.825251 0.944307 1.159893 0.860901 0.891816 0.845932 1.119572 1.167438 0.983946 1.166940 1.177194 1.028561 1.145976 0.966684 1.060114 1.168987 1.073531 1.090263 1.139652 
0.806321 0.929958 1.183184 0.794821 0.846600 0.898697 1.072451 0.928390 1.182149 0.930129 1.257954 0.987684 0.994626 1.248872 1.222884 1.052978 0.804845 1.118201 1.017935 0.822730 0.804529 1.025713 
0.934061 0.963336 0.962467 1.058020 1.034600 0.811896 0.797648 1.157672 0.991337 1.116144 0.969374 1.106042 0.885261 0.849845 1.254554 0.991637 1.247138 
1.038403 1.104753 0.953347 0.820426 0.950935 1.137944 0.982765 1.012087 1.135296 1.124511 1.126779 1.100340 0.919642 1.214999 0.847366 1.033883 1.138246 1.214536 1.060193 0.922367 0.940327 1.010319 
1.118689 0.879869 0.799240 1.167888 1.131553 1.087972 1.086841 1.033450 1.144526 1.144588 1.045859 1.043276 0.874416 1.016344 0.830988 0.961421 0.935789 
0.807852 0.933183 1.126661 0.918500 1.078077 1.101851 0.884033 0.978876 1.046594 1.129462 0.987037 0.890731 0.871326 1.080764 0.863959 0.851596 0.942279 0.889100 1.146794 
0.904165 0.991894 1.039649 0.919536 0.839682 0.906149 0.996333 0.928138 0.841624 0.850431 0.958927 
1.111645 1.147307 1.009071 0.971921 
1.155424 0.819376 1.096474 1.011594 
1.203051 1.042832 0.832206 0.974356 1.042873 1.227998 0.813279 0.957383 0.983816 0.950494 1.076240 0.918728 1.199778 0.822370 
1.225708 1.039125 1.004886 1.160051 0.799777 0.814145 0.912369 0.977938 1.221338 0.941758 1.049620 1.071400 1.242319 0.941449 0.977466 0.861476 1.105806 0.795120 
0.994815 1.221418 0.803837 1.211160 0.819662 1.105708 0.935183 0.856356 0.800671 0.914098 0.871675 0.962721 1.136032 1.077947 0.982555 1.113537 0.838000 1.038092 0.970022 
1.068666 0.991299 1.145189 0.971266 0.822114 0.890292 0.852423 0.868149 0.796193 0.923309 1.190020 0.950559 1.031932 1.090728 0.921159 0.954449 0.894414 1.068148 1.044661 1.018830 1.189842 1.193449 1.013641 0.953885 1.105077 0.835755 1.000667 0.994304 
0.843333 0.957916 1.203693 0.998981 1.170985 1.217227 1.077894 0.833843 1.062261 1.041646 1.102334 0.865083 1.183753 1.100044 0.875472 0.889933 0.855415 0.950022 0.961124 0.854369 0.868829 0.916540 1.061237 1.173347 1.103082 0.937985 1.233587 0.931586 0.880459 1.028665 1.090488 1.174259 
1.075196 0.824079 1.086841 0.963017 1.056064 1.184216 1.007922 0.874715 1.137929 1.085085 1.067931 0.861023 0.808647 1.155709 0.835249 1.130950 0.802088 0.948303 0.875463 1.077472 0.915268 0.924562 0.994501 0.852979 1.056891 1.023484 
0.806439 1.176752 1.082165 1.107747 1.073013 1.215966 0.942037 0.927566 0.877587 0.901000 1.114193 1.214149 1.020645 0.822101 0.890009 1.239464 0.923539 0.797582 1.251697 0.843384 0.927373 1.043202 0.800456 
1.018011 1.121995 1.061947 0.915228 1.074204 0.825212 1.235536 1.193773 0.815687 0.895156 0.904657 0.914062 1.160635 0.993314 1.036994 1.167472 0.848755 0.953168 
1.139035 1.163291 1.057184 1.105227 1.041950 1.217620 1.203320 0.915963 1.013294 0.880963 0.889689 
0.894027 0.977559 1.000869 1.206508 0.983629 0.864705 0.878209 0.881178 1.081719 1.053885 0.815134 0.985709 1.046243 1.028561 1.002753 
1.003224 1.204799 0.915515 1.057962 0.833454 0.959604 0.892770 1.170555 0.810886 0.983882 1.123459 1.208086 1.022590 1.007858 0.795096 1.121778 1.203138 0.945094 1.057046 1.103072 1.132441 0.851786 
1.124924 0.968568 0.888996 1.026392 1.141899 0.837907 1.060675 0.895017 0.841521 0.914809 0.961911 1.003939 1.145366 1.107723 1.122350 1.094820 0.859580 1.064135 0.897624 0.828148 0.820987 0.998267 1.248455 1.039980 1.165381 0.805713 1.008940 1.109772 1.148974 
0.798741 0.838527 0.859315 1.026015 1.217311 0.940166 1.055181 0.944751 1.096404 1.049487 0.944897 1.000359 0.914844 0.910035 0.873318 1.005875 0.960666 0.821453 1.031945 1.113191 1.204669 1.005557 1.072004 0.965040 0.975024 0.801065 1.132898 0.922671 0.890255 1.053442 0.876519 1.013553 1.225255 0.898673 
0.890839 0.911630 0.842848 0.933767 1.223704 0.865985 1.128137 0.918857 0.930731 0.915549 0.969838 1.048661 0.887143 0.915396 1.056598 0.863270 0.863973 0.914370 0.803439 1.057065 1.100433 0.832775 0.917196 0.948102 0.846956 1.248353 0.951367 0.983398 1.057328 
1.148701 1.180953 0.797500 1.234710 0.879423 0.889388 0.809128 1.201941 0.841146 0.867827 0.860631 0.804544 1.154091 1.215853 0.926995 0.872619 
0.866287 1.198671 0.884115 1.152068 1.098357 1.255732 0.993899 0.886664 1.236047 1.052136 0.803362 1.069806 1.080916 
1.254030 0.978724 0.980451 0.888256 1.090966 1.172412 0.885004 0.887131 0.959298 1.215212 1.190856 1.244266 1.252351 0.912028 
0.898612 0.835938 0.963038 1.083157 0.994308 1.137510 1.067961 1.211849 1.194316 0.942579 1.074764 0.916801 1.154223 1.191608 1.054988 0.871161 0.902993 0.871012 0.847782 1.194751 
1.011586 0.979692 0.808175 0.857332 0.832881 1.184435 0.839081 0.966380 1.147223 0.971449 0.856778 0.804893 1.044848 0.822024 0.994266 1.140770 0.989046 1.048567 1.221525 1.053261 1.140797 1.020509 1.194582 0.962395 
0.826018 0.847320 1.228263 1.054274 0.877634 1.057044 1.092440 0.836716 0.853537 1.132320 1.216535 0.979077 0.857620 0.955297 1.173277 0.832754 1.226921 1.225890 1.011978 1.136133 0.794422 1.048694 0.882181 1.243927 0.853638 1.082602 
1.117069 1.052782 0.854768 0.834125 0.865729 0.936614 1.067869 0.863357 1.040838 0.880520 0.801425 0.859280 1.133075 1.038572 0.996029 0.873971 0.919927 1.170398 1.010864 1.053312 0.946035 0.947667 1.002079 0.963483 0.803890 1.045409 
0.920881 0.997660 0.806076 1.045795 0.838321 0.896554 0.974546 1.235057 0.882006 1.044685 0.943666 1.182071 1.056060 0.964010 0.922103 1.178725 0.811164 
0.839886 1.218804 0.907925 1.066368 1.101358 0.934229 1.137846 1.056705 0.839802 1.159682 0.800476 0.924466 1.167828 0.840056 
1.018900 0.838674 1.086079 0.867260 1.125874 0.961228 0.949619 0.900308 1.030571 
0.864182 0.844768 0.937637 1.097209 0.862577 0.938639 0.886653 1.029901 0.874194 1.037969 0.922915 0.798056 0.837887 1.101195 1.090332 1.022118 1.004963 0.918111 0.950337 1.197979 
1.032921 0.894933 0.847593 1.004022 1.062850 0.846294 1.176555 0.823741 0.885151 0.927390 
1.017032 1.208288 1.203208 1.046495 0.855332 1.090872 0.861000 0.863811 1.053527 1.008221 0.832698 1.142679 1.036496 1.118069 0.831242 0.874727 0.851946 
1.062990 1.057867 1.036841 0.883910 1.081840 0.986097 1.017947 1.034201 0.805122 1.210355 1.011500 1.258043 1.117082 0.830609 1.084156 1.015921 1.085470 0.883552 1.190885 0.975244 0.817669 0.876497 1.010791 0.952571 1.171927 1.029078 0.957627 1.121758 0.804580 0.824606 1.225489 1.070616 
0.950419 1.233746 0.894254 0.887701 0.835502 1.251187 0.803277 1.155381 0.969433 0.952069 0.811413 0.845641 1.016443 0.970151 1.068290 0.821743 1.006889 1.131651 0.810677 0.993135 1.209652 0.971277 0.979787 1.155028 1.210751 
1.210242 1.059901 1.035949 1.118737 1.173121 1.234214 1.059152 1.130024 1.059937 1.042072 1.073857 0.879257 0.879819 0.935820 0.996989 0.999965 0.815496 1.178799 0.921872 1.087335 0.838262 1.110148 0.989481 0.878215 1.240264 0.855094 0.945951 
0.799128 1.154788 1.145517 0.931011 1.217381 1.163024 0.916399 0.871912 1.064571 1.137054 1.018902 0.799806 1.214279 1.131276 0.863443 0.923595 1.247581 0.949492 1.116386 0.811466 0.836021 0.885818 0.914603 0.831817 
1.165350 0.967435 1.033999 1.230161 0.941932 1.014141 1.053983 1.109788 1.014782 0.943149 0.919560 0.822399 1.127274 0.811583 1.073574 1.040416 
1.173011 0.961275 1.195768 1.039287 0.885815 0.802128 0.947816 1.069001 1.222394 1.095313 0.844686 0.971404 0.982984 1.059933 0.962118 0.873993 
1.189660 1.030544 0.799988 1.068725 0.912752 1.053093 0.898200 0.860992 1.015634 0.875073 0.984613 0.970912 1.023499 0.965748 1.141721 0.920105 1.064487 0.832222 1.005683 1.076554 1.242320 1.057276 
1.061124 0.850296 0.997872 0.957769 1.105159 0.868793 0.823555 0.826529 0.974520 1.001804 1.095155 1.024971 0.823692 1.169766 1.231437 1.060106 1.019726 0.921524 0.843894 
1.035030 0.869108 1.086560 1.050411 0.847803 1.203935 0.839016 0.799592 0.838476 0.978051 0.970382 0.805130 1.029745 0.835724 1.104111 0.816791 0.810624 0.836328 0.926215 0.815814 0.993905 0.901885 0.909851 0.994755 1.132254 0.855216 0.795218 
0.810284 0.882600 1.204683 0.834372 1.145204 1.218712 1.179590 0.849779 1.043024 1.083517 0.806829 1.006118 1.194106 0.970169 1.003817 1.054003 0.804471 0.860211 1.040656 0.934423 1.164385 0.932265 0.945216 0.980048 1.045659 0.861917 0.989034 0.838881 0.867364 0.987050 0.923115 0.929133 1.013308 1.244151 0.822611 1.157501 0.988658 0.993982 0.819148 0.850820 1.171633 0.832101 0.821316 
1.147777 1.057083 1.228833 0.905928 1.193331 0.994231 1.060430 1.034366 0.894608 0.849638 0.930563 0.796534 0.884571 1.188021 0.879635 0.940485 0.844372 1.128961 0.945871 1.053550 1.027294 1.014991 0.933043 0.830437 1.064095 1.011199 1.046998 0.998500 0.993478 0.873492 0.870556 
0.866795 0.831283 0.993631 1.126329 0.947300 1.017768 0.830795 1.181142 1.237286 1.153780 0.927971 1.248105 0.861402 1.128715 1.222391 1.029635 0.856703 0.796468 1.094880 1.137766 0.882749 0.900016 0.965484 1.043949 1.112329 1.123112 0.867226 1.180864 1.098270 0.863810 1.059562 1.003591 1.209701 1.238129 1.039694 1.124112 0.926463 0.963801 0.837819 0.942455 1.233996 1.003540 1.149719 
0.823592 1.081750 1.196901 1.257869 1.164580 0.935394 0.997327 1.168122 0.963715 0.860768 0.854122 1.161634 1.062525 0.954463 0.958064 0.860019 1.104483 0.817467 1.025031 0.919081 1.089424 1.137904 0.869385 0.814981 0.943195 0.949898 1.170955 0.971891 0.825070 
0.993092 0.989920 0.876876 0.889124 0.962880 0.991226 1.043791 0.842261 0.990433 1.255588 0.934410 0.890341 0.821597 1.025836 0.797264 1.064802 0.951118 0.983420 0.908544 1.097796 0.949037 0.804201 1.219652 0.900109 0.891481 1.225991 0.994878 0.801003 0.848840 0.813710 
0.997569 0.906095 1.056155 0.985201 1.249457 1.184541 0.958172 0.948901 1.143184 0.857108 0.836993 1.043459 1.123213 1.061597 0.847214 1.092051 0.975993 
1.152420 0.843638 0.822430 0.986814 0.947033 1.020685 0.796766 1.127720 1.225460 0.800400 1.102596 0.923054 1.156220 0.844469 1.216262 1.179370 1.021878 1.079048 1.085695 0.965072 0.903338 1.093000 
0.794646 1.079955 1.201841 0.957599 0.811925 0.890183 1.159644 1.075788 1.078062 0.816297 1.159923 1.170245 0.929781 1.036088 0.878263 0.858042 0.920639 1.153132 1.102251 0.924417 1.253002 1.207913 0.908250 1.183670 0.930750 1.074573 1.234949 0.840230 0.906671 1.036459 1.223332 0.887855 1.014389 1.131797 
0.863476 1.148085 1.200279 1.179491 1.101967 0.928139 1.191558 0.998291 1.167201 0.958206 0.952874 1.085811 0.839853 1.018379 1.192165 0.875198 1.139549 1.237959 0.922779 1.135288 0.943572 0.937058 1.140299 0.845404 0.827289 0.846628 0.939875 0.903401 1.103087 0.906978 0.891561 1.129204 1.132875 0.989427 1.048747 0.877328 0.795434 0.872843 1.057433 0.931275 
1.226956 0.911204 1.077358 0.878183 0.992437 0.826459 1.023020 1.184553 1.084906 0.927668 0.832261 0.975120 1.092005 0.991240 0.882031 0.942429 0.857191 0.841523 1.248467 1.159541 0.992047 1.159522 1.095684 1.155672 0.873255 0.975583 1.203012 1.078433 0.995158 1.161503 1.251459 1.183564 
0.848714 0.812295 0.912573 1.159947 1.188324 1.154541 0.961778 1.166233 1.238932 0.847201 1.132745 0.832478 1.037788 0.937267 0.871667 0.994659 0.890406 1.147878 1.164715 0.836749 1.071257 0.849487 0.963309 0.803218 0.989514 0.890960 1.076041 1.176534 0.984322 1.139760 0.890733 1.046667 1.150641 0.963682 1.256883 0.933779 
0.795287 1.100362 1.148056 0.957147 0.874463 1.051400 0.888142 0.882759 0.930639 1.139740 0.987239 0.803825 0.920836 1.253322 1.228059 1.228828 0.965892 0.929932 0.835469 0.799391 0.990598 1.184470 0.826125 1.188409 1.189653 0.932014 1.160260 0.938369 0.908771 1.136385 0.809056 1.232325 1.003278 0.848063 0.827987 0.950784 1.205909 1.071564 1.169694 0.954634 0.884848 
