6.583009 6.786115 6.287282 4.754725 5.348336 2.965065 0.206153 4.141319 0.553119 2.138998 7.455073 2.787206 4.617849 2.869309 6.862899 4.867637 3.017977 3.883498 5.590716 5.448088 0.768043 3.290193 5.276502 3.132546 0.932208 4.279518 6.870121 3.014092 2.238045 6.432968 
7.228160 6.438131 2.723852 5.040864 7.051503 0.572917 3.124425 0.826415 0.019772 1.350058 0.816120 2.041722 5.181759 0.179564 3.520226 4.845749 3.994449 1.566629 2.814536 6.050399 5.479820 3.982776 7.183020 3.780699 0.020843 0.301725 4.307138 3.868074 1.121356 6.584781 
5.986356 5.782126 7.293293 7.098723 1.532422 1.714158 4.177233 1.265697 2.062171 1.628189 0.951134 4.907092 5.196616 1.524614 6.364846 4.270303 3.981996 2.362749 0.482369 5.406976 6.633978 5.082357 1.673419 6.752674 3.730733 1.996353 0.293704 1.862008 2.049435 
3.647058 5.622892 0.172334 6.639083 4.308885 1.378835 7.392137 2.760990 2.197980 3.367362 5.141213 2.809112 7.127423 5.158070 7.342979 3.350111 1.625572 3.278306 0.163801 7.096763 0.413047 5.425959 0.603280 5.041006 2.684371 
3.127526 4.393621 5.346432 3.322636 6.767843 1.286598 5.128802 1.366618 4.657471 1.392659 6.595713 0.089736 4.651600 1.040463 4.965355 7.165884 7.144266 5.259694 2.005044 2.108995 3.255099 4.785139 0.706440 4.177742 1.312075 2.684849 5.669622 3.952674 6.519695 
1.581383 0.005425 4.689694 1.617987 5.253804 3.823906 6.813032 0.604333 6.102309 0.364431 3.476913 0.578259 4.979226 0.702179 1.823110 7.362597 7.418772 4.588700 6.223647 2.254505 6.597322 
3.360818 1.832731 4.790119 4.420205 3.601121 5.673937 2.005441 4.047208 0.487901 1.357420 5.642300 5.818416 1.062468 5.614494 5.375976 4.770457 4.712909 0.143889 0.126510 
1.434472 2.903190 5.298956 6.824594 2.788910 2.676908 5.826040 3.613733 0.897469 1.747803 0.347252 3.450017 1.942567 2.445464 4.484931 3.847005 1.623484 
0.697884 5.449716 6.125070 5.398584 0.811173 5.434547 3.550511 1.770020 2.238139 4.972678 1.265884 5.849633 0.213651 2.833089 2.993843 6.845528 6.183860 
6.511351 6.479200 5.557824 3.650961 2.911562 5.461554 5.412110 2.523463 6.080749 6.274380 1.280496 6.773521 2.334890 7.407223 0.439682 0.457622 1.963033 0.124118 5.883452 2.242751 
5.135712 6.307537 7.005212 0.040612 2.339399 6.601569 6.554541 0.433652 6.479651 4.965861 6.020951 6.645858 2.352090 4.187130 0.191218 4.392758 5.226590 4.238875 6.085303 3.564585 6.645823 
1.094308 1.182714 6.556310 7.104465 3.438622 6.276818 6.730505 4.494515 4.983799 7.339194 2.016723 6.764611 4.941301 4.968428 1.820891 3.013560 6.619184 7.255641 4.302451 5.619105 1.916697 
1.176913 0.027361 5.404031 7.261862 2.377801 6.223663 7.490108 7.370910 5.242084 4.741770 2.366905 1.983356 1.169098 0.678757 1.685651 6.635336 7.385313 
0.072427 2.396144 4.903844 1.854491 5.924240 6.694879 7.067621 5.861803 7.487015 1.613184 4.537879 0.274776 1.165309 5.538092 1.097918 0.691343 6.480182 1.495169 
6.608922 0.939122 6.369769 4.778956 5.617722 1.819197 6.712022 0.119899 7.096294 1.373786 0.142399 1.719407 1.302014 
0.025981 5.719864 0.903315 7.061057 4.161899 1.648709 0.179693 2.743388 6.128779 6.932031 1.614085 1.022267 2.021864 5.266899 3.761827 
3.100117 7.211021 1.984048 1.715132 3.977602 4.801866 4.529353 2.110646 5.591769 6.284419 5.761233 0.837423 2.990982 5.912711 7.314139 0.416594 6.224228 6.070396 
3.213116 6.850638 1.726136 0.897560 0.397255 1.471244 3.949837 6.893228 3.790312 6.109285 4.060154 6.950470 3.638876 2.687025 4.851245 7.416163 2.575891 
1.899320 1.001730 7.160442 0.381007 3.239394 3.365093 5.481639 7.341714 4.807599 7.022098 0.853628 7.096109 4.035184 0.218852 6.945571 4.424220 7.121847 
1.028549 1.516344 3.080332 0.026994 6.075458 3.381006 7.180697 3.903124 3.911900 1.559785 2.288012 5.563007 2.366739 4.682861 6.740230 6.751422 0.972547 5.481610 2.984119 
7.408922 6.868374 7.002333 1.143413 7.374162 5.489903 0.892975 3.683563 4.015367 0.176772 2.966228 3.169064 4.290194 3.841633 0.549606 3.370037 0.320580 
6.959617 7.183603 3.001713 2.173013 5.656685 2.916274 2.102065 2.126067 1.165876 0.883703 2.243641 1.585396 0.343210 2.242568 6.949786 0.431244 5.776728 
0.011896 1.508656 0.406304 0.011501 5.467327 1.869853 1.324238 0.932921 5.790784 0.714351 1.868869 4.960045 7.087292 
0.347037 1.324366 0.966715 0.544794 2.207965 3.852176 1.828723 0.665889 3.984508 0.536570 4.642123 2.559300 6.128303 3.627012 
5.700890 3.122595 1.977680 6.529847 2.605032 5.265275 3.640429 1.262949 3.357953 0.739634 0.353220 2.248794 4.914213 7.253175 3.226443 7.353445 5.791034 
5.036185 2.703073 2.964187 2.168767 4.871240 5.209446 1.746544 1.596114 3.801335 7.469539 0.993738 1.727205 6.888661 6.914539 1.740318 0.291646 1.127333 
4.060905 4.160994 0.381293 3.306818 4.486797 0.599773 7.349135 2.135548 0.074754 2.231827 3.548204 5.732786 0.587672 0.753973 6.983004 
5.151119 2.789382 1.006196 2.617933 4.849321 0.311252 1.865409 7.324681 7.065977 5.399944 4.130217 5.057047 4.018702 5.054238 
3.801718 4.625960 3.565540 1.074877 2.619346 0.347049 5.081061 6.106372 7.266085 5.130870 4.420821 3.324349 4.030202 5.599481 5.951469 5.551337 4.984130 6.276087 1.966337 
3.569752 0.437129 2.902654 2.164986 3.707747 0.450988 5.383429 6.408298 4.322720 4.517833 6.289154 0.611861 4.228798 0.759349 3.067012 7.468339 3.952811 0.142697 2.445933 2.927079 3.196818 0.915008 6.395196 4.352999 4.096752 1.354013 3.973855 
2.617416 4.211324 0.761865 1.258836 0.345868 2.064917 6.475269 1.536571 3.724264 0.575670 2.643687 1.487535 6.209434 4.713544 3.465660 3.936392 4.064833 3.451337 5.187145 3.468409 1.274737 0.980552 
0.081556 1.596703 3.664922 1.945975 3.767354 3.344873 3.186880 1.737427 0.486481 1.314132 1.380412 3.041893 1.795206 5.705459 2.503317 6.329475 
2.526677 0.886745 3.434950 2.004299 2.886424 6.844690 5.165974 6.755492 2.071701 3.004606 1.303595 4.004716 1.957973 3.736139 0.010637 4.071098 2.745087 0.662419 5.462099 0.400854 
1.608774 1.738287 0.720758 3.092508 5.448577 5.679825 6.100001 4.050631 5.476760 3.232403 3.329679 0.937455 1.949408 6.218532 1.121638 6.802919 0.958064 0.533241 2.289948 0.173297 1.708248 4.752371 
2.123553 1.745586 3.351179 7.397324 1.787674 1.873528 6.376296 4.858378 5.895147 6.819755 6.279228 6.394049 0.463190 1.598296 3.211411 5.809135 1.708643 0.983224 5.079155 
5.350316 1.690406 0.808943 0.632143 3.851547 1.839337 5.186395 4.307685 7.374881 6.404134 0.340673 7.148266 5.193453 0.622485 7.193943 6.585485 6.702575 2.034920 
5.615492 6.836808 1.976274 0.079395 2.216439 2.340939 4.366136 2.150799 2.413276 4.536729 5.486457 3.016347 3.654163 5.295375 2.609216 1.704634 
6.477711 6.694932 1.659562 0.068476 1.726523 6.118022 4.767515 3.544156 6.660095 2.313410 7.068440 0.810305 1.408358 2.425019 5.337164 5.862520 1.923864 2.842435 
4.944597 3.301260 0.521806 2.410703 1.277458 4.824361 2.948449 3.564431 5.950169 6.174937 7.247880 6.948267 0.846844 4.334625 1.192428 4.447309 6.899627 7.364506 3.685117 2.072041 6.477399 2.411764 1.854373 
3.680554 2.229955 1.274651 7.188133 1.278440 5.862519 1.092585 4.018708 5.152360 6.095539 3.120814 2.717483 1.774922 4.671344 2.103033 7.133886 1.639394 4.232218 3.201593 2.434942 7.420664 1.004633 6.452360 3.159547 0.209830 5.756747 6.245562 
2.706482 0.422787 1.142905 6.813384 0.785230 2.776142 4.141235 0.817787 0.527916 4.457189 1.653050 1.640773 2.449976 0.692358 3.919721 2.499390 3.808714 7.187125 
0.237803 4.900623 0.542087 5.729457 1.642724 2.699059 5.863373 0.121520 3.199601 4.052265 1.253369 1.898439 4.617519 0.400270 2.478470 0.479918 6.301115 1.385894 2.999828 5.897349 2.495693 3.617147 5.039206 3.094239 4.784046 
0.192789 0.291420 1.070182 6.437130 3.274953 2.043684 4.783390 7.300650 0.589660 2.134762 1.786044 2.361629 1.935993 6.520963 1.834513 1.529780 5.611161 1.876125 3.965908 4.597652 
7.490926 1.655575 3.838699 1.137848 6.515243 4.203192 2.122763 2.462603 4.585772 4.581895 2.998647 2.174473 0.779976 6.051369 1.301309 4.019571 5.865929 6.256675 
7.272379 7.047257 3.241832 5.935266 2.563539 4.771781 2.889716 4.845777 5.742806 1.999975 0.282161 2.126042 6.010171 4.341427 4.644680 3.447707 4.751446 3.092908 
0.211720 7.435101 3.128283 1.038254 6.691853 3.516523 1.736821 3.070080 6.456551 1.378981 1.208028 1.405869 6.979822 4.945139 7.059239 1.107287 7.072841 4.660537 1.141861 0.868193 3.440700 0.805574 7.253227 2.165756 
1.948911 1.301696 3.084562 1.485665 5.108775 3.725363 2.539264 1.373248 5.735960 7.105797 6.424669 1.668355 6.152544 2.098738 0.934093 1.900579 6.854222 4.965241 3.849405 1.933623 3.676297 4.178808 6.342217 6.144624 4.544475 2.765002 3.166931 6.423890 0.721212 5.773924 0.495743 
2.802240 0.667382 1.180434 0.587881 5.860580 3.662219 1.586186 1.439452 4.491650 6.147740 4.955669 3.572841 4.677354 1.156321 1.921081 1.017641 5.443219 2.346905 7.251563 0.889315 4.343401 5.694225 7.330043 6.291288 0.684451 1.268939 1.189991 
1.781571 2.101681 2.109247 7.082463 4.741868 7.443136 1.559603 6.145288 5.304827 6.270310 6.420714 2.156848 5.405814 1.744654 4.585076 2.856965 7.010790 4.336037 7.422888 0.030031 1.565178 6.705288 5.450170 
0.937455 1.911705 0.829538 3.134906 1.418254 4.277961 7.194102 3.736995 6.880872 7.084510 6.289832 6.041390 3.556614 1.289945 4.234194 0.838038 4.750039 7.318864 5.345633 5.736871 0.729965 7.173562 5.270335 3.512852 4.381495 7.418236 0.918457 
0.246972 1.946109 0.126813 3.604251 3.522717 3.796099 6.800390 2.348611 3.013934 6.790301 0.907368 6.000303 4.502466 0.216608 4.934966 2.842124 5.679826 6.178324 5.284420 5.672211 6.996638 6.409436 6.123181 3.437803 2.016943 4.888414 2.166423 0.290130 4.019788 4.564291 0.071871 1.177140 0.448331 7.364063 
3.989101 5.427961 2.951609 6.895545 3.866149 0.916670 5.754451 2.225264 1.178972 5.315492 3.742144 5.476639 3.217486 0.090183 3.309428 3.641897 
4.999043 6.068653 1.375101 5.473846 0.673440 0.685885 4.683677 3.374103 2.271716 3.987295 1.194650 3.512025 
2.020093 5.169625 4.473956 2.974728 2.613250 2.210604 6.218686 2.228882 
1.327327 5.009467 3.480817 0.940804 
0.820929 6.843026 3.187768 
1.413366 5.396054 4.229725 
1.487676 5.998215 3.250148 
1.126948 6.314284 4.321689 0.384892 
1.102312 5.196528 3.557761 
1.981106 6.487627 2.952667 4.399319 4.638473 7.450924 
1.117352 5.732565 7.221934 6.198903 6.848416 4.245154 
0.929092 3.516602 6.811706 
0.067827 3.953889 5.968371 6.584455 
2.840688 4.312764 6.048701 
1.156224 3.257609 5.505670 
0.183958 2.573138 5.831259 2.100906 
6.207272 2.078975 6.656865 1.399731 7.147937 
1.555510 3.785526 7.137730 
3.538849 3.627772 7.174760 5.406199 
0.420809 5.401069 6.041169 6.334808 7.371367 0.333802 
1.320265 3.706227 5.113218 2.271550 7.262929 1.234018 2.864610 0.461921 0.490184 5.888847 4.476904 0.367504 5.829827 5.146104 3.394936 1.056890 3.192784 
2.168614 6.739776 7.304304 1.396744 4.613485 0.501792 2.215080 0.827634 6.971000 6.088691 2.594541 0.810884 6.654115 4.510881 2.211826 3.387638 3.922276 5.619264 5.782553 2.043193 5.825665 2.309197 7.397480 
1.057667 4.915872 6.183692 1.878131 0.123492 5.863467 3.322689 7.161826 7.354079 7.116935 5.565038 4.592265 5.050816 3.618761 0.834791 0.122028 0.450710 5.022467 1.644007 1.653266 0.121618 3.143607 1.066439 5.236723 1.260078 4.123231 1.718159 1.213535 2.011728 2.102679 7.422334 2.255501 4.200307 4.613266 3.068687 1.436843 
1.213655 0.901167 6.502673 0.467643 0.242185 6.187580 5.492751 6.372751 4.336197 7.378226 3.048398 5.888107 3.517242 2.074561 1.061515 1.798775 4.362897 1.456622 3.713043 7.433333 0.663561 2.877385 6.524315 2.564399 1.195887 3.790818 2.396245 2.590974 3.630993 0.805323 6.187282 0.834126 1.936046 1.251477 5.340214 5.301120 
0.694819 4.513904 0.353420 4.325585 0.965334 5.489197 1.659167 0.338170 6.651316 4.026692 7.316646 6.959085 0.895022 2.339736 5.047908 4.896394 2.961307 7.173685 2.005528 2.979554 1.776908 5.464046 5.475465 0.270886 1.732838 2.608178 6.727926 7.033328 3.130815 2.955859 6.637369 0.578110 5.314214 3.630792 0.199110 
0.371256 0.135228 0.941983 3.534148 3.630711 6.895995 7.123422 2.762221 6.464805 2.035197 6.439260 3.305521 2.465570 4.590598 1.486877 3.545949 2.558638 6.494780 4.510589 2.992949 0.351241 2.065889 2.580861 2.703282 1.794038 1.155347 0.839453 5.638800 2.648961 
1.402074 5.767576 3.568700 4.250084 3.451408 6.302684 5.960788 7.360892 2.744501 6.233161 0.336082 2.220834 2.493406 0.622306 0.519251 4.533391 1.701760 1.366586 
3.039543 6.169448 6.451454 1.682768 3.254317 1.379155 5.595931 3.310243 2.771371 1.891015 3.708218 5.878689 5.453928 
2.252591 2.436467 7.073091 1.271377 2.281855 0.060266 1.201578 0.607094 2.212422 4.894404 3.889411 3.486715 3.907064 0.949795 3.706327 4.653225 1.340819 
6.491153 5.527450 5.055301 2.100661 4.127107 3.938888 3.487231 5.795987 2.898850 0.233896 3.632911 
4.059459 3.951596 1.841485 4.490052 2.435848 4.606847 1.632493 3.567090 3.137768 3.453628 6.064709 3.008950 4.097742 6.498382 1.120083 1.043220 3.229660 
2.709614 0.068031 0.588435 3.212262 1.768582 2.124026 1.798146 3.952842 4.568142 1.686204 2.772459 3.524851 1.819133 6.932221 3.489561 7.456517 4.475065 4.754025 1.952345 1.347310 1.104016 0.617498 0.012372 0.015986 
0.055684 4.842751 3.428889 4.061413 4.283502 4.634950 1.980741 3.059036 0.269470 5.372423 5.126397 2.124689 7.250206 3.998590 6.135858 5.956394 3.177159 5.765392 0.343151 2.417946 1.991789 0.369841 5.821311 3.967499 
0.729350 2.526314 0.837915 2.473165 5.409122 4.081993 2.934679 3.264900 1.746140 3.515405 6.160931 2.012357 1.713737 1.110015 3.722825 6.197281 4.392974 6.386911 2.016502 2.666972 1.793116 2.897751 5.854115 4.390052 5.134846 
3.220577 5.587149 2.508486 5.521837 1.418097 5.926777 6.847657 6.180980 1.530323 4.806595 7.464075 2.969670 3.973352 7.211415 1.777690 3.799099 7.080709 5.794999 
1.454034 6.128299 5.651743 6.430045 0.022952 3.794402 1.166531 2.296446 2.140714 1.831931 6.091444 1.810822 0.257520 2.508676 
1.096288 7.111032 4.574891 6.998015 5.316430 5.834275 3.598004 3.195079 0.146619 5.380911 
0.256518 6.282601 2.551641 0.515290 0.287152 2.848438 0.175956 0.599488 0.048623 
0.103744 7.122761 0.625348 0.844757 2.949087 0.198434 1.273548 3.883064 
3.025487 2.352919 1.880918 1.689369 4.322499 2.320232 5.096216 3.147917 
4.484766 0.374868 1.937674 2.579307 5.070118 6.936761 7.466320 6.909069 2.990168 0.950395 
4.550610 0.044816 2.496911 1.528858 3.301524 5.389920 5.531260 2.252022 5.969379 7.087267 5.577229 3.479668 2.130137 
5.609822 1.405886 2.335320 0.694091 4.278596 2.594366 4.698787 3.188202 4.529721 1.947756 0.852148 1.249412 
0.486422 0.472302 4.632511 2.689396 5.654937 1.347005 2.221493 6.101024 2.759575 3.562486 0.048963 7.344524 4.677683 5.928190 3.228216 4.461474 0.316723 4.853984 
0.156420 0.075498 4.881984 2.239490 0.751607 2.118158 2.144698 5.731468 5.209846 7.250596 1.269518 6.951949 2.918434 0.555981 2.358904 4.948544 2.505984 3.770076 1.497753 4.393213 2.469359 
0.416928 5.742990 1.620416 0.662873 7.110513 2.222038 0.949987 6.509910 6.563329 6.843944 0.830841 4.703365 2.653797 0.650362 0.105523 2.921882 0.053686 4.736860 4.803723 6.045834 5.615508 3.412720 0.517376 7.125118 3.044335 
0.823038 0.825054 0.936309 2.619680 5.856076 1.792891 1.981095 6.314132 5.884421 6.024003 0.278404 2.546642 3.392079 0.549455 1.396864 0.661434 2.089090 5.596680 3.352111 4.670225 2.251509 
1.035796 1.779877 3.631404 6.149770 4.161359 4.656769 3.346561 7.078354 3.905258 2.891364 2.718060 3.310400 5.681911 1.686488 4.464660 7.305566 2.676899 5.488389 1.706486 2.017645 1.949310 5.568056 4.604964 1.723963 0.119852 7.044666 4.051843 
5.792523 6.096115 6.270529 6.680647 3.581321 4.104623 0.549549 6.808741 5.428713 6.276155 0.549067 0.393699 1.744300 3.319147 0.368412 2.613833 3.267913 5.374482 0.310248 2.937871 3.673210 
