 0.103897  0.289554
 0.219204  0.308356
 0.005787  0.228113
 0.121519  0.372235
 0.275215  1.252369
 0.360795  0.708438
 0.368938  0.285519
-0.153824  0.481357
 0.152477  0.152467
 0.355504  0.615578
 0.010986  0.259363
-0.199741  1.308343
 0.280751  0.582871
 0.501106  0.556969
 0.555266  0.375396
 0.238190  0.379376
 0.591123  1.030586
 0.066191  0.338183
 0.019570  0.154758
-0.013733  0.166133
 0.284409  0.719444
 0.082150  0.414674
-0.061690  0.410074
 0.362415  0.486282
 0.438494  0.397297
 0.050313  0.331578
 0.005919  0.362459
-0.112140  0.536176
-0.092087  0.316924
-0.284233  0.530505
-0.186544  0.573735
 0.027478  0.537957
 0.328029  0.723903
-0.037125  0.435819
 0.679487  0.780603
 0.189345  0.189921
 0.039232  0.204091
 0.173849  0.317756
 0.479423  0.416913
 0.129993  0.226955
-0.140901  0.935800
 0.195343  0.712421
-0.062893  0.474002
 0.162933  0.295699
 0.108099  0.454473
 0.048341  0.541981
-0.010878  0.277606
 0.149686  0.589668
 0.124930  0.515902
-0.157760  0.395079
-0.140393  0.620077
 0.020216  0.425275
 0.547507  0.536238
 0.634304  0.917691
 1.165693  4.093195
 1.675804 46.306295
 1.518060  1.479060
 1.751867  8.550481
 1.477505  1.795735
 1.600124  1.680658
 1.320451  1.442970
 0.885919  0.484161
 0.874110  0.631912
 1.655772  0.782191
 1.539585  0.527579
 1.924485  5.640900
 1.644210  1.324138
 1.254337  1.071719
 1.362505  3.251310
 1.141113  2.206337
 1.132438  1.116925
 0.365366  1.038655
-0.267529  0.631869
 0.115710  0.274804
 0.270347  0.433006
 0.116789  0.284298
 0.325487  0.825290
 0.278167  0.378226
 0.092424  0.226724
 0.073339  0.247231
 0.269008  0.248046
 0.256236  0.375570
-0.020989  0.298127
-0.058677  0.460864
 0.152264  0.515013
 0.039287  0.454974
 0.077372  0.260298
 0.230579  0.349974
 0.251054  0.354009
-0.043706  0.472943
 0.208617  0.822221
 0.171832  0.214717
 0.142151  0.351833
 0.366445  0.397661
 0.015825  0.319890
 0.261586  0.523930
 0.208129  1.071897
 0.034302  0.524193
-0.087001  0.601734
 0.199315  0.378387
