0.000000 0.067721
0.000000 0.089232
0.000000 0.052124
0.000000 0.050826
0.000000 0.041609
0.000000 0.047848
0.000000 0.062854
0.000000 0.047156
0.000000 0.040909
0.000000 0.043855
0.000000 0.035285
0.000000 0.037939
0.000000 0.062380
0.000000 0.040762
0.000000 0.065638
0.000000 0.052939
0.000000 0.201992
0.000000 0.034746
0.000000 0.030646
0.000000 0.067230
0.000000 0.644760
0.000000 0.080322
0.000000 0.083346
0.000000 0.063339
0.000000 0.112965
0.000000 0.060504
0.000000 0.080189
0.000000 0.103929
0.000000 0.059403
0.000000 0.037972
0.000000 0.030250
0.000000 0.032372
0.000000 0.049706
0.000000 0.398597
0.000000 0.105565
0.000000 0.075034
0.000000 0.202382
0.000000 0.049472
0.000000 0.086024
0.000000 0.072582
0.000000 0.099451
0.000000 0.074814
0.000000 0.040881
0.000000 0.043990
0.000000 0.037351
0.000000 0.101261
0.000000 0.041943
0.000000 0.088443
0.000000 0.052928
0.000000 0.076045
0.000000 0.148046
0.000000 0.151318
0.000000 0.052028
0.000000 0.082801
0.000000 0.070286
0.000000 0.032235
0.000000 0.033699
0.000000 0.034187
0.000000 0.057254
0.000000 0.041473
0.000000 0.052015
0.000000 0.085227
0.000000 0.067749
0.000000 0.045014
0.000000 0.022143
0.000000 0.037014
0.000000 0.127781
0.000000 0.194632
0.000000 0.072547
0.000000 0.121191
0.000000 0.049314
0.000000 0.032900
0.000000 0.032103
0.000000 0.092977
0.000000 0.097202
0.000000 0.111678
0.000000 0.046543
0.000000 0.164055
0.000000 0.058239
0.000000 0.048986
0.000000 0.060715
0.000000 0.071750
0.000000 0.059100
0.000000 0.067654
0.000000 0.091337
0.000000 0.055786
0.000000 0.037925
0.000000 0.066307
0.000000 0.019472
0.000000 0.026601
0.000000 0.022647
0.000000 0.034569
0.000000 0.040156
0.000000 0.043694
0.000000 0.055330
0.000000 0.027682
0.000000 0.041710
0.000000 0.058493
0.000000 0.031176
0.000000 0.026947
