0.811426 2.831147 1.803431 4.021463 2.508752 5.061619 2.099129 1.635188 1.901737 4.284957 5.026576 3.471796 0.746619 1.696140 4.807890 1.125412 1.267155 0.265284 3.573331 4.375906 1.848288 3.471131 3.449949 2.429335 2.029870 5.198235 1.256668 0.657970 5.055511 1.255464 
0.530031 5.143898 4.734754 0.577732 2.027428 4.864068 0.386394 1.617481 5.157241 3.515055 4.954311 4.976406 1.190482 1.165584 3.207600 1.111283 4.635288 3.438489 0.045386 3.863945 2.549427 1.106452 3.022310 4.692786 2.695476 4.561910 0.764852 1.514507 2.728702 2.169855 
4.226575 5.170333 5.089612 1.899921 3.445961 5.172376 1.245205 1.414168 2.849983 4.903566 4.547437 3.969683 1.900473 1.784758 1.658917 2.352441 4.732154 4.087478 2.328458 4.410639 4.558815 1.580786 3.907440 0.486425 3.836420 1.785542 4.276555 4.278593 4.600257 
0.117302 4.193036 3.515622 3.136784 2.901943 3.743396 3.185099 0.596849 2.501672 3.911348 3.447700 3.857209 3.068591 5.124449 0.977534 3.352319 2.175590 4.876025 4.473493 3.384878 3.011440 3.148645 0.252615 2.224134 0.303055 
4.487613 1.794799 4.456698 4.206949 3.353874 2.992345 3.094113 0.533868 4.219865 2.169470 3.765196 3.456388 2.453822 3.960051 5.014875 3.591434 0.166197 4.148030 3.665581 1.101040 3.539579 0.667108 0.180572 2.224826 0.417003 3.144345 2.823395 4.716328 2.577949 
4.126841 0.262346 4.621034 2.904881 2.720305 2.297005 0.986033 0.856718 1.612070 3.944679 1.428850 1.318311 3.723876 1.024049 4.219501 1.367245 1.618741 3.801151 3.655518 2.555804 0.084956 
4.818284 2.517634 2.299480 4.948290 1.548002 0.293076 1.993015 0.697938 2.274371 1.763328 2.593361 0.356875 1.480987 3.393964 3.296766 4.915420 0.087846 2.391250 1.831177 
5.008495 2.216236 1.817414 4.601021 1.122622 4.093616 3.943491 1.472324 2.139567 1.502310 2.233109 0.713896 0.761000 2.497472 0.433090 0.344698 2.909714 
2.568902 1.495100 1.964637 3.772223 2.096345 0.858559 2.740995 0.140931 3.769377 3.944471 2.061993 1.289327 0.840136 3.662715 2.845247 0.209051 0.784949 
0.068838 1.660111 2.960173 4.790198 5.161148 4.134849 1.778581 4.728867 2.502046 4.751740 2.087863 0.771209 4.259541 4.330036 2.545774 1.262751 3.222169 3.041793 1.889690 0.643684 
0.508086 4.900554 4.912186 3.774709 3.889635 4.490770 3.607725 4.444747 2.469043 4.537234 4.550806 2.086369 4.284224 2.488483 0.265123 1.545505 3.471039 3.989617 1.767129 3.431563 4.863362 
5.170642 2.855533 4.451711 4.660240 5.047603 3.643404 3.876572 3.824524 0.506832 1.633473 0.077959 0.224640 0.284479 0.138839 1.491341 1.445984 2.142021 0.891327 1.081925 0.709321 3.183544 
3.629302 2.752861 4.679589 2.590845 5.115957 4.248546 3.620899 2.309929 1.376953 0.021578 2.340219 4.753984 3.941517 2.598664 2.018255 1.976240 1.645603 
4.706331 1.347280 4.432307 1.080170 2.606163 4.266754 0.699335 0.800569 3.650093 4.564918 4.369334 3.903767 0.473692 2.751281 0.719238 4.919975 3.886029 3.180306 
1.649352 0.346124 2.135589 2.576220 1.994857 4.171876 1.407102 1.072732 4.385126 4.989524 0.200491 4.136636 0.934209 
0.713652 2.817295 1.576803 2.575852 1.953162 4.715138 4.081293 4.293933 4.131000 2.368798 4.849545 0.579636 0.762169 4.968252 4.449001 
0.595701 3.707375 2.442466 1.428171 1.358570 4.380280 4.195942 1.415014 4.871892 0.761452 2.315294 5.085499 0.934196 1.638114 1.691456 3.114583 0.421518 4.832339 
2.462992 4.008828 2.583522 2.651620 0.829748 3.791055 3.983881 1.573276 4.742729 0.662994 0.440077 0.751280 3.823232 2.349747 0.414843 1.283847 2.729719 
0.315851 4.736135 3.541918 2.200865 4.016212 3.446760 2.248606 0.146032 4.512903 1.106624 0.731944 4.690191 2.255519 1.613407 3.680483 2.036438 2.725876 
3.053237 3.650918 4.919089 3.195652 0.253367 3.462807 1.125975 4.568783 4.750788 3.988579 1.542015 1.385410 2.333972 3.209559 4.762876 1.636830 2.679359 1.421406 3.405933 
2.450077 3.928049 3.899082 4.342617 1.668147 3.381038 1.870632 4.344125 5.014439 2.275655 0.450830 1.447947 3.462950 2.031986 4.145628 0.837184 4.586789 
2.830968 5.100136 1.539930 3.278090 3.071116 3.334878 2.165766 2.185497 3.119343 2.042589 0.044202 1.654272 4.888027 1.844661 2.456209 2.606522 3.772915 
1.527452 1.104131 0.792726 2.106295 2.185916 3.205080 0.824427 0.512711 0.625610 1.174652 1.198972 1.737670 3.876287 
1.915800 2.269019 0.010634 1.990316 0.547084 4.891378 1.232367 1.278574 2.028704 0.654819 3.186465 3.449121 4.584582 3.805043 
5.013663 2.661280 0.313762 4.232325 1.554972 4.649548 4.276879 1.011942 1.069868 1.305435 4.717643 3.458339 4.003239 4.437589 4.031126 1.457806 3.469577 
4.424950 2.566051 0.594782 3.546745 1.665268 3.308997 3.841791 3.543916 2.141231 3.097910 3.853963 4.719348 3.844564 4.611681 0.900483 5.048318 3.597938 
4.686443 1.863844 4.792408 2.962292 3.518229 3.706417 3.011043 4.416425 2.040074 3.154844 4.167791 0.673951 0.492114 0.212217 0.064493 
0.415565 4.292612 0.451578 4.240555 1.106631 2.825320 4.899731 4.325903 0.788733 4.327269 3.522634 0.761501 1.630352 3.313349 
4.553457 0.611012 5.109521 2.609505 4.751783 4.757797 2.029317 2.394069 3.709008 5.087637 3.046867 3.355886 1.980129 4.238594 1.250587 3.161657 3.356354 1.152937 4.117111 
1.185038 4.253079 4.906002 3.278161 3.388865 4.417679 4.960724 2.524378 4.379441 2.765364 3.591761 1.897136 3.843065 2.151695 0.459692 4.061219 4.064707 4.575704 1.617546 4.144567 0.159089 2.104851 4.312393 1.822444 1.362600 4.131525 1.860000 
2.622809 1.214970 3.734459 0.177339 3.232334 3.490971 4.792563 4.753969 0.863799 1.826892 1.174407 0.917152 0.877664 3.573217 0.321075 3.560983 1.755331 3.560260 0.294797 1.641139 3.938046 4.588211 
2.694145 0.045074 0.530267 3.272338 0.002977 3.624534 2.456630 1.433985 4.299352 0.241539 5.194420 4.324432 1.324863 3.813490 2.938734 5.161519 
2.604023 3.801045 0.569954 4.160765 2.798638 3.933695 3.571809 0.327471 2.752289 0.964039 1.398623 0.812132 4.913394 4.491108 2.678742 4.111984 3.848249 0.904551 0.259916 1.150400 
3.391645 1.067409 3.174689 5.115403 2.946239 5.092595 0.651995 4.556636 2.700060 0.050820 0.618094 3.958449 3.642955 3.837344 2.607292 4.099363 0.593295 1.003753 4.692680 2.741039 3.460909 2.876457 
4.705190 2.398689 2.097944 3.011555 0.675569 1.914773 0.218334 4.848550 3.356300 0.297496 0.235968 2.969440 0.184172 2.405560 1.353454 4.738916 2.566053 0.635767 4.057288 
1.307981 3.320677 2.518251 0.258955 1.727953 4.826918 1.038840 1.730096 1.160317 1.986524 2.201511 1.421623 3.803204 1.682170 0.804796 3.929980 1.539054 4.244343 
4.384042 0.805248 1.735314 1.430738 1.681151 4.362983 2.959186 3.385669 1.123232 4.226787 0.717609 0.884573 1.083264 2.616332 1.256331 4.174058 
4.455910 0.245477 3.261551 2.356792 0.514472 1.125593 2.481847 2.881606 4.191175 2.896189 3.026763 2.068478 1.328857 2.023577 5.131587 4.372152 3.914126 1.686127 
1.953168 0.016749 2.706089 2.022657 2.694520 1.329393 1.371545 2.475080 3.351803 1.833486 5.067805 4.279436 0.825741 1.376308 0.121560 4.367434 2.341552 3.607646 4.253830 5.024182 1.570640 5.190634 2.582569 
0.452654 2.603293 4.437305 4.064827 1.895060 4.017440 4.983284 2.936564 0.469797 2.063400 1.411682 4.761728 0.132220 3.503295 0.007016 3.766657 1.883420 1.424393 4.262323 2.432149 0.157149 0.376708 2.243279 2.112557 0.798701 0.961411 0.683794 
2.622698 2.358948 4.421052 3.511556 1.983340 0.824900 0.029868 1.136317 0.026813 4.046933 4.658933 2.079135 0.098216 3.729528 3.666323 2.084061 0.028064 0.430201 
3.368060 0.233633 4.595748 2.698461 0.684843 2.635333 5.172888 0.655478 4.325399 4.757993 4.878374 0.240480 4.313188 4.344197 3.987607 4.388133 3.920738 1.511042 2.532013 1.034468 0.164035 1.001543 0.249983 4.012514 1.101922 
3.876161 1.325105 4.882586 2.685169 3.962428 2.748467 3.900451 4.642028 0.082545 4.874477 3.255219 2.714705 2.128929 0.295225 0.887026 3.550475 5.117537 3.167532 2.087411 2.326838 
5.194976 3.515683 4.136301 4.114390 1.666253 2.926666 3.094737 1.180758 3.487740 4.787758 0.630177 4.180835 5.055905 0.667426 0.534667 1.193320 4.755402 0.209226 
4.827802 2.000937 5.041225 2.946126 4.928567 3.303745 3.536004 2.903052 4.137550 2.293655 0.716193 3.181497 1.691013 0.776811 1.401066 3.287477 0.391956 4.851343 
4.375742 3.971476 4.365497 1.863558 3.713089 1.222743 3.043688 1.545606 3.605924 5.065014 2.881667 1.878300 0.972771 2.611559 3.650677 4.847870 0.572678 1.731744 1.265973 2.248287 1.707480 4.812480 1.605648 3.610571 
2.463902 1.734799 1.680601 0.078176 3.830637 3.670637 4.564480 0.084566 3.444606 1.407998 2.187153 0.422601 0.367925 2.509893 3.841413 3.022895 3.660389 2.403262 0.342295 4.268538 2.900027 3.969383 1.134651 3.709286 0.579410 0.965762 2.702310 2.542581 2.382549 0.538892 5.063300 
2.086668 0.249488 2.489701 2.106705 5.066067 4.829128 3.595761 2.290096 2.034017 1.256741 0.533135 5.059784 4.785489 3.499582 2.570798 3.285912 2.572069 0.188504 3.850975 4.496113 2.071903 2.651710 0.606462 3.579511 2.521865 1.080816 3.233927 
2.047411 1.714026 3.009497 3.768168 4.186131 5.066777 2.885398 3.458060 1.105317 2.111012 2.630916 4.559482 4.651008 3.280797 4.170621 2.049457 3.155516 1.492562 1.989950 3.492764 4.344206 2.376188 0.141679 
4.013898 2.039492 4.518874 3.561482 5.074102 3.301513 0.573707 3.409619 4.111093 0.023195 2.140051 4.394166 1.332851 1.838969 2.471116 3.892066 2.921109 2.316867 2.142785 2.378890 5.152139 0.665859 3.150860 3.318701 1.222019 3.880715 4.328721 
2.102394 3.822655 0.577320 1.943043 2.543328 4.381542 2.193882 3.541763 4.067164 0.570371 5.007887 4.544349 1.721962 0.074737 2.537330 2.463316 2.428835 0.776364 4.076148 4.949139 1.643757 1.354405 3.292354 1.502164 0.217964 2.371102 5.058755 4.349274 3.702553 4.853030 0.666757 0.670571 4.634307 1.951655 
0.477845 3.831043 3.836163 2.164144 0.226158 1.502979 3.056630 0.235338 4.959008 3.131775 3.978402 1.970290 5.117530 0.575623 4.241900 2.028566 
3.379311 4.761482 4.160240 3.921103 0.242040 1.927958 5.021634 1.689543 2.445443 3.350774 0.829456 1.823170 
3.020119 3.195239 5.055501 1.481086 4.312873 4.786202 3.092796 1.285245 
0.941894 3.850832 3.292548 0.733087 
1.563155 3.959757 3.501860 
2.624442 3.350691 3.083474 
1.269260 3.454864 2.310544 
1.136813 4.347811 2.813252 1.068212 
0.303417 4.139616 3.108061 
1.681274 4.847432 3.048559 3.110292 5.106538 2.491181 
1.418036 1.879979 1.256651 3.519003 2.756855 3.300242 
0.189461 0.533048 4.060930 
0.365477 2.864535 3.081977 4.712746 
0.291334 1.959482 2.883898 
1.433018 1.888551 2.455539 
0.847671 2.038249 3.396118 1.638825 
0.087916 2.545167 1.729850 1.950651 1.815508 
0.173720 1.465699 3.218816 
1.212565 1.304443 3.477944 2.591803 
0.786945 1.837731 2.661547 3.951397 2.406773 4.861881 
3.137236 2.789156 1.292063 1.745427 2.042437 5.155470 3.803457 2.957770 4.613920 5.114137 2.787173 4.439840 5.143841 2.243056 3.835676 0.491995 4.265949 
1.154255 1.557780 0.245383 2.104070 2.468472 5.153934 4.958270 1.872637 1.894950 3.760850 2.374834 2.905730 3.877105 2.900964 0.109987 2.708544 4.198921 3.963899 3.036248 4.923478 1.290097 4.183233 3.145719 
0.391479 0.966731 1.884390 0.120211 4.907970 2.728053 2.747076 3.150237 2.515135 0.088513 3.272606 2.821821 4.516570 0.118973 1.276780 1.354755 0.392973 4.700629 3.906596 1.721203 0.885617 4.424744 4.929480 0.760671 2.294879 3.173479 3.845190 3.626842 3.674342 4.198607 3.767521 1.559740 2.845749 1.775630 0.741324 4.603500 
1.123540 1.314160 1.847891 1.395476 1.113651 3.022783 0.107544 3.975063 4.634574 0.199557 3.035907 5.010651 4.140662 0.991167 0.719291 3.104996 3.720394 4.768173 4.857051 0.790635 0.908030 4.798391 4.126328 4.976805 2.973326 4.341145 3.905425 3.237434 5.181395 2.921193 4.043278 1.193599 4.000125 1.144007 1.244112 0.841719 
1.038158 0.770575 2.831562 0.617002 2.818322 2.710653 2.397866 0.099407 4.661263 0.847483 2.710402 4.511173 4.156510 0.813894 0.749643 2.836276 2.736429 0.338161 4.758405 1.552393 0.302255 3.058079 5.032986 2.633292 2.673884 3.918736 3.777259 0.884710 3.585629 1.905487 3.519434 2.118763 1.886443 1.971979 2.418889 
3.066778 1.754186 3.885472 1.080210 2.423014 3.113779 4.176719 1.987686 4.924049 0.153119 5.026381 2.848308 1.694138 0.440152 1.089048 2.383087 2.391216 0.273636 2.713353 0.038067 4.458831 4.340741 3.298977 3.305033 2.541520 4.329668 1.603028 1.121558 4.560288 
2.567782 0.839199 4.555870 1.330043 3.459015 2.579348 4.332513 4.863307 1.808095 2.535598 1.024254 1.765216 1.949752 1.123039 0.256646 0.179333 1.610148 1.269231 
4.573539 0.938886 2.989281 2.273791 0.707738 1.149629 3.951951 3.535254 0.451251 0.964550 1.711113 2.766396 5.016151 
2.870399 0.799552 4.013050 1.456052 4.975748 2.680207 4.450406 4.021280 0.835364 2.921351 1.519715 4.164987 3.257827 2.132688 4.653542 3.602534 4.804644 
3.421935 3.882242 1.758921 3.537231 3.078778 1.439177 2.531127 4.473418 1.450487 1.993496 1.132759 
2.499755 3.334215 0.928566 2.773047 0.400896 3.352893 4.627487 5.189098 1.375960 4.705533 4.423354 3.655574 2.874403 4.240228 4.415104 3.667941 2.074050 
1.046528 4.346768 3.937379 2.511354 3.902021 2.241614 2.985638 4.131427 0.000398 1.176974 5.087823 1.830444 0.930788 2.983373 3.996240 4.938521 1.554616 2.368810 2.141124 0.126460 2.348135 3.048723 2.841795 4.316034 
0.024246 3.675157 4.987726 3.511125 1.728953 4.164511 4.997978 3.960195 1.679402 3.096727 1.820945 1.619740 4.370965 4.091499 3.673210 4.869409 5.042622 2.913101 1.425695 4.770436 4.595230 3.483474 1.354502 1.909085 
0.020239 3.987372 3.054650 1.993595 4.943940 4.276916 5.101083 3.206077 2.200169 2.603216 1.181732 2.717346 3.125277 0.800362 3.948220 3.838604 1.435953 0.858546 2.988866 4.292589 3.291287 4.398668 3.135062 3.526663 4.888793 
4.650108 4.527199 0.526634 4.283095 3.248376 3.008362 4.475370 1.569365 2.147144 1.942993 2.233433 1.277924 0.362293 4.731923 2.491370 2.030840 0.958960 0.195091 
1.454750 4.565612 3.013075 4.367916 2.297265 3.848561 3.699559 1.557406 2.199734 1.295926 0.125302 2.414907 2.716298 3.664393 
2.663070 1.596057 3.805157 4.106192 4.770131 2.972193 4.607383 2.962760 5.081172 1.160724 
4.490626 3.810941 3.528205 2.384275 4.781246 2.643669 3.452050 1.412428 3.381343 
3.738996 4.949352 0.417471 1.582592 3.771989 2.536806 1.765020 5.175237 
2.110378 4.549465 0.235597 3.441764 4.205965 4.134690 4.356787 4.329685 
1.303691 2.748218 0.401127 4.187633 4.267893 3.542792 2.115936 1.209257 2.505876 4.230384 
0.488702 4.131746 0.016912 3.894119 4.576066 4.066498 4.641150 4.670860 1.753370 4.390985 5.173948 1.113104 4.099497 
4.679386 2.213639 0.545593 2.191729 4.889376 1.252477 4.809786 2.726933 4.111289 2.838261 1.966825 3.582878 
2.738456 0.316106 1.919074 0.006951 4.755242 4.597820 1.431477 4.195126 1.927238 2.701757 1.016231 4.069318 3.592486 3.476485 1.082726 2.773180 5.168257 2.900918 
2.465878 0.107833 1.005361 1.140548 0.242917 4.720342 2.471996 0.201014 2.047421 3.354781 0.654506 4.899996 2.252005 2.353912 0.755303 0.877746 4.510515 1.400023 0.510529 0.744582 4.444688 
3.632556 2.830092 5.055603 1.890044 4.908297 2.392162 3.813906 0.932359 3.576820 3.638593 4.836733 4.401574 1.941186 2.293272 1.596801 3.152270 3.279829 0.910983 0.643367 2.043341 3.453727 2.210952 0.595175 2.648305 1.502372 
4.388861 4.771245 4.756241 4.584125 4.881447 4.875601 2.392397 0.578183 4.624711 3.326920 5.130109 2.928098 2.283905 1.902124 2.095739 1.627879 0.125664 1.135009 5.170380 4.032620 2.322261 
4.101481 1.596249 4.518441 0.562672 3.949686 1.308220 2.614806 0.759174 4.431786 4.885186 4.589931 1.874863 1.386984 1.491712 1.555157 2.199920 1.176037 3.546034 5.068460 3.072965 2.790961 3.587527 1.651013 2.848522 2.706283 2.753513 4.030999 
2.029990 2.804797 4.107999 1.439334 3.529949 0.975615 0.372263 0.671057 4.899592 3.939802 4.429415 4.063953 3.776202 0.882712 2.374050 4.116040 0.630573 0.785582 5.141860 5.187205 4.948684 
