0.789887 0.350383 3.879982 4.403549 4.049141 1.695159 1.199274 2.190488 1.196295 1.080056 3.383473 2.071658 4.617020 2.217454 2.639596 
2.718337 3.255311 0.767133 3.463552 0.278573 4.775315 2.513696 1.940342 4.227905 4.956589 3.351744 4.418852 0.567251 2.059046 4.411585 3.277786 2.717825 1.143034 
4.930222 2.252263 4.410762 0.215951 4.674565 3.510616 4.280851 1.037250 1.188528 2.424156 2.000535 2.076093 4.660067 5.089480 1.099287 2.989113 3.751956 0.362997 
4.775720 3.001471 0.108142 0.562557 4.711137 3.928275 1.403683 0.520412 4.249655 0.981773 3.536504 5.159906 3.875424 1.230431 4.587342 4.286657 3.473716 4.756342 4.419075 1.848905 0.390725 
4.237567 1.130737 4.167381 0.844429 0.601703 4.878959 1.952945 1.495296 3.451172 4.219504 1.698309 2.640415 4.453395 0.061327 4.634693 4.771611 2.021616 4.017980 0.510300 0.812035 2.826578 4.693117 2.743414 1.191437 
3.728649 0.264068 1.011597 2.800596 0.856454 2.387460 3.489159 4.989811 1.334767 0.062565 1.217266 4.357935 0.793746 1.354407 3.734947 4.699210 4.988018 3.087639 2.128120 5.161208 
4.694909 1.830959 3.778054 3.441032 1.081673 3.096704 5.042345 5.075044 0.962185 1.913794 4.517329 3.290919 1.940569 2.793927 3.342657 2.275783 2.318021 1.464992 3.747563 
4.464821 4.073746 5.035064 4.050300 1.120652 1.187441 2.570979 0.539060 1.471087 2.845140 2.183131 1.232340 5.155090 0.192838 2.851994 2.573400 4.076720 
2.466299 4.238927 2.094944 3.226485 1.543184 1.093251 2.632182 2.230119 1.866440 3.755519 2.510338 1.159566 4.989698 1.560882 3.729606 3.207602 0.497093 4.934296 3.718666 1.842265 4.668442 2.158415 
1.822666 4.454622 3.111193 1.255944 0.060945 4.135024 4.606515 2.544740 1.232555 2.393171 4.409766 4.232425 5.043003 2.620109 3.549850 2.298659 3.527065 4.217798 3.909861 2.697174 2.647207 1.496210 0.446313 0.744404 3.017516 
0.240519 4.824292 3.059106 2.612234 3.947745 4.733671 3.434734 4.899507 0.697579 0.106023 2.983044 4.106657 4.991822 1.961648 3.012018 3.115005 3.344353 4.379040 0.290218 2.115395 3.103606 3.185281 4.082557 2.049092 1.903672 3.054513 
4.322478 0.689410 4.827655 4.663816 2.808742 0.835059 1.132124 3.544723 1.326320 4.975657 4.970079 3.053980 2.633328 3.691757 1.097287 2.639194 2.314452 2.950863 2.335248 3.106418 4.462930 1.615338 
1.673788 2.093301 3.818093 3.122094 3.075932 2.401303 0.019593 5.135545 3.242467 4.642308 4.804576 0.412698 2.624668 4.694075 2.909715 4.409162 0.988772 1.221866 4.668653 2.093387 
3.263983 1.875808 4.902399 3.309431 2.603741 4.645266 2.223873 0.894290 0.071532 5.033701 1.119744 0.088336 0.205992 4.049243 2.294063 4.498046 0.102688 1.840717 0.724226 0.075565 4.039186 1.681967 0.448637 3.938107 2.887474 2.260135 0.391501 2.801615 2.050106 
2.706617 2.634218 2.113161 1.431644 3.194433 2.553968 1.500107 4.895072 2.711172 3.273396 4.436845 2.847329 1.162179 1.346685 2.059528 1.157193 2.686397 4.538506 1.511434 2.959795 0.952660 0.612918 2.380852 
4.203428 0.577183 1.688617 2.207236 4.558481 4.177507 2.433656 4.056025 1.478918 4.468923 4.015416 0.135530 5.097746 2.876621 3.847840 1.724595 1.588188 2.936577 1.526393 1.197490 1.122341 1.151362 0.699353 
0.482764 0.158318 4.363815 2.902823 0.925343 0.364745 0.826504 4.800138 2.019578 
3.099625 2.086727 2.209851 2.999953 2.350336 4.867849 2.905560 3.060442 2.380156 1.632976 3.565809 0.926539 3.153646 2.491582 2.408653 2.417997 2.906797 3.344809 4.482517 1.378893 4.881693 4.113841 4.767344 3.814959 
2.083216 4.277430 4.230105 2.669496 2.112223 0.159571 3.873941 5.179731 1.093373 1.694733 3.494356 4.663797 1.602825 3.409761 5.156294 5.116960 3.999054 4.629145 0.394923 1.953640 2.807971 4.918075 4.351644 1.611027 1.955667 4.935025 0.276294 3.177289 4.513557 0.449568 1.032159 4.300322 
2.494109 2.389954 4.367346 0.857157 2.714873 0.230243 1.874898 4.025630 4.577102 0.232107 1.894175 4.810765 1.080347 2.692913 4.055330 3.986287 4.466956 2.098276 5.007344 3.715185 
0.314024 1.839883 2.595174 2.390158 0.243581 0.427127 2.093532 2.749105 
4.724983 4.513630 0.684096 0.254207 4.149616 4.218947 5.112391 5.062769 2.234278 2.673860 0.329884 
2.042596 4.788600 5.005796 3.791078 5.165231 1.735362 0.055163 1.113604 0.758688 0.098523 1.977132 4.312401 2.122585 1.734014 5.199238 0.283000 
0.968619 2.623019 0.908370 3.192212 3.362538 1.107318 2.645825 4.661577 3.280513 1.895278 0.170531 3.594597 2.614151 2.002433 4.401062 4.952894 1.438355 3.592758 
3.314653 0.398498 4.722230 4.413745 4.369759 2.604880 1.553891 1.947202 2.812024 4.083012 2.851257 2.125058 1.425917 3.663673 0.350263 0.582169 2.363595 2.003526 1.228663 0.604870 
2.638133 3.600411 4.287296 1.860008 4.746305 0.434116 3.040235 5.170904 2.789958 4.781046 4.674692 1.996339 1.001624 0.771679 0.558032 5.008212 
1.911242 2.048950 2.184788 1.657571 4.045588 2.465917 4.032727 4.686570 0.437594 2.565535 4.261985 0.839891 0.887639 
2.970609 2.462140 1.563892 3.260262 4.767298 2.169088 0.982164 2.349632 3.753867 
3.062638 3.179852 1.833643 0.921756 0.247219 1.920031 0.859810 3.913942 1.114781 2.472408 1.360871 2.389231 0.263371 
2.780455 2.346794 3.143886 4.656171 0.063049 1.820370 0.781593 2.358598 2.382625 2.774176 0.804339 0.821913 3.647622 5.186580 3.564964 3.990166 2.140680 
4.683105 2.822656 1.394430 1.947782 3.790486 4.831727 3.464160 0.000318 4.751160 1.115385 2.105864 2.282179 1.896492 0.986952 3.016946 3.445593 1.588490 4.610531 3.704453 1.090416 1.603743 0.125623 2.308193 
1.747789 4.779383 3.400532 2.173658 1.067726 3.459900 3.341750 5.129814 1.896607 2.986238 0.701370 0.665195 0.281681 5.034538 3.624299 2.079992 0.304672 0.130362 
4.576909 2.809417 4.135220 4.873110 0.083683 3.589690 2.237473 0.563331 5.066198 3.910957 3.220600 2.169758 0.141162 0.564542 1.424028 
4.212756 2.647785 1.089375 3.755153 
1.177364 4.081974 1.201815 1.844163 1.834784 2.923376 2.945303 4.985242 2.505083 
0.373974 1.144804 0.515694 4.739715 4.627368 0.573801 2.957880 1.589586 5.044769 4.190387 2.980512 4.868340 4.612633 4.577270 1.881089 3.273722 0.298996 
1.454206 2.278385 3.594965 1.870031 2.324587 3.334882 2.892796 2.607250 2.373056 0.682974 1.112248 4.931575 
0.549437 1.633296 3.556708 2.030614 4.621516 0.014711 2.274260 0.931581 4.113935 0.859042 0.436496 1.585792 2.312922 1.564433 1.076194 1.836592 4.537980 0.306992 
0.296882 3.129547 1.698288 2.158430 4.933081 0.309099 2.549146 0.508063 4.024663 1.308540 2.965087 4.409528 
1.744034 2.862654 1.938312 2.841985 0.291050 2.490305 3.378455 0.152230 0.456711 4.353952 4.918344 2.471587 0.375409 
2.011939 4.085953 4.048096 1.277311 3.793286 0.027825 1.993227 3.295936 3.845339 
2.105618 2.560487 3.449042 1.842267 1.162955 3.848402 1.520521 1.203007 2.683218 4.435971 1.469744 1.770171 3.763716 0.639701 3.387746 
4.802594 1.991258 4.291838 4.217334 0.971990 0.706654 4.746717 0.593480 5.113268 4.403966 1.481791 4.900716 4.118117 2.328307 3.771398 0.848074 1.596182 4.135040 1.338019 1.347714 1.269257 0.014967 4.141208 3.065134 4.564815 0.734631 0.716145 4.827943 1.477789 
1.337360 2.865325 5.024647 2.874217 3.233023 2.512910 1.648711 4.499949 0.882007 3.166748 2.851013 2.585930 0.750574 2.429918 1.414017 0.432619 0.623054 0.869488 4.664498 2.609495 4.974349 4.379912 4.581025 4.301293 2.149673 3.142552 
0.031017 2.393211 0.173687 1.029154 3.570523 4.582589 4.912756 0.793662 5.086226 1.343063 3.627427 2.052301 3.031520 1.144583 4.442279 2.231488 4.478852 4.412189 3.320458 4.082016 0.709147 0.491684 
0.126404 3.730183 4.386292 4.693989 3.947809 1.195492 2.802757 4.246471 3.996325 2.304675 3.799497 3.375432 4.365139 2.365002 0.179465 2.508244 0.814077 
3.965737 0.175266 0.591913 2.937068 1.356528 0.496516 5.094707 0.159398 3.839653 4.758225 4.806302 3.054021 1.199450 3.179613 1.395317 2.686045 1.235810 2.651731 4.946134 3.238739 4.936222 0.602777 
2.762551 5.087883 3.445829 2.576505 3.050866 0.318605 2.706646 1.305707 1.921259 4.868341 1.270212 4.584065 2.018643 1.641754 0.015980 4.978445 4.932632 
1.355483 3.809754 0.006717 1.586546 4.381056 2.172126 0.501258 2.312661 2.082766 0.222635 2.534221 3.330272 3.119975 4.109408 0.430676 1.231629 0.711675 2.483520 0.151599 
1.893194 2.055587 0.526060 2.462570 1.539226 4.941808 4.538052 1.318343 5.139844 2.213623 1.415267 
4.141836 1.491496 4.785306 1.264073 
4.006828 2.098025 3.530221 3.652252 
4.568670 3.406260 3.880835 3.389788 3.686524 3.768412 1.503329 3.539793 3.077460 4.659987 3.844354 4.790693 0.763278 1.211551 
0.241200 4.419811 0.384690 1.835230 4.829444 2.490337 0.145314 2.094865 2.786471 1.568107 1.609406 2.708499 3.894135 4.554996 1.612096 1.709931 1.462296 1.521759 
4.972311 1.132725 1.443590 1.905331 1.818838 0.932330 2.767063 3.000905 3.492877 0.960385 0.134656 4.168180 2.352921 3.615661 1.228981 2.240385 4.227245 1.524063 0.257904 
1.508107 0.281098 4.323793 0.397476 3.757642 4.181270 0.529374 3.766308 4.286972 0.724373 4.499454 1.565663 3.661421 2.119791 1.286098 5.087154 2.985811 0.205661 4.272947 0.672333 2.261922 2.286779 5.133481 3.048926 5.083075 4.683555 1.529427 0.527319 
2.636372 2.101722 0.952031 0.673000 2.908400 2.966336 3.801171 3.360809 1.598897 1.045551 3.623599 2.329873 5.170363 1.568633 5.090982 4.302537 3.157063 1.134815 5.058205 3.301784 2.065380 4.625331 0.023915 2.682634 0.737293 4.819396 1.777230 2.521063 3.202305 5.040568 1.269676 3.460046 
4.681984 5.029474 4.327780 4.028881 1.769988 1.832862 3.108702 4.413627 4.819521 0.867661 1.144583 2.405494 0.839689 0.658867 4.373606 0.206785 2.432232 3.199993 0.674164 0.632504 0.314935 5.093834 2.458066 2.967610 0.003403 2.665613 
1.880585 2.139328 1.499774 3.869877 1.511080 1.450273 1.684270 5.005294 4.440218 1.608069 2.071228 2.279115 0.599681 2.337783 1.237758 2.873025 2.359756 2.872777 4.101273 1.902047 3.079922 3.562855 0.886058 
4.141203 4.421669 4.771464 1.839501 0.525757 0.729970 4.581361 3.736891 4.540459 1.211104 4.662698 4.522535 0.029606 0.100852 0.027251 4.014033 4.423714 2.497938 
4.974411 2.132774 3.910771 4.777765 4.729326 0.358785 3.468083 5.077405 1.079860 3.987372 2.438959 
4.736641 5.138401 3.940539 1.351030 1.401950 2.607635 4.211404 1.747565 3.176322 3.862992 0.185670 3.839992 3.183244 3.921620 4.894602 
1.767851 2.930364 3.026852 1.063327 2.909795 3.527325 4.220920 5.073876 0.080142 2.051032 2.775124 0.319230 3.559924 1.803636 0.318807 5.182391 3.071068 1.257016 1.495493 3.932364 1.561404 0.060841 
0.180712 3.355417 1.252747 4.062773 2.297571 5.098980 1.825068 0.906162 2.532647 4.594233 4.231254 3.590468 2.525776 4.243726 0.130916 0.662692 4.280563 4.942114 3.770899 1.549897 2.204208 2.276467 1.031401 2.966076 2.448568 0.257106 3.152383 1.265869 1.373819 
0.369122 2.350029 2.606293 4.032969 1.760919 3.215078 3.834129 3.036562 3.478163 4.604658 3.539073 4.625766 2.900118 2.044940 1.303856 3.772374 4.329589 3.290824 1.221768 0.004245 1.877701 2.198143 4.146214 4.336849 3.848480 0.849822 4.817060 3.449599 3.007708 1.346602 2.795634 4.819705 3.485295 3.217655 
4.382452 4.902248 3.600567 4.554061 3.310476 2.111969 0.142687 0.540012 0.909620 1.388593 0.491553 0.330651 0.189960 3.657255 0.705994 4.119966 0.451221 3.362971 2.928176 4.143363 2.794077 2.463420 4.419205 1.508316 2.081001 4.147300 3.639299 3.010315 5.089030 
0.615106 1.180662 2.916258 2.881210 4.577358 3.231691 3.714356 0.387526 1.087798 1.824615 2.408438 4.216086 1.183283 1.715207 1.460770 3.630600 
4.803710 0.904514 2.387937 0.300183 2.049792 0.623220 2.195276 4.321128 4.931845 4.407998 3.383538 0.620820 1.557598 
5.072220 1.939401 0.631774 0.974441 4.658439 0.674184 0.618795 2.530666 4.110218 2.914448 4.499372 1.860834 2.600648 1.600550 
4.266871 4.168716 1.873790 0.164552 2.578025 4.179008 1.080498 2.126046 2.680332 4.508791 5.000302 3.033220 0.482222 4.259554 4.081916 4.505216 0.369927 3.374203 3.082035 2.085990 
1.057001 1.913811 3.838716 3.490421 4.706190 2.568013 1.179528 4.979182 2.996833 2.037426 1.906244 4.400162 4.245628 0.887540 2.365383 3.511365 0.932454 0.989529 0.342875 3.917592 0.036952 2.090250 3.652433 1.075266 
0.957875 1.893221 2.401114 1.863549 1.707897 4.345230 2.213943 5.015972 3.022207 3.359724 2.161978 1.965458 1.223727 3.698765 0.815083 3.493265 3.741142 4.793219 0.387153 0.788448 1.167655 2.184628 3.712373 0.185855 2.788778 1.672930 
0.132926 1.731993 1.161223 3.442535 0.571739 3.448663 1.856863 2.802796 3.419257 0.855938 3.940157 0.443324 1.354158 2.041311 2.215383 4.321028 3.476175 0.404533 4.732303 1.013549 4.921855 4.213401 3.717504 2.053508 3.667248 1.020409 
4.419332 2.381906 2.308259 4.980226 4.039491 3.748574 3.739327 2.013663 1.690931 3.951769 1.995569 1.264151 5.102905 3.692074 4.264724 0.534707 3.796607 
1.486894 2.723822 2.869386 2.838742 0.246037 2.931173 4.990405 3.807141 3.016105 0.399814 4.634767 4.574433 4.656394 4.752816 
3.425843 2.887949 1.078068 3.615766 3.145240 2.706442 3.038482 2.404544 4.221876 
5.185179 5.145960 4.400748 3.643009 5.076908 2.169039 5.168934 0.244181 4.300477 4.648137 3.731915 1.825153 3.772211 4.525047 2.294574 3.080166 3.053607 2.125152 2.723499 2.152707 
1.908963 4.656927 4.047439 0.172401 5.020916 1.046774 4.926331 2.315091 4.146477 0.955552 
1.254662 0.501781 5.003731 4.267929 3.608427 3.424866 1.001966 0.428982 1.547829 1.527014 3.556455 2.847139 4.607574 4.859527 2.334562 5.150300 3.239965 
3.413909 1.429183 1.561613 4.048567 4.216134 5.010725 0.846647 2.739727 3.630962 2.404504 3.200087 0.128870 2.878400 2.887562 2.532207 3.244113 0.493055 4.039953 1.464375 3.728061 2.754612 3.654949 4.539116 3.636495 1.467209 3.062451 0.032347 1.700558 0.301100 3.278206 4.661706 0.629111 
4.460301 0.062126 2.091410 3.079398 4.877715 2.173593 0.822402 3.345822 1.407906 2.979855 3.764818 1.692847 1.444994 3.167502 1.001842 0.144382 1.166116 4.372905 0.105657 0.884915 1.822408 1.379968 0.432707 5.089523 0.583721 
2.780060 4.077066 2.556551 2.410811 2.634429 0.548666 0.629741 4.418527 4.452280 4.156604 3.192390 2.734870 2.022997 5.113086 4.851208 1.835533 1.830030 2.145273 1.904831 2.562427 3.087259 1.437271 0.810710 2.739107 2.979223 4.978352 2.243779 
2.164267 0.109505 1.630919 0.924350 0.875085 5.079937 1.649529 4.719064 4.652546 0.803365 4.684210 4.589946 1.502458 3.402862 2.694658 0.597088 4.676971 3.967560 1.375293 5.004970 4.377109 5.109799 3.995561 1.269537 
2.056340 5.043871 2.268667 1.690078 2.171085 0.575793 1.245305 4.230189 3.023058 0.979451 4.278674 3.485563 2.418906 1.620593 2.086050 0.386724 
0.152398 5.157383 0.710881 0.607599 2.452672 2.462243 1.621517 5.051963 2.187557 2.253420 5.025016 4.257285 0.548280 3.650724 1.686506 1.854906 
4.099120 2.133784 0.960244 4.827669 3.089092 2.252713 2.553462 1.966979 3.348152 0.575330 2.666147 0.438129 3.213536 4.017246 1.422311 3.472006 4.354060 0.546972 1.209162 0.829967 1.694466 0.016167 
0.430138 2.807691 3.601695 2.326440 4.840397 4.536457 4.125685 2.762221 1.199210 3.610951 2.404579 3.060197 4.885651 3.588266 4.838465 0.216902 0.920688 0.231563 1.700122 
2.026949 3.381005 5.115870 2.414036 3.317404 1.652126 4.494486 3.462596 1.119287 3.306045 5.047212 2.208789 2.372494 4.050051 4.385179 1.907969 2.189221 4.058466 4.839992 2.690591 3.469029 0.895716 1.736036 3.498862 4.249756 2.059437 1.533239 
3.146364 0.740221 3.691637 0.138465 3.960748 2.590764 3.251478 0.654633 4.350136 5.126577 4.564937 4.295642 2.460165 1.702142 2.242027 2.974633 3.633997 1.622416 3.192089 2.574572 2.390969 4.471883 3.179782 0.347745 0.074860 0.299208 0.448309 4.463194 4.189835 0.772886 3.571856 2.295776 4.703451 1.554086 4.385709 1.499734 3.687451 0.905144 3.141850 2.599303 3.740616 2.159865 3.989582 
3.738252 4.406494 2.423013 4.069372 2.094101 5.122211 0.646644 3.603110 1.204603 4.848200 0.498310 3.179374 4.018064 2.184293 0.981406 1.807045 3.090325 0.531090 4.363297 1.808794 3.711836 1.731893 4.014987 2.886533 1.700982 2.834140 4.947293 0.097493 2.296439 3.224394 5.057824 
3.423013 4.910351 2.477588 0.299778 2.235588 3.399974 3.696246 2.973266 2.840272 1.701095 0.113079 3.316082 3.038420 2.609987 2.774373 3.928427 2.552457 1.650129 1.460271 1.651488 4.513924 0.045718 1.005804 1.108963 2.810280 2.454826 1.490261 4.392932 3.805545 2.300635 1.068083 0.368400 1.215077 3.241365 4.519343 0.474198 1.187227 2.120179 2.496595 4.357971 2.073213 2.289699 2.735198 
1.035455 3.288865 1.811498 0.424095 0.238578 0.311943 3.411813 3.138283 3.984181 3.092043 2.092364 0.620790 3.922511 4.347340 3.119264 1.726299 1.411690 0.474129 3.545623 1.540817 1.670687 1.351968 4.654186 0.369816 1.870758 3.700653 4.422470 4.325696 3.834034 
4.628798 1.484405 3.510754 1.036613 3.579903 0.485217 1.919431 4.987901 0.931346 1.988477 0.350579 4.345731 1.332699 0.388533 3.717184 1.423815 2.312694 0.152284 3.452185 0.954786 5.032517 3.573385 2.786937 3.914186 0.853603 3.180939 1.799696 1.451167 1.949582 4.103136 
2.779542 2.966854 1.935832 1.628948 1.679713 2.802869 0.366236 5.034243 3.073817 0.606060 3.953531 1.769563 3.445518 3.107651 4.318784 4.817511 2.060971 
2.365670 4.629420 1.701097 0.966830 1.547533 4.282988 5.031769 4.522058 4.413290 1.888006 3.227415 3.364094 1.926868 3.933308 0.601169 1.490836 4.257513 1.024700 2.477266 0.538945 1.228671 0.339395 
2.263107 3.933917 1.488415 4.341154 2.716047 1.334460 2.594121 3.219242 1.339926 3.818915 3.093097 2.534509 4.907133 1.866261 2.663506 1.455036 1.635995 3.802572 0.124346 1.030300 0.453059 4.487875 1.448951 0.409034 3.665786 0.313483 0.304531 2.439872 3.140284 2.040002 0.879939 3.646770 2.652924 4.518145 
1.686213 3.836652 2.181467 4.077741 4.429649 4.621520 0.099581 0.933854 4.575040 4.195138 2.608772 2.815852 1.609347 1.427846 0.072562 2.641744 1.084365 2.965887 2.540438 0.154354 1.651204 4.895687 2.471140 0.349021 1.201843 0.759253 0.932417 3.642225 1.791697 1.139295 1.647489 1.008680 4.204224 4.843188 0.779609 0.502049 2.137835 1.677070 0.610582 4.194345 
4.915682 2.896451 3.979354 0.805905 3.746124 1.893790 0.882466 4.444038 1.394041 3.026337 4.881018 1.551084 0.307591 4.537376 4.971238 0.175885 0.192804 0.590807 0.509653 3.630749 3.597681 3.394592 1.283991 3.431702 0.692016 0.681364 0.532271 1.818899 2.432425 1.586125 3.328182 5.140968 
0.635569 3.518875 1.388926 1.427637 0.190015 0.986769 4.694533 0.826963 4.458351 2.897054 4.093402 1.675004 0.622218 3.753191 0.804937 3.061314 0.086246 0.659384 2.954997 1.776673 3.003206 2.093525 3.900843 2.749937 1.418385 1.205532 4.035439 4.385801 4.691475 3.857613 1.293571 2.196362 1.978041 4.120915 4.663023 5.032703 
4.562503 2.294745 4.276876 3.177474 4.507703 2.294721 2.315689 1.894746 0.233271 2.762951 4.996143 3.492373 4.392134 3.379597 0.301161 4.105615 0.180536 1.084454 2.012672 0.638314 3.754796 3.613887 1.576306 4.959605 4.327464 2.992597 0.486743 1.526502 0.029298 0.790119 3.260518 0.458849 2.457410 0.930749 2.159854 4.596196 3.667567 2.111842 3.827429 2.864964 3.528067 
