1.672643 3.908942 0.619097 3.752281 0.384236 1.174543 13.535183 0.293111 7.759208 0.582352 7.225486 0.970355 8.122162 1.081149 1.068632 0.557754 1.930478 1.012165 2.533007 4.052011 1.642091 0.144897 1.523505 0.477758 3.096850 1.028877 3.123228 5.742324 0.456422 1.970135 
1.303209 10.391179 1.898138 1.134181 1.477924 0.087905 0.646954 0.403029 2.073445 1.589489 0.662692 1.173169 0.174162 6.042843 0.538505 1.021554 2.057962 0.532282 4.101965 1.588807 0.859692 0.109658 4.925146 0.994774 60.107221 0.446572 0.888779 0.478658 3.238501 1.086801 
4.329382 9.944723 0.524165 2.753116 1.642439 0.634316 0.459955 2.547299 0.402010 1.129869 2.128775 2.655335 0.874280 2.103140 0.507758 0.367107 0.511085 2.244310 7.089818 0.390713 0.532649 0.511634 0.623765 4.649814 0.333085 1.133505 1.315773 8.351822 6.017399 
1.182113 5.281506 0.226711 20.081678 0.186038 0.157464 2.694169 0.533467 0.234051 0.895354 3.153445 26.766953 1.330284 4.743961 0.932492 0.603138 1.355799 0.281678 0.627209 1.948942 5.565589 40.504141 2.189702 0.213550 3.175330 
0.176050 1.005480 1.368457 1.827105 2.110550 0.201849 1.998107 0.057862 1.243031 0.899855 1.570981 377.417940 26.765595 0.599130 1.379670 4.498363 0.853385 4.844587 0.660491 3.272658 0.174958 0.661187 10.118598 0.147124 3.610762 0.486749 0.834792 0.047311 14.673869 
0.697727 34.224075 19.025678 1.233183 4.633643 0.160521 20.195881 13.290568 1.285645 26.684260 0.667738 4.687413 0.024657 0.267516 0.260245 2.578235 1.213628 0.770377 2.703428 0.720384 0.236189 
0.179524 0.830124 0.151414 0.283820 0.271003 0.786901 6.466798 1.193804 4.974118 1.572625 3.725285 1.967231 5.034981 2.725962 16.161460 4.168067 0.242498 2.348640 0.978089 
0.508221 0.123152 2.969992 6.046803 1.746348 0.242200 2.647837 0.066040 0.830395 0.874343 5.913308 0.467818 5.311142 0.104613 1.023909 2.504600 9.028336 
1.591413 1.372414 7.218896 1.513271 3.187646 0.502517 0.179692 3.152666 1.272057 7.780758 0.822585 0.711752 2.589073 1.025131 1.024752 0.568613 1.435433 
0.723258 1.227167 1.753551 0.080161 0.134268 7.449165 0.182774 0.318851 7.594102 12.123617 5.356375 12.807120 0.621687 0.548293 26.307590 3.787465 0.058483 14.241793 0.123400 0.707393 
0.779781 2.047865 3.941039 1.703177 2.351673 0.920864 4.274761 0.510746 5.674808 16.675350 0.495786 0.596690 0.408220 0.326126 4.344766 0.936800 2.189510 0.331095 4.111470 0.387155 2.000870 
0.460617 8.864571 7.381712 1.805729 1.383439 50.310803 0.051897 0.521193 0.163727 6.138571 8.340353 4.699348 1.674754 2.778240 2.189671 0.068364 0.876865 0.119147 0.111479 2.965090 0.063773 
2.648727 5.065827 4.090821 106.008519 1.494017 1.113846 4.097550 15.468830 0.321909 0.919293 0.141115 0.098343 1.312740 0.190401 3.393228 1.037266 2.664897 
11.822068 0.949305 10.561863 7.788223 3.833663 0.654565 2.925740 0.272201 1.596736 1.976081 0.725300 10.773199 2.705026 0.866832 1.409940 3.168075 1.033432 0.324887 
1.050323 6.336315 4.489103 0.616988 0.350849 14.666617 1.394178 1.487775 3.751712 0.650641 11.803122 0.964980 1.666834 
4.626181 0.821560 3.241817 7.103862 0.727728 0.828644 1.829434 0.304181 2.132452 1.157324 0.140587 2.149142 2.845737 3.597817 1.034823 
0.808069 2.831114 1.109008 6.467606 0.431014 2.152686 1.451830 0.061691 3.820103 0.624954 19.632369 0.787993 24.309192 2.349346 13.234600 31.578366 0.322806 1.847010 
0.157877 2.268941 0.533065 3.508456 3.874913 0.361638 2.106022 3.686535 0.977816 0.383163 0.828604 4.211672 0.488504 0.736370 0.749819 0.639462 0.187728 
0.870245 0.987143 0.791832 4.216290 2.320139 1.238487 1.077900 0.900964 8.966122 2.710609 3.104393 2.818613 0.294379 0.340431 1.455555 0.200778 2.639776 
0.280887 0.250828 1.302505 10.954404 0.639366 0.582233 1.616160 2.192836 10.927898 0.875493 3.736868 0.187094 0.465750 1.210855 2.754015 2.026154 2.614544 0.751982 1.301565 
9.445524 4.042386 0.072950 0.099767 1.313716 1.085718 5.308293 0.556889 5.604903 2.750956 231.504913 0.028621 0.991782 0.120308 0.515392 0.806660 2.138468 
0.395366 2.272014 0.267485 3.269699 1.146280 0.263944 0.921870 0.662001 0.600521 3.211558 6.256581 0.353322 0.300346 6.406786 2.347155 4.503333 2.072215 
3.903963 0.397066 15.841728 6.059258 1.762393 0.498046 2.162703 7.024745 1.987554 0.785313 3.355204 1.697777 4.765569 
9.920214 4.495262 6.240913 5.307140 1.043444 0.897370 2.020505 2.366890 0.108507 3.664540 2.012668 0.435444 1.298656 1.935135 
85.940554 0.292107 9.026296 1.918917 1.385521 2.589607 1.535156 0.721794 0.554831 15.262382 1.767604 0.386058 2.938220 1.623762 8.283718 4.373301 1.411914 
10.564219 0.596494 0.523730 0.190776 0.423425 3.202255 0.368483 1.991697 0.127232 4.526030 6.788020 0.283672 3.629484 4.130272 5.469037 3.652389 2.162447 
5.944809 0.165289 0.134002 0.140599 3.346191 6.927810 2.482340 1.138205 2.704131 1.805658 0.294673 0.223091 4.223221 2.135269 2.574616 
0.566846 0.029544 4.485020 2.294567 0.647158 3.603761 0.130511 4.323532 2.046424 3.507006 0.332731 1.088432 0.361082 13.158816 
1.428987 0.947560 0.227441 2.441518 0.678398 1.163714 0.635879 1.567860 1.796499 11.170285 0.998097 1.157866 0.101594 1.009214 0.468220 4.921165 0.021274 0.619957 1.387574 
0.566026 7.672604 0.199977 0.756024 0.022134 0.121352 1.313654 1.108176 0.507397 0.659932 4.612948 3.542760 5.051626 4.102536 0.454573 3.860840 0.280073 0.075188 2.872342 0.492355 0.940197 0.029461 2.247381 0.348861 0.222492 2.688429 0.509545 
0.205452 0.287027 7.731776 5.039004 1.615327 6.792198 3.468869 2.103061 0.284674 3.372737 2.939051 0.164372 1.839333 0.627493 1.191117 2.495084 0.607623 0.041258 1.646727 0.227614 2.813513 1.061969 
10.869032 3.567550 0.504072 0.607116 1.847211 0.732631 0.103242 0.362116 0.963927 3.957904 0.431140 0.134650 2.104928 2.501514 30.224366 2.420961 
0.552494 1.954750 0.997336 0.555929 0.074265 2.981462 11.526076 3.397430 1.399940 3.476175 0.302741 0.390160 0.881334 5.336729 530.381991 0.288493 0.454437 5.323985 0.303504 0.141805 
2.641068 2.831464 0.340681 0.547273 0.225911 2.913064 1.555299 0.324449 10.780257 2.575495 0.196465 3.770050 1.141011 3.210271 1.971363 0.374420 2.017639 0.834310 0.184991 4.591103 0.183516 0.265906 
0.901827 0.532703 0.248090 1.434375 2.310194 0.898530 40.603376 20.022081 0.507274 1.163038 0.104594 16.041441 25.136173 14.436445 0.634513 8.284225 2.126305 8.133663 0.557845 
6.100034 0.305356 1.502254 5.754688 1.355818 1.307562 0.272684 0.523410 0.998384 0.813124 1.302507 3.063614 2.622198 1.064324 9.904552 1.865580 0.544325 0.607174 
2.889773 2.241649 2.229158 6.454632 2.293491 0.533530 0.103853 1.407167 4.135363 0.884215 0.873260 0.372539 0.301485 0.701509 0.637830 0.142169 
1.560142 3.361964 2.816571 26.771565 3.823859 0.203010 1.689677 0.411380 0.975615 1.108220 4.067707 1.700060 1.251901 1.261805 6.934141 4.999672 0.804123 0.390018 
4.100722 3.529971 3.996955 1.266725 1.973017 0.187611 0.214035 0.226020 4.047281 7.314643 2.831440 0.851819 0.734865 0.364439 9.292066 5.912683 2.866030 0.454086 0.700879 0.175697 5.633771 6.340372 1.171990 
0.840120 1.035169 0.819390 0.766111 4.044274 10.789290 2.843732 0.465301 1.302476 1.115934 0.322176 2.399217 3.557769 4.003202 0.791413 2.485504 11.719633 0.656063 0.351137 4.784297 1.852760 3.460077 1.222496 0.375954 12.841984 1.184309 2.066159 
0.395545 2.454048 38.864127 2.609323 0.151429 0.320583 0.402693 4.021978 24.200710 4.990476 0.226578 3.281424 5.333178 5.984052 0.066372 0.174985 4.295484 0.563673 
11.460263 0.435559 0.518057 6.338733 2.098886 1.801562 14.148343 11.009923 0.231014 92.318827 0.537866 1.593364 18.272128 47.267697 0.624093 10.235504 0.575869 0.820152 0.153859 0.439054 3.251270 0.228680 1.285307 0.536725 0.380291 
22.595040 0.985300 0.748045 8.508545 0.299689 0.332026 0.417793 0.837835 47.623960 0.243238 0.290960 0.855536 4.674318 0.160057 1.984357 0.407391 8.164466 0.409155 0.124199 1.584178 
1.122599 6.886195 2.021267 3.866164 2.254013 0.561426 2.422220 1.112339 4.734632 0.510839 1.708275 0.189825 0.812345 0.578248 5.261568 0.248178 5.042041 1.323512 
3.779442 3.219358 0.263251 9.657938 0.318463 0.584798 0.828320 0.724249 2.158985 1.270915 2.131135 2.554285 2.172115 1.371220 0.727662 0.252959 0.762718 2.701504 
0.915756 0.310635 0.675097 5.345652 6.138678 1.476387 5.537149 1.958580 5.217209 0.201101 0.968501 2.266231 0.414314 0.821502 0.298158 0.886252 2.476836 0.582840 4.234224 1.662860 0.195312 0.105795 5.455041 0.853198 
30.914342 0.957516 0.134892 0.196853 1.885584 0.432449 0.659165 11.840050 0.226955 2.774571 0.361356 2.022198 6.755593 1.582689 1.223135 2.063229 1.723929 0.727308 1.136804 0.821946 0.035387 2.406032 1.325721 4.580626 1.488162 0.859548 1.578330 0.464432 1.871838 1.285793 0.187430 
0.446049 13.136933 0.120374 1.725625 6.129979 0.400512 3.507763 13.550418 0.203615 7.964119 0.283578 0.652534 3.147557 9.940904 11.972429 1.237495 11.525766 1.798255 6.572671 0.467956 0.260877 52.999113 2.309544 0.228808 2.538551 1.709572 4.642241 
1.200179 5.751001 0.318250 22.817627 1.006725 8.160717 2.903789 4.785366 0.616251 2.593881 7.758613 4.104373 4.272560 0.238537 0.288725 0.514001 3.199020 0.592496 8.757901 2.244794 0.162332 0.453959 1.200792 
0.355345 1.585869 0.697880 0.372906 1.548889 2.404586 2.666802 0.428025 0.751589 0.189565 0.688969 3.329943 1.271528 4.444285 0.080831 2.833700 0.902866 5.310030 0.510331 7.188328 0.200955 2.448954 1.234334 0.024627 0.287200 0.293671 7.740184 
0.809535 3.596415 0.153616 0.176092 0.235412 1.692882 14.829937 37.750789 0.079003 25.606431 2.834855 0.126449 2.674562 26.676684 2.221159 0.017246 0.391756 0.208261 0.624797 11.354970 2.916651 5.696311 5.054815 0.165723 3.976503 8.776312 0.899669 1.696955 0.856682 4.823744 0.207963 3.218938 0.122041 0.717808 
1.007425 5.947516 0.897170 2.611195 0.779391 2.769149 3.716231 2.747716 1.258761 0.940507 0.237971 0.646441 2.428724 20.673997 2.040351 0.299069 
0.931400 4.907727 0.110663 6.163611 10.614888 6.848102 5.605043 1.669919 5.374696 0.078312 1.276933 0.203105 
4.014950 0.520259 4.157515 0.216765 0.655784 0.430694 3.728184 2.480753 
1.975219 3.568111 0.222354 4.138982 
2.513200 3.013829 0.310444 
2.625441 2.630062 0.347862 
2.029732 3.899153 0.328787 
1.359923 3.890649 0.387907 48.077767 
3.897537 3.497981 0.431891 
3.568645 4.159663 0.472576 1.000563 2.688963 6.158264 
1.900704 0.371726 55.472508 2.916278 4.269988 0.747671 
4.128340 0.412197 3.611532 
3.279794 0.455155 3.456122 4.678353 
2.282497 0.349136 2.618951 
3.569082 0.485830 3.236334 
2.174931 0.352814 3.045801 3.705568 
0.292905 0.504105 4.661207 2.292676 4.261487 
3.681515 0.532790 3.151586 
3.048742 0.253944 3.034214 1.798407 
3.819433 0.382890 1.699145 2.226055 11.936602 1.791055 
3.185315 0.283830 0.502804 0.713545 2.491407 0.318095 17.811514 8.743621 0.274496 2.391826 0.495411 1.201687 13.921362 0.018054 0.938618 5.801161 0.084760 
0.116383 0.560265 0.378037 2.088276 0.713996 9.228288 0.130030 3.991638 13.479445 10.791312 0.492244 6.570889 2.072220 0.725699 2.760218 0.187064 0.700089 8.262279 0.852511 0.489444 0.242618 0.380918 2.112832 
1.274563 2.073039 2.273318 5.067528 2.143610 2.769535 0.066968 0.774052 2.931436 0.257565 1.793267 4.385060 1.115166 2.925976 3.907555 2.467818 3.482440 8.200303 6.233400 1.638652 8.247970 0.495686 2.685577 0.505972 0.589921 0.514321 0.258609 0.879116 1.584057 2.375448 1.142801 0.665269 0.188499 0.654831 0.726886 0.310494 
0.784942 0.283186 1.565173 1.475063 0.112182 22.238929 1.808747 2.808174 2.585591 0.858329 0.178403 10.055193 2.696732 0.770050 6.784007 2.747774 0.563272 0.154309 0.196189 33.752863 2.450319 0.295841 2.219065 0.833778 0.331441 2.624895 0.198247 12.187530 0.123543 16.124310 3.442763 9.990777 6.622668 5.863935 1.700221 0.387265 
0.514871 0.238958 2.816140 0.520387 1.010777 2.054300 4.345567 2.252727 1.167550 0.109569 5.151718 1.347537 1.193405 0.641798 0.761668 1.091164 0.334387 1.814312 0.612719 2.136643 4.367282 0.152727 2.323110 0.065106 1.004842 1.417680 0.706409 0.710365 1.446353 3.220588 1.386101 1.844860 0.952129 0.562992 2.907637 
5.863085 6.613299 0.052713 1.099227 0.119198 5.467478 2.047324 0.997766 14.846482 5.791953 3.885162 0.367925 2.048166 0.870920 1.169876 0.438324 0.691884 1.287925 0.538731 0.764409 38.958129 3.139747 0.711135 0.915331 3.142457 0.052996 0.188266 0.630666 1.852154 
4.339053 0.495105 0.187659 0.396691 0.670528 3.657269 4.979697 0.494977 1.542404 9.625263 0.305282 0.198439 3.494937 6.008450 7.591772 1.368543 0.958206 0.574849 
0.291480 0.721028 3.745485 2.486482 0.882531 1.794842 2.360243 0.640669 2.383549 1.613264 0.139493 2.464289 4.896402 
0.375292 0.777652 3.567919 2.797086 13.356984 6.715078 1.288825 0.349398 5.963790 1.783452 0.260738 1.216529 0.568603 13.258013 3.580731 1.870511 6.704377 
1.240815 9.329672 1.149939 0.371664 0.519386 3.725782 0.105468 4.180627 1.291960 4.721280 0.382569 
0.296833 0.460885 5.072263 1.114193 4.174999 0.809712 1.235017 3.349869 0.505393 1.309142 3.351316 1.287039 3.312549 2.680323 0.939062 2.034364 1.564633 
1.150957 0.374053 2.077009 0.465984 0.040810 0.779889 3.362627 3.677795 0.592617 0.589120 3.646410 1.856778 0.580522 3.024994 0.444987 3.384969 0.141751 0.433343 5.669437 4.876858 1.645238 0.751659 1.770364 0.080205 
10.281974 0.244103 0.101751 1.287585 0.546687 6.476628 0.496226 3.501094 0.831621 3.349749 2.088157 3.044319 0.372144 0.819509 10.433083 4.411766 0.316409 2.232867 0.654641 0.076128 9.165951 1.743205 3.568272 0.092689 
7.399407 0.141152 7.499522 7.161643 10.300007 5.599542 0.471786 0.257125 0.419485 0.346071 1.210961 0.433359 1.278351 1.855888 1.515030 1.262656 0.141190 1.003883 2.836525 0.243073 1.040247 0.453070 12.311563 0.346690 0.561600 
0.519937 16.695387 4.807844 0.288924 4.358861 15.836447 0.678411 0.862710 4.214629 0.137618 1.303585 0.653872 1.456014 2.175211 0.282221 0.248019 9.819551 0.090509 
0.623008 4.111103 1.517406 1.640229 5.964985 1.023246 0.234894 0.568657 1.990378 2.664993 0.959265 0.936010 6.785332 0.667109 
3.990918 2.704672 3.018495 2.248289 2.633980 29.614544 0.047251 0.293324 4.439711 0.302767 
8.575348 3.972227 0.225233 3.483711 1.309258 1.218428 7.447981 2.604030 3.313448 
0.515544 2.284320 3.658432 0.003312 0.415636 4.844028 1.159635 1.734446 
0.103027 0.967250 1.783392 3.556662 1.214416 1.537657 3.911813 4.033585 
0.772849 2.940089 3.413207 0.469865 2.536967 4.780822 2.806924 1.586131 0.175409 2.602773 
0.433115 2.869326 4.984226 4.752339 0.495049 1.616109 5.632469 0.469360 3.013257 1.803031 19.971828 0.200054 1.694694 
3.014244 11.335981 1.753423 6.432388 0.282934 0.134794 1.814489 0.247888 2.476705 1.556332 3.533724 1.565963 
3.296232 5.092075 0.490212 3.280735 6.671957 1.120821 1.525358 0.141457 0.039432 0.561316 0.266382 1.798241 0.485718 5.577497 1.004363 1.861150 0.844699 0.194239 
15.399965 14.731974 2.514107 3.704053 0.118431 3.329038 3.279789 2.267925 0.738881 6.318384 1.776298 2.946549 0.306739 0.102857 2.497808 2.376563 0.741651 0.022382 11.873665 0.278709 1.319163 
41.651897 2.096512 0.542087 0.741888 4.944267 22.063729 0.526976 9.484871 14.461216 0.699144 5.689652 2.421130 0.906396 1.335450 13.972177 0.451680 0.382490 0.657411 0.232679 0.271071 0.142509 0.256458 1.776329 5.444932 1.425787 
1.201042 5.493880 0.327396 17.042795 7.255122 0.433992 3.052600 4.726737 0.508282 5.674001 0.441625 1.084250 0.096753 3.944317 0.482307 0.921165 2.658972 0.168446 0.567646 1.374463 0.692366 
0.134411 1.977725 1.823556 0.750456 0.769653 0.252011 0.088804 3.210071 4.848257 0.135213 0.006627 0.375995 0.033641 3.943022 0.343430 1.616410 2.579848 0.248599 41.687913 51.780580 0.147739 2.401630 0.860975 1.051179 15.488677 3.054189 0.105029 
0.229324 6.407352 1.906347 0.869437 0.228005 0.170168 9.761389 4.210976 41.964654 7.575129 2.955084 1.249173 0.071847 0.709732 7.205627 131.487379 1.652558 0.716206 0.528914 0.480361 0.339327 
