6.300453 1.763766 1.086680 1.173863 0.250648 5.111121 6.102889 0.392125 3.137033 1.120037 4.215807 1.801783 5.074912 1.050449 2.728115 
6.825776 0.063408 0.330007 6.481876 4.373909 5.002101 0.185648 7.341494 3.748954 3.954734 0.632676 1.103991 0.920100 2.905241 7.385751 4.124458 4.155918 1.632803 
7.366602 3.459012 5.244439 6.409991 2.386950 2.906977 3.413299 6.790113 3.911518 4.715165 3.871539 5.409849 0.235600 1.840957 6.479315 4.012859 4.389167 2.935410 
2.366577 6.853531 2.479836 3.861054 6.953505 4.447954 2.693393 3.820835 3.847202 5.439575 3.420165 4.812601 5.916548 6.098076 7.344470 3.660217 1.518501 0.864470 0.654265 5.415236 6.580300 
3.349463 6.923228 2.017595 7.363389 5.405569 3.570866 6.849983 5.884178 3.732493 6.076474 0.918538 5.002222 3.002703 7.234664 6.919598 5.426910 0.217247 2.915613 3.271827 6.148686 6.545802 1.582474 2.845823 1.926436 
2.579590 6.359784 1.173888 3.405562 1.082763 5.901812 5.168451 7.284672 7.099903 4.148212 6.495325 1.601762 4.739298 3.444846 5.286103 5.480996 0.411837 1.630527 1.614786 3.214529 
5.654643 1.568210 1.536517 2.651447 7.066315 2.782754 6.983609 0.748628 1.715829 3.235143 3.274623 2.029009 2.139560 4.379059 2.992885 3.655207 3.217399 6.951581 1.405784 
0.379644 0.000982 0.771967 4.038873 7.277938 3.304981 5.636151 6.999247 4.257089 5.477808 2.979106 2.967123 2.790225 3.509958 6.308334 3.784809 5.433462 
1.965104 6.565628 4.240044 5.517836 0.205756 1.136856 4.460259 4.380811 0.287434 0.929606 5.141776 5.558404 5.440821 0.564622 3.703094 3.701818 6.235403 4.450720 3.554948 3.149542 4.184098 7.143969 
6.361108 4.671055 0.757274 4.314835 2.208886 6.818962 1.492688 6.654106 4.203430 1.689754 0.366664 0.423464 4.261532 2.691415 1.857884 3.113375 4.768433 0.172735 0.058260 7.429758 0.344956 3.609788 0.113886 5.732986 6.381692 
6.614600 3.594596 2.630857 1.650467 7.305963 5.167255 3.142586 1.043452 5.879126 3.708429 4.001971 5.946527 0.821177 4.528781 4.377488 3.691663 0.769278 1.549313 0.756955 0.010387 3.469375 1.928671 5.446237 2.857500 4.335389 0.326673 
2.537478 0.776120 3.509580 3.682818 5.606421 1.482524 3.034954 3.783016 0.185417 4.019099 2.578512 0.212288 6.162611 0.350292 0.601799 3.755202 6.507941 7.061626 4.843442 1.992230 5.955316 6.345537 
4.709517 1.041365 4.575904 5.464813 6.795918 0.177756 5.205056 1.858307 0.935664 3.881021 1.315537 1.350918 0.587598 0.085627 6.269032 3.663228 4.157414 2.935284 0.251439 5.282915 
3.056342 2.263788 2.032538 1.936362 2.528750 3.718205 2.680168 1.378524 3.420790 3.191513 7.214821 6.847107 4.747703 5.389330 4.822121 2.123861 2.374097 6.334349 6.331914 3.477480 4.907437 6.698863 3.552919 4.680421 2.189820 2.402738 1.252905 6.566804 0.771407 
5.136976 4.735137 0.047780 4.073234 4.016806 0.813693 5.273803 4.818993 2.850139 4.498533 0.692722 1.367305 3.493561 3.625825 0.882409 4.348251 1.614324 6.067582 6.037562 6.167066 2.075378 4.406319 1.650806 
3.660912 2.818087 2.002648 4.787588 0.111859 1.620056 0.542480 5.995315 2.355894 7.136661 4.766593 2.660511 6.590882 5.785807 6.249084 4.527606 2.029824 7.180927 3.440203 5.839371 1.688152 6.274528 0.991258 
4.281258 5.615373 5.740600 5.531054 6.061553 4.881059 1.197032 5.153724 3.233914 
4.060556 6.070845 6.316168 3.052601 6.957548 5.754586 5.122920 5.188146 4.261165 3.480742 6.345198 0.688334 0.850077 6.851575 3.370547 1.493511 2.312441 5.387324 2.602322 4.321032 7.350099 6.382442 1.496820 4.242027 
2.629473 6.911766 2.622024 2.618137 7.045461 5.889241 5.391675 5.352753 6.620119 0.475012 6.369582 2.327873 2.110330 0.484827 5.310672 0.057478 1.229933 0.510125 7.489008 1.595960 2.434238 0.859603 3.755321 2.301812 0.418314 2.953322 1.135751 6.714265 5.381830 0.341735 1.251804 3.108276 
1.205021 1.463427 3.335197 2.240454 4.637117 6.363665 0.322671 5.178458 0.718710 3.195067 4.402937 0.232507 1.826561 1.974543 2.012877 5.679741 3.336208 5.902723 4.181055 5.112101 
4.918147 0.855834 4.588568 0.225183 7.482596 2.661657 4.063717 2.605313 
1.087723 5.063711 2.192767 7.425553 1.241655 3.130833 4.327833 3.842909 1.828033 6.672698 2.592260 
6.647175 1.168379 3.329391 2.098066 5.066805 4.190082 3.316683 1.077519 2.093753 4.929972 4.249801 5.370376 0.455949 5.702684 1.768693 6.279635 
4.587773 3.678608 3.796782 0.026822 0.016629 1.405157 4.260032 0.320024 0.877517 6.769083 5.809409 7.279860 1.001467 1.857647 3.989897 3.319401 4.176709 2.860828 
1.837346 2.781262 3.738332 2.373140 6.214416 5.031899 1.276129 0.654407 2.745887 2.601263 2.993069 6.901597 2.410381 5.185511 3.433675 1.962806 5.181440 0.431890 4.784724 4.613119 
4.228431 5.841740 4.972599 6.018364 6.430314 0.814373 3.321712 4.348601 0.811386 6.529375 1.177187 7.475492 6.482999 5.416682 1.324599 3.443781 
1.546419 1.242882 3.063799 5.457273 5.054062 0.033929 0.174847 1.110547 2.051198 1.847429 1.673183 3.344209 2.266981 
4.408333 1.927783 0.114325 5.512373 0.296930 3.323308 2.075525 0.339660 1.690133 
6.906500 2.826638 7.047633 1.550871 4.503810 5.388562 7.112012 1.071741 2.973248 1.083303 2.369916 6.609287 7.175256 
2.916452 3.300444 5.103886 5.533964 5.512091 7.190153 7.469947 1.276775 1.406023 2.089114 3.694896 5.456008 3.904107 0.684382 7.300184 0.031293 6.916932 
4.753213 1.500068 5.499600 6.954324 7.457986 5.570355 2.191756 5.448972 4.122569 1.028206 7.084832 4.947208 3.770899 0.231025 6.245196 0.110943 1.003561 3.833200 5.555167 7.442787 5.609111 6.126009 1.439046 
4.356739 2.692515 1.157845 3.477065 6.597388 4.246139 0.023796 2.425320 2.157675 0.000065 5.452040 1.603943 6.735641 0.799196 4.438507 2.301903 1.429994 2.548752 
6.556691 1.820879 6.958779 1.830200 0.994431 6.665050 0.404463 1.687203 2.281320 2.013208 0.111252 3.805245 4.689615 1.777336 1.786796 
7.188433 6.110867 4.267148 4.780633 
1.824754 3.197882 7.340235 7.014647 3.530593 6.305051 0.114732 2.805065 4.772847 
6.989307 4.539674 4.284871 0.484965 1.100977 5.884181 2.583196 7.261283 0.746104 5.464558 1.236226 6.384153 0.508088 6.512222 1.611756 5.182348 5.940740 
3.813808 4.373060 5.749145 7.111459 1.422041 2.818500 4.183929 1.605648 0.696981 4.339572 2.302789 4.209153 
3.055857 3.045224 5.423808 6.713327 3.450897 1.480873 1.803805 1.930535 2.219117 5.536485 4.299435 1.981662 7.149672 0.701448 3.772003 5.685695 3.711280 3.915560 
5.965356 3.291271 3.808955 1.805116 7.169497 5.457413 4.551499 7.353399 4.755694 5.758190 2.758965 3.323391 
5.714746 2.442415 1.718749 6.153576 4.092513 7.146946 3.144869 2.746265 6.682469 2.833263 0.468934 6.054640 5.734263 
4.540786 4.110151 3.073978 4.265012 4.422661 6.553433 7.356021 3.119219 3.236009 
5.662430 0.595654 3.423148 3.450810 2.952352 7.434635 5.779072 5.614967 5.720744 3.010864 4.989570 1.524057 3.142608 0.983933 4.950711 
6.410258 2.999199 4.860746 5.798382 2.402602 1.613650 0.151733 7.061844 1.400324 2.970813 0.418990 7.210016 2.095126 3.161904 3.875296 1.997371 4.654560 2.064778 7.295997 0.916317 6.609346 1.962143 3.686027 1.655309 4.159906 7.195448 3.306107 2.910489 5.671134 
6.039830 5.530310 0.437220 2.282245 3.704491 3.870631 4.283574 2.836428 4.722430 1.316785 1.532940 6.295256 7.208763 1.353141 5.213728 4.189719 2.080403 3.209666 2.617377 1.664751 1.837300 4.679391 0.922290 3.054317 2.140563 3.948809 
5.934336 0.136871 2.101565 2.835014 3.727698 6.111495 0.619289 6.701307 2.299972 4.407047 1.455864 4.834792 5.437498 2.988614 2.829224 4.764291 6.438673 3.453225 0.100571 6.273716 4.289118 7.009547 
5.215297 2.387491 4.734943 4.006155 4.491328 7.284623 2.679098 4.103366 0.351250 0.748396 4.230085 3.631004 2.868201 4.576487 2.865142 0.688651 7.493383 
0.968873 4.518295 5.923388 6.676790 4.837185 6.276083 5.532737 3.848616 2.211667 0.496242 4.620613 5.389932 3.056029 1.354511 6.809014 7.190711 1.511227 1.985168 2.870359 1.255781 7.141804 4.815334 
1.025504 0.058544 5.637661 5.135343 2.348901 3.901749 4.804807 2.660505 2.632746 1.704688 5.467068 4.546833 0.598578 1.555447 6.203724 4.134993 6.311324 
6.686133 2.180362 6.427293 6.866626 3.250318 2.641725 1.547771 4.587974 5.003245 4.374852 0.052858 5.177086 6.042699 2.531325 1.817199 5.100295 6.552823 6.731376 4.053311 
1.016774 1.343260 2.386953 0.235879 5.549873 7.341656 0.697104 1.150636 2.087350 5.587111 1.675806 
0.888611 0.626615 2.020857 0.329130 
2.799791 7.446074 1.934868 6.952031 
4.221850 4.434797 2.128111 1.898762 0.132883 0.930809 5.100267 0.701943 6.686385 4.464562 1.788777 6.299710 4.875313 6.009252 
3.232365 4.602974 7.151912 4.515061 5.608464 6.249635 4.049332 4.586665 2.451213 2.074976 3.390263 4.222595 2.228865 0.008167 5.784090 2.403265 3.239559 2.764263 
3.096984 2.363409 3.925886 1.258861 2.150986 5.769854 0.876858 2.783923 7.054711 3.817555 6.576102 6.559539 5.060948 1.694735 5.569570 3.046157 7.088251 3.782227 0.032167 
2.009146 1.127504 0.372832 5.235620 6.429109 5.075816 7.395391 1.656928 6.958834 5.020255 4.464614 4.055108 5.661406 5.974439 6.723401 2.969926 4.308884 2.494288 2.013064 3.569548 1.910067 2.540671 4.211288 6.063254 4.092140 2.771152 6.238105 4.048337 
0.062519 5.796091 6.113180 6.276530 3.237881 6.182372 0.393267 2.619113 6.171924 1.706964 3.271052 6.639441 2.818938 5.085172 7.128093 7.312874 1.102189 2.290029 0.303028 5.025906 5.445529 0.245673 2.282438 1.912618 4.996180 4.231977 3.121671 4.229694 1.236449 1.531403 5.231004 6.295761 
1.852139 6.681981 3.516796 6.135795 0.622409 2.271126 2.633352 2.693513 2.464382 2.837513 3.776081 0.250752 4.459820 0.074101 6.918456 2.914921 6.255789 3.635437 3.342388 1.570146 7.485998 3.830321 5.917353 6.282401 4.284972 2.996534 
6.336514 1.256727 6.555732 3.505620 3.023497 6.041063 3.753437 6.420390 6.870603 0.344728 2.411049 3.646653 2.640310 0.133369 1.851944 4.729143 3.430057 4.701870 2.413896 7.389238 5.520144 0.884185 6.638180 
2.016702 3.204806 1.751378 0.911605 6.281366 4.577929 2.459644 1.991678 6.586125 0.135848 1.597787 6.971056 2.889736 1.717782 5.590229 2.161788 4.128707 0.844822 
5.444911 4.005587 0.384290 2.090634 5.756100 2.254863 1.887509 6.226468 0.747257 3.423071 7.439636 
7.113170 2.858379 0.343202 1.287492 0.118352 5.162718 1.905396 7.332680 4.652489 5.776831 0.182045 3.892672 3.743434 1.873510 4.418882 
7.398857 4.278771 6.573675 1.332154 4.383389 3.245080 5.793647 4.155855 5.174327 6.060405 1.932037 3.691471 0.475196 3.746254 4.213037 3.163961 5.198412 3.379309 6.739778 0.090916 5.969044 4.891284 
2.745938 2.262570 4.633674 7.157847 4.429213 5.814486 1.047869 0.837441 0.173340 3.128293 4.079683 5.382294 3.049574 2.603690 7.203048 1.180466 3.075162 3.665609 0.397884 5.938386 2.227570 5.115278 3.486426 2.288883 1.795104 7.039409 0.423639 5.305318 0.294174 
7.384872 2.736784 6.471858 6.947828 5.989624 2.604549 5.613712 5.752185 4.454717 1.015476 0.901151 2.198434 7.330960 5.066845 4.913380 0.358806 1.862325 6.352187 4.797796 4.613888 1.018119 3.243885 6.749708 6.976383 5.875552 6.973940 0.967296 6.918689 1.348561 4.524054 3.211975 3.818684 5.259187 4.724971 
5.875834 3.396079 0.341422 7.369980 6.070020 6.809593 6.139768 4.202497 4.712757 3.083636 4.105583 4.357608 6.979076 6.061032 4.320275 4.106555 5.523887 5.775737 7.184252 2.487585 2.552542 6.936363 6.911084 1.006337 3.640467 1.195629 5.905509 3.431886 1.725398 
3.696463 4.158427 4.995815 3.323903 5.128363 4.016342 3.766250 4.370677 0.140970 2.458483 4.518353 2.339148 2.051736 3.223651 3.982350 1.124408 
6.614985 2.176398 6.467089 0.002633 4.497245 4.566400 4.712723 3.663293 3.074504 5.925194 6.129349 4.957255 1.534559 
1.194828 6.811954 4.940798 5.278236 3.679935 2.516148 5.971871 5.381148 6.350370 5.591581 3.598440 5.252860 3.783845 7.491303 
4.995973 2.033153 1.670758 3.416806 0.876878 0.721772 2.025076 1.544106 2.600778 2.453098 2.343296 4.157157 4.424801 4.155786 6.343714 0.001703 4.514094 6.830109 1.399263 2.680588 
5.905505 0.296845 1.827149 6.235758 2.963423 1.636130 2.593576 1.128573 2.244014 2.464285 0.693064 0.657477 1.020535 6.864267 0.559726 1.011667 6.342481 6.412602 4.799044 4.621509 2.536503 1.338212 1.159432 3.629216 
5.458550 1.569968 1.505071 3.740317 6.977169 4.520853 4.598425 2.618925 3.888146 0.140397 4.355927 0.610437 7.252686 5.635071 4.338994 6.923595 4.054097 0.402527 2.490690 1.776883 7.275469 3.021343 4.404001 2.593972 3.872330 3.779331 
6.147230 0.473254 5.102343 7.463214 3.751727 1.419652 3.282533 4.682926 2.824406 6.682528 1.440117 2.715299 6.686110 2.342634 0.816724 1.828305 5.793549 2.688149 3.774227 0.772945 3.658972 6.562224 5.923775 5.703093 2.365838 6.756405 
5.708616 2.334754 7.280122 4.593422 5.243301 7.198217 0.727145 5.397403 5.757492 0.269546 3.235796 3.927446 4.897338 3.414708 3.108236 5.817041 4.252540 
2.585285 2.071981 4.253130 0.904278 2.202290 3.991510 3.056030 0.580657 5.955709 3.551940 3.318716 2.749051 2.049797 2.705284 
1.661067 6.471139 0.412330 2.298955 1.479223 2.609573 5.979583 4.794623 6.425795 
5.973462 2.948212 6.142332 5.096256 5.856893 3.639824 2.163099 5.305452 6.712561 1.766944 4.087730 5.594383 3.255207 2.621158 2.060661 1.172350 2.633056 2.074475 5.092280 3.343781 
2.694159 5.956591 2.753178 0.420205 1.569022 1.112588 5.220884 6.962040 3.068785 1.483344 
6.534158 3.678238 1.133050 1.947934 1.209088 0.421094 7.419020 0.679568 1.716756 6.201028 2.632660 3.079184 0.377569 3.039087 7.010371 6.053292 3.422633 
1.608508 4.697516 5.722760 5.957701 2.415782 0.530429 5.399369 3.525572 2.466078 0.327916 5.783701 6.034192 7.003783 5.632988 7.137066 0.012112 2.396107 1.512948 3.445212 2.908172 6.008471 7.378792 3.081276 6.363397 5.643832 0.233657 0.444489 4.909378 6.221447 3.718695 4.553842 3.065219 
5.777614 1.950292 3.473485 5.565129 4.763857 3.078123 7.298639 4.531203 2.440152 0.094689 6.278971 5.606375 0.143743 2.445546 0.431136 6.875686 5.110197 1.004075 6.270787 7.256228 1.189854 0.952667 0.994316 2.712159 4.571402 
0.960383 4.523002 5.574685 3.695647 0.201738 4.658353 0.264851 0.174014 1.849784 5.937277 1.719950 0.807378 4.101357 1.300193 5.132856 3.836337 0.694974 5.952276 0.316947 2.574364 6.490202 1.544459 4.828093 1.095059 1.707316 0.599983 7.304221 
6.139347 1.629171 4.345432 6.402928 2.264294 5.012366 4.802560 4.365927 0.575997 1.978027 2.231743 2.612179 2.657531 0.019192 0.190310 1.040278 1.562073 5.300342 3.713449 2.951492 0.156074 6.474076 4.600008 5.984409 
3.954147 1.953717 2.785643 4.423510 4.326263 1.932588 5.898903 3.870580 0.689428 2.154937 3.980308 4.573477 1.755790 7.179494 2.894244 6.001612 
4.855616 1.133955 3.318428 1.004753 3.364283 4.261982 6.350127 4.853305 2.560453 0.501601 4.080629 5.170991 5.910118 2.724166 5.973087 6.448864 
1.441343 7.330752 7.149933 2.247004 4.458338 1.738452 0.952357 2.132157 7.309913 0.693424 5.614682 1.585485 0.565087 3.876376 4.264661 0.921297 3.798825 2.325668 6.831544 5.032836 4.284747 2.931211 
4.740993 6.960435 7.237156 6.387264 4.337773 5.682650 3.546390 0.850482 4.670829 6.655189 1.393362 0.394605 3.469091 3.191422 1.611481 0.793070 1.798146 0.201798 7.055306 
1.592776 4.555529 1.504312 3.768147 3.173235 4.026890 5.374174 2.853526 7.214754 5.649784 6.590512 4.863682 1.480334 6.746463 4.876154 5.962433 2.290052 1.896435 1.858909 5.843588 2.578638 6.051667 0.344119 3.134866 1.289798 2.872186 4.196313 
1.566749 6.439910 0.421384 0.908967 4.820423 3.361674 5.320139 2.145649 6.697687 2.022584 7.162396 2.917832 7.306927 4.031452 6.826566 4.827432 4.792834 0.224012 1.697140 1.493325 5.568379 6.241134 7.217082 1.710816 3.116247 2.507106 5.020825 1.700048 2.577986 7.039877 6.005153 4.060339 0.829963 3.979428 0.576841 6.484027 6.950919 4.150314 0.787591 4.495366 0.780908 4.234058 0.044641 
0.239823 1.953779 3.452440 0.383697 1.259641 6.034143 7.360676 5.472931 0.013946 2.600862 3.297262 7.455656 6.306824 2.113374 3.990265 1.869028 2.366862 1.929797 4.770661 7.184541 1.222483 2.234394 5.682746 7.171921 0.487706 2.275877 4.766674 2.526416 0.700158 3.629759 6.462728 
7.061669 3.551310 6.604475 3.461694 4.562267 3.405522 3.889216 3.924110 4.161375 1.822809 7.318896 6.672020 3.026279 0.173201 1.301569 1.669608 0.845177 2.285205 5.559600 1.271721 3.187432 5.253448 6.090825 3.171567 5.598589 6.086386 0.106417 1.499451 1.618791 4.798222 0.285889 5.968582 0.670485 5.645641 3.446096 3.111203 6.475065 7.402190 4.978081 5.546343 5.659756 7.020434 5.701537 
2.883635 1.526741 5.942513 3.241749 5.433583 6.484680 1.386442 4.435118 5.600032 0.533651 6.175786 3.548115 2.992524 7.484740 0.673206 5.730777 3.095973 6.607127 1.467590 0.189615 1.112252 6.032825 6.208244 6.907803 0.118618 6.943488 1.763488 0.429016 3.781280 
3.495509 4.404522 1.904224 3.317846 1.271355 0.059842 2.618086 7.247892 5.862317 5.060201 4.464167 2.724923 6.209421 4.896263 7.223722 1.243796 3.375893 0.144169 3.178551 2.361143 2.607482 3.546046 2.175690 5.886393 0.128321 2.545246 2.671462 3.499140 0.522910 1.350851 
4.624861 1.463911 5.102240 1.632584 3.171802 4.328437 7.361537 2.101384 4.684335 6.689905 5.894663 2.253120 2.291277 0.208563 2.692215 4.028535 1.142171 
2.970959 6.302193 4.623565 3.869942 1.998626 1.316636 3.099849 3.194428 5.811451 5.317502 2.503544 6.473236 4.315293 1.135083 2.007465 2.788484 4.919707 1.422195 3.915325 0.468303 2.110975 4.041827 
1.646403 5.787937 1.388618 3.101606 3.063397 1.239639 1.526805 2.603409 1.357563 7.054823 6.976696 5.406302 6.980026 4.278310 0.467760 3.206268 5.765573 5.981682 4.927973 2.466117 1.589984 0.876556 6.515732 6.013249 6.215567 2.686800 5.840853 4.083903 6.761473 3.974276 4.448187 2.396288 0.109547 0.174388 
5.826988 0.312538 5.888898 3.082151 0.797816 3.531507 1.982708 0.070843 3.968456 4.678388 5.640117 6.464001 4.823694 4.476031 0.624273 6.521876 1.047034 6.468851 7.357808 2.560943 2.600505 4.646236 5.234466 0.684488 2.086731 0.488827 3.586431 4.518910 1.441077 3.442625 4.340435 4.745312 6.994331 5.252755 5.553734 7.406278 5.918809 5.685531 1.150585 6.666016 
4.790951 3.506153 2.683074 2.433097 5.630995 5.495316 6.718098 0.868373 1.927449 6.506609 3.737000 1.440149 3.274701 5.072453 7.468355 2.285888 1.274480 7.204986 3.113101 4.486674 4.226500 0.154104 6.814125 1.099850 6.000615 5.637957 6.585639 3.014559 5.666890 6.738087 5.730575 0.901656 
7.277412 1.784829 5.963334 4.165115 1.805798 4.411305 5.595467 3.974536 0.065754 6.721300 5.177499 3.447943 3.404481 1.414632 1.438384 3.798567 4.290867 3.347255 4.719861 6.586003 4.671145 4.564375 1.451452 4.618582 3.279587 6.011040 4.705518 3.499389 4.845619 3.425631 4.493130 4.100100 1.161163 3.935220 0.439558 5.708228 
3.385403 4.097676 5.194162 0.494373 6.280207 7.249342 5.586134 4.087630 1.321587 2.112664 1.770273 1.717486 1.967405 1.243322 3.919829 0.393647 1.692045 4.432792 4.084745 5.334347 2.641932 3.344398 7.484188 2.173291 2.330444 5.028063 5.933207 3.772695 1.825133 3.095538 1.745704 6.806349 5.251085 4.710707 6.208423 0.342698 1.212787 4.574802 1.581044 7.382349 3.822024 
