   -26.494386 -18710.645334
   -32.395596 -18708.911296
   -21.833908 -18711.521557
   -26.389458 -18708.916219
   -37.432753 -18713.222817
   -26.824832 -18710.615555
   -21.508496 -18710.131045
   -19.562126 -18710.695451
    -8.347477 -18718.143281
   -21.911631 -18711.465844
    -9.396111 -18707.962029
   -27.522425 -18714.702923
   -21.955548 -18712.589309
   -11.253855 -18711.758581
   -12.306320 -18709.396428
   -11.553763 -18713.880150
   -33.698382 -18718.542748
    -7.744635 -18708.738479
    -1.128818 -18725.798643
   -17.889768 -18715.856972
   -39.068340 -18718.556930
   -19.491600 -18707.186246
   -20.170257 -18711.472595
   -13.123139 -18716.158655
   -23.712020 -18714.206184
   -18.337017 -18709.892992
   -19.197373 -18706.495151
   -25.016066 -18712.146585
   -21.919311 -18709.885611
   -29.351872 -18714.286443
   -18.778606 -18711.500444
   -17.246325 -18706.861051
   -29.408738 -18705.899054
   -31.741306 -18713.894549
   -33.006828 -18709.984117
   -15.163867 -18713.649323
   -21.869312 -18714.453008
   -15.801298 -18706.760122
   -28.226549 -18705.374414
   -24.366209 -18714.749922
   -31.494825 -18712.539919
   -34.636993 -18717.348753
   -17.865017 -18706.492977
    -8.117454 -18712.625616
   -12.230756 -18718.369504
   -27.492278 -18710.984258
   -26.606070 -18715.454934
   -36.277435 -18709.169484
   -24.138236 -18712.587800
   -33.944481 -18709.450488
   -56.049929 -18705.127698
   -26.446529 -18715.898584
   -20.550157 -18713.946629
   -17.018820 -18710.527808
   -15.368231 -18704.790937
   -10.399336 -18705.429590
    -1.877356 -18709.702995
    -8.644503 -18715.139471
   -11.945686 -18707.192830
   -12.649039 -18709.450037
   -18.335790 -18716.634834
   -15.518644 -18715.031838
    -9.348450 -18715.129997
    -8.198668 -18711.341951
    -0.062927 -18713.710419
    -7.619606 -18707.956396
   -20.935171 -18709.470938
   -21.580167 -18718.634703
   -15.097750 -18708.184513
   -17.462839 -18711.069028
    -9.331960 -18710.099490
   -19.097627 -18711.635219
   -18.829432 -18711.318155
   -31.981380 -18715.029173
   -46.733745 -18706.734869
   -33.245581 -18718.581942
   -35.840976 -18705.842646
   -26.711957 -18710.466668
   -11.320412 -18705.814597
   -10.424669 -18707.631676
   -11.606246 -18713.033040
   -11.400487 -18709.001067
   -21.040884 -18708.460052
   -28.548011 -18712.922110
   -29.768103 -18706.944305
   -19.699702 -18710.021249
    -8.590267 -18716.225008
   -12.889754 -18708.380385
    10.429955 -18720.122005
    -2.873529 -18711.544576
     8.916263 -18710.261899
    -0.994258 -18711.380233
    -7.059991 -18703.411725
   -13.526114 -18711.507897
   -17.724742 -18702.539960
   -13.108373 -18708.400118
   -20.271212 -18708.217062
   -16.797951 -18708.899498
   -25.130946 -18709.472473
   -13.267175 -18711.110920
