104.726675  21.748085   9.986378  15.421995  11.547184   8.879032   6.662783   6.051286  44.667118  35.807553 184.989170  15.303072  27.419484  11.016981 141.600438  16.896240
105.922789  21.724581   8.304025  22.803476  11.320251  10.480436   5.676175   6.291416  65.207870  31.127440 181.517596  13.185556  31.540321   8.925445 112.907730  21.047770
104.579114  21.803219  10.793046  15.266185   9.938589   9.657350   7.027133   5.693249  56.810884  36.160306 206.958476  17.039501  34.893024   8.960648 107.884539  15.799036
101.306548  23.097477   9.451312  16.996689  12.491730  11.661378   4.867985   5.756649  57.240726  31.235600 185.451582  16.725146  28.322717   8.873353 124.169323  19.556941
 94.995295  20.042878  10.804482  13.766988  10.496274  14.599366   6.324892   5.559577  62.386927  39.126528 190.871715  16.383162  37.115406  10.065609 146.777107  18.674678
114.890122  17.437011   9.554243  17.009096  10.738002  11.107127   4.588452   5.918797  50.505672  43.788585 214.030274  14.840117  30.862637   9.870767 123.467117  21.273290
 86.493572  24.669323   9.390834  17.414543  13.856833   8.468842   6.364471   6.864833  54.924476  43.343139 170.523479  16.204534  30.162988   9.717525 128.485822  25.961335
 89.749241  21.983398   7.875529  15.809070  11.258994  10.427204   6.486045   8.159096  51.086657  37.588673 220.182846  14.708872  28.644714   8.413884 133.966452  18.361244
113.854376  30.617269  12.234007  16.006365  12.573431   9.557813   6.048097   7.207735  51.262766  35.104645 189.437185  18.193003  44.426522   9.054523 122.318607  15.692262
108.462918  17.154598  10.437453  18.562421   9.065816   7.997759   4.336999   5.254593  49.259364  40.976307 168.320211  15.348661  27.890454   9.734373 111.186877  17.281643
 80.689694  18.921654  10.021570  15.349453  11.381040  11.238084   4.551694   4.799331  47.314940  35.275096 189.378829  15.400804  26.587000   8.171716 128.926805  17.276804
106.352412  18.559443   9.851075  21.059182  11.997373  12.726469   7.155104   5.026095  58.274424  47.554711 177.997225  16.104945  28.904658   9.724179 112.820977  18.872917
100.389765  21.777654   9.837770  14.975668  10.954280   8.976635   7.217485   5.022149  55.819367  36.497989 208.332638  16.393804  39.836917  11.238864 132.458582  21.749364
 81.850683  18.322684   8.680340  19.501692  10.906426  12.020715   5.867031   7.353627  66.180434  38.928362 234.526740  15.585978  34.755958   9.090945 117.548975  16.323930
 96.296065  22.096096   8.229976  18.904321  10.164721  11.174600   4.889003   5.766076  46.020880  37.683984 198.608635  16.549014  35.007695  10.792862 114.465560  18.335355
 91.203700  19.103324  11.026187  24.432062  14.327394  10.332172   6.235302   6.998266  55.803842  39.560271 215.318829  17.518063  28.390257   9.147779 184.819668  18.687403
 82.843859  23.924850   8.020851  18.238226  10.250368  10.348439   5.639613   5.590113  55.325631  45.122760 168.442030  16.609542  30.386334   9.859767 128.061315  20.073726
 96.082919  18.187764   9.384480  15.513834   9.712389   9.236439   5.320447   6.142919  62.206808  31.081810 212.644401  15.859901  28.248588   9.413802 120.111771  19.797484
123.843607  18.336653   7.068645  18.386854   9.640866  10.432383   4.819954   8.255153  46.176396  28.240313 159.882444  15.713481  41.214701  10.761801 137.745684  15.894350
104.357858  22.215644  10.462005  19.247936  13.059301  11.236716   6.065883   5.778392  53.149930  37.592141 218.668008  19.789420  31.705628   8.247658 114.517124  24.884006
 82.193205  19.468506   7.714364  17.529146   9.025476  11.194727   6.314700   6.602055  52.990214  29.474913 216.081186  12.869436  27.438065   7.417627 150.146104  17.239491
 87.664816  22.115396   9.319155  16.538326   9.541946   9.169204   5.307893   5.218127  52.181424  32.667820 188.016528  17.876125  26.751448   9.086393 124.764335  20.434944
105.743239  24.925565  11.703202  21.399362  12.458389  12.822499   7.029877   5.853331  70.185886  43.441359 226.312830  17.404649  33.559509  10.540548 138.926672  21.419243
 92.100521  16.540213   7.804118  14.171062   9.626484   8.627659   5.214911   5.345406  50.343467  38.959018 201.035364  16.439170  28.828953   8.485594 109.865300  15.886134
125.227278  25.033882   9.178878  19.837921   8.909349  14.714534   5.975659   5.941057  61.603278  49.193118 215.952409  16.538854  34.530310  10.310533 131.462954  18.965617
 83.595192  23.625790   7.105685  17.138905  10.819506  11.200951   5.400959   4.958245  53.053255  38.477264 194.917249  14.291418  26.040687   9.818658 132.760264  15.613845
100.271651  19.264279  10.120636  13.026538   9.233572  10.334734   4.889810   6.369903  48.883406  35.148123 192.881957  15.035600  25.699833   9.175039 131.776819  17.671017
 93.627149  22.321974   8.778979  17.613577  10.500692   9.598466   5.315744   7.082388  58.430341  31.935034 231.953179  23.279078  35.568405  11.496674 146.134914  16.347293
 85.032480  20.549199  10.623750  18.385286  12.825304  10.039270   6.110762   6.369194  64.689025  31.756270 196.524315  19.164224  29.422585   9.422214 127.975315  17.311658
 99.008592  16.704726   9.796692  16.059224  11.608122   9.069865   4.970831   6.774606  54.313880  31.252135 142.614408  17.342164  27.351215   8.411354 125.521386  18.740181
 83.525322  22.727154   8.736455  19.378034  10.640093  10.260681   5.689926   6.641982  60.202997  31.107739 222.902223  20.079629  29.037583   9.041051 114.064552  18.662630
 91.665608  20.956911  12.246430  15.324019  11.742283   8.566885   5.623291   5.608794  55.434939  40.574686 211.238351  16.610059  35.129883   9.320239 134.769698  19.312051
 85.933970  20.557950  11.541073  18.264237  10.149398  10.576408   5.750861   6.243967  50.677505  33.084621 220.387437  20.351302  32.079253   9.467228 127.425067  18.787808
 81.483273  22.698560  10.349231  17.057820   9.097432   9.979550   4.682223   5.605884  49.465622  28.700732 216.747162  15.777359  25.092784  10.306801 109.030628  15.761181
110.488257  18.945117  10.049942  18.229149  13.618121  11.980432   6.520068   5.595545  46.195294  34.556936 203.173685  16.930653  31.107831  10.089470 142.122490  17.858227
 87.351588  24.888267   9.059464  17.535216  11.737653  11.699935   5.220086   6.823884  55.626046  33.664573 168.202353  15.289992  32.272712   9.165650 132.622060  21.793800
 93.712501  15.650462   7.015827  15.553980  10.627026   9.654580   4.204970   5.735616  47.693687  37.853832 219.320696  14.228559  29.061516   9.659343 158.932375  15.767066
 95.398114  26.404565   9.667563  16.208406   8.830782   9.771436   6.086003   6.972100  64.633787  38.112715 200.816377  16.450682  38.670922   8.391516 149.841507  18.491937
 77.013113  19.679763   7.734345  17.517547  12.059193   9.646155   5.771148   5.510278  46.230537  31.227267 213.132866  13.960656  26.294834   8.349682 118.036386  17.745366
120.366132  17.833163   9.563987  19.328940   9.429590  12.144783   6.384666   6.582631  56.910829  32.336019 197.620861  16.840021  39.707877   8.543519 134.384471  18.488642
114.542581  23.350760   8.796805  15.848666  10.239708  11.278141   4.994091   5.600862  44.630051  42.960023 196.715302  13.747125  28.942765   8.290644 108.844724  19.701252
119.341897  25.625530  10.312568  17.801802  10.608098  11.093848   5.406996   5.941919  43.502302  29.466137 179.878518  12.011475  37.140264   9.097249 130.262452  19.799382
112.423428  21.688706   8.871177  19.855623  12.551785   8.927485   6.069268   7.196761  58.919853  42.550010 200.906829  19.019521  26.572458  10.310650 142.754120  22.786097
 87.665073  21.404598   8.232464  13.956370  11.291396  11.048936   5.834652   6.747650  41.654665  36.471468 217.775062  16.144333  24.278368   9.974159 153.163603  17.058273
 87.359535  22.567580  10.404593  21.266621  13.673973  12.301590   4.595815   5.026606  53.400703  30.586120 173.583633  17.735394  32.845631  13.360920 127.958359  20.593783
115.013661  23.566626  11.207744  17.652679  11.916201  10.966678   4.955331   6.480854  51.553719  30.495628 193.185093  17.524370  39.278662   8.274852 112.334537  14.931391
104.060854  16.666050  10.401476  15.744207  14.534973  11.509788   5.702322   6.703469  56.663399  38.993167 198.726056  13.821235  29.836735   7.718594 111.128305  16.896622
100.344669  21.167438  12.301735  23.042008  11.539313  11.586660   5.787687   5.561257  45.247743  35.783941 205.343675  19.247431  34.050377   9.981734 153.097849  19.255785
108.211950  29.515142   8.750291  20.380136  11.845855   9.798608   6.709993   7.236653  51.210926  42.832735 197.727262  15.042117  31.913928   9.165224 140.943650  19.748250
102.716203  24.442780  10.921065  19.371958  13.409289  10.433206   6.903140   7.034162  67.814367  40.200451 212.967958  19.978671  27.815019  10.388163 136.296926  16.315215
 87.168199  18.613897   8.705935  15.744822   9.606729   8.747246   6.151000   5.554694  59.147814  35.422597 218.327558  14.206306  30.124481   7.803846 108.193667  17.226083
105.505217  24.051166  12.955380  17.913546  14.231741  10.602379   6.744760   5.717773  68.159475  37.344863 188.523461  15.746117  35.279390   9.218278 109.196755  18.048201
104.902924  19.743459  10.384761  14.221398  11.128738  15.619807   5.835690   6.250988  60.039754  39.824652 237.139005  18.235191  25.333284  12.172711 141.063344  22.398075
 92.226500  19.251368   9.555764  15.621530  15.347139  11.770993   5.859339   5.550176  64.164428  47.114727 238.695182  16.751745  29.292985  12.379801 124.090804  20.130840
113.570021  22.322016   9.174811  18.765663   9.990044   9.192823   5.838916   6.189643  59.515063  33.388926 177.898233  17.464938  27.571744   9.610212 130.751244  16.465987
 88.521740  18.940736   9.421702  16.672627  11.408003   9.765990   5.202125   6.649852  50.635431  36.732924 236.413903  15.608035  34.172763   8.968749 144.324009  21.256372
102.345350  18.900161  10.746550  15.757397   9.168091  11.002939   4.964437   7.375973  58.351136  35.826234 187.295729  18.777616  30.223641   7.847770 126.718748  18.721242
 95.453085  24.651045  10.045370  17.422508  11.981655   9.928670   6.266403   5.963561  52.537036  39.597303 247.449128  19.648902  28.493996   9.484372 127.607127  13.783974
106.748201  22.168914  10.244656  15.790681  10.235004  12.405357   7.035911   6.615524  62.047306  35.486203 212.375635  14.857725  29.064357   9.914194 100.342997  22.076288
105.050886  23.961126   9.395685  20.704537  10.642312   9.847357   6.045242   6.281247  59.310534  37.510495 219.872513  18.776438  32.298221  10.114131 124.948681  25.809938
118.838321  26.014291   8.301031  16.513160   9.001518  12.304803   6.386410   5.835965  63.620862  32.573086 189.110069  15.939518  33.127410   9.353026 124.495866  16.491226
 80.547189  17.289822   8.289101  15.448274  11.389448  10.517912   5.028193   7.481021  65.013787  38.914633 190.800460  14.556183  31.196455  11.922197 134.393855  19.260620
102.514559  19.857754   9.404635  21.433324  10.710612   7.858015   4.237214   7.206708  50.371752  31.161238 171.618208  14.797492  29.739149  10.451609 131.167853  21.874890
 95.447902  24.603412  10.377302  17.939671  12.134932  10.643708   6.198646   7.853011  62.049294  37.188593 219.351276  17.932420  32.508804   7.881284 141.474965  15.902118
 98.614133  19.222341  10.239096  19.919497  11.211696  10.522867   5.227499   7.103832  58.649601  34.604375 172.312186  17.579517  28.883061  12.177145 148.674755  18.516440
 97.325865  23.276451   9.549613  20.824137  12.519799   9.965032   5.673892   5.744244  53.853837  42.400314 224.401055  17.064693  34.349110  10.766793 153.075042  25.801681
 91.245547  26.291322   9.564695  16.335704   9.589537  11.887016   5.511733   6.371864  63.644411  39.696404 252.351609  18.831657  34.626710  10.517990 151.063450  18.685850
 80.925078  16.904372   8.713185  14.953304  11.661502   9.755300   4.330859   6.037952  50.560102  40.719294 178.012816  16.836128  40.984833   7.910458 103.682029  21.613134
 79.153034  16.114279   9.559340  16.082121  10.817312   8.638630   5.234668   6.521540  54.090355  30.060243 182.980296  13.368867  27.366793  11.119823 131.358578  15.744510
 77.754300  19.672868   9.870783  13.808491  10.926470  12.005834   6.283265   6.418277  58.115272  37.941332 177.861013  16.383760  24.977907   8.488666 116.986521  18.076216
 86.700911  25.266146   8.602064  15.653965   9.967546   9.754406   5.581117   5.510407  63.285951  36.384931 221.898071  13.635728  27.676226   9.541132 127.208035  20.193776
109.722849  31.082192  10.433618  20.351779  12.586131  12.376607   5.797393   5.362450  43.459708  42.131147 186.761913  15.824689  28.512802   9.988791 130.782662  22.446835
 91.496459  18.053944   8.456801  16.590728   9.886756  10.327231   5.248772   5.316502  37.965162  29.979566 198.340877  17.008638  30.394017   8.522977 137.799305  16.355290
 87.800616  19.757480   8.768989  14.572216  11.059992   9.305225   4.758918   6.588351  55.748574  31.777669 185.828838  13.762162  32.113067   9.827501 184.737371  15.796879
 97.707445  19.575417  11.535575  17.865297  13.648028  11.153248   4.626774   6.072214  49.202535  33.812426 223.070682  16.589286  28.630815  10.184558 153.023501  21.168528
 97.924216  28.563276   8.622054  12.396353  10.108838  11.375393   6.266929   6.070682  59.583533  32.724029 169.862135  17.596046  26.449822   8.176480 135.519179  17.293934
 98.195543  22.249048   9.442138  18.308624  13.136243  11.035772   5.556286   6.186882  59.841663  42.958075 229.927044  24.448853  42.823903   9.340492 146.634237  22.845099
103.563690  20.003173   9.208056  18.009584  13.263411  11.323478   5.126660   5.094802  55.041324  41.296985 184.774452  17.360904  35.473018  10.737212 133.494008  21.287722
101.209788  19.669116   9.381368  16.277511   9.814275  11.932931   5.830041   5.831965  54.131232  39.522257 236.283163  15.561238  35.216298   9.343085 128.444317  19.301215
 96.669911  24.319971   9.738882  15.280946  11.026743  11.373733   6.001596   5.771877  56.228852  34.461253 204.573486  16.489205  26.948688   8.212174 140.651461  20.259967
107.644259  20.414834  11.111906  16.954407  12.353481  11.600654   5.881052   6.123527  56.919303  40.749852 208.030212  13.221720  36.171545   9.858676 149.239214  18.401234
107.656507  27.892751   8.918065  17.031709  10.198089  10.027489   5.501197   5.070172  62.457858  32.647952 175.001631  17.719381  32.678512   8.991577 147.562718  18.446868
103.899294  20.479090  10.109671  19.588012  11.512727  12.595113   6.100031   5.228155  65.652518  36.188198 212.343770  16.409087  34.497085   8.208229 131.034631  15.972458
 80.592322  25.838281   8.087311  19.676306  12.191785  12.875251   5.748381   5.650483  52.407451  31.670049 176.346202  19.211703  36.045692  10.118081 109.690806  18.060178
 85.396489  22.300071   9.837704  17.668910  11.238507  10.134105   4.777232   6.162698  54.638384  33.723285 199.720027  17.668195  29.767644  11.524708 144.060976  17.440958
106.932555  24.713196   9.324964  14.374589  10.570836   9.110330   6.445868   7.064441  56.131538  39.939185 188.488500  20.915077  31.448689   8.062453 171.972672  19.755336
 85.146459  23.697881   9.308503  18.102861  11.902186   9.302861   5.247499   8.082039  64.557561  32.868956 209.349404  15.896483  36.296539   8.787332 125.290341  18.738133
 83.115088  22.970075   9.156890  20.695612  11.973800   9.447365   5.540406   5.675712  60.752865  35.523733 195.872470  16.288350  28.962379   7.940290 127.849878  18.025802
108.630187  24.372160   9.605739  18.777739  10.063263  12.377874   5.391264   6.174403  64.786291  38.780701 218.183832  17.882482  32.179962  11.354351 177.982793  19.740034
 84.788755  23.983477   7.789104  19.615327   9.381195  10.947132   4.833210   4.935026  44.606964  32.421053 225.212436  14.904538  28.692284  10.876895 118.061939  15.532557
104.344214  19.824459   7.173157  19.393464  10.488539  10.613893   4.270644   6.223889  49.010765  38.304569 219.927860  16.633501  31.087463   9.715605 133.907114  22.412782
 96.474141  23.565325   8.305518  16.342911  15.907638   9.962396   6.704900   7.454417  45.812872  35.761394 197.719730  19.911568  32.004369   8.844495 149.420952  18.963627
114.118674  24.487803  12.632813  18.841363  12.417695  11.269593   5.014757   6.807143  64.654907  32.966145 206.244684  15.817374  34.198450  10.471421 192.359171  21.411187
107.882082  19.966497   9.452256  16.459423  12.695072  10.025840   4.457780   6.105176  60.156866  45.643184 221.945833  17.892194  32.560587   8.297948 137.943136  20.916912
117.924084  22.487939   9.085803  21.227129  11.410954  10.987480   4.677324   6.009523  61.772131  38.192210 185.412178  18.589785  34.475797   9.555359 143.557129  23.573090
 90.146860  21.250126   8.485973  20.755567   8.971407  11.722864   5.740487   6.261418  49.678125  32.764147 192.466266  20.120194  33.588390  11.766517 140.898681  17.950286
 83.466519  23.316648   8.605802  20.211721  11.651411  10.345468   5.869381   5.704205  54.872655  38.199700 216.383412  15.415316  33.645101   8.969896 135.127862  17.414170
 82.717812  21.131256   9.896587  18.629827  10.826757  11.968183   5.421369   6.055997  56.357123  36.237865 182.538139  15.299377  29.459367   6.820374 162.224994  23.267503
109.443826  20.899574  10.572992  14.705979  10.764940  11.151741   5.235545   5.919574  43.390017  38.440444 240.595162  16.397356  35.737818   8.564681 129.191681  16.183487
 99.008079  23.607336  12.079817  17.276836  11.513631  13.158008   5.625589   6.714095  48.268520  43.278463 225.209230  19.945126  31.579941  10.465910 157.208193  21.055913
