1.229601 0.402406 2.073088 0.690613 4.587198 1.185523 0.944248 0.845802 3.061878 0.034411 1.267431 3.179025 4.579000 0.213853 0.687886 0.093199 0.084253 0.048615 3.935372 4.149604 2.086865 3.106086 0.418397 0.225668 33.782962 26.575117 6.086887 0.034693 0.489060 0.282534 0.536850 
0.543320 0.201527 0.978290 5.378715 3.385385 3.141549 0.198464 0.224071 1.688922 0.925430 0.997134 5.703845 0.993778 0.079394 0.423473 1.542550 0.168129 0.787999 10.756983 0.118201 12.138566 4.446945 0.723896 0.498052 23.575812 0.261473 0.596687 0.636204 0.792558 0.451980 25.833514 2.957738 0.114090 1.249372 
0.282582 0.130500 0.065466 0.016330 1.231744 2.679088 0.180497 0.725327 0.410711 0.618100 1.644995 4.170389 0.129733 0.222843 1.435604 2.359510 4.522433 5.416565 0.110372 5.089762 0.359613 0.210798 0.335853 4.255898 8.430431 1.145537 0.845200 0.932973 0.958954 5.282330 
3.714848 1.292503 0.262010 0.638007 0.572685 6.104852 1.248589 1.424648 0.405582 1.992694 4.641352 2.042652 0.339269 10.832464 32.569930 0.813771 0.265515 1.194483 9.091848 0.020606 1.092563 0.905320 4.839695 0.440593 3.716687 0.505091 0.961826 1.156397 0.117338 11.230658 1.268300 0.125744 0.338085 0.982930 4.766235 1.555898 2.228444 1.127695 
0.111838 2.641380 7.659811 2.208858 0.415662 0.340844 18.682697 0.105877 133.954582 0.177579 9.476088 7.271765 2.143051 0.387618 11.371087 3.411419 0.042209 0.068269 1.996451 0.437635 2.322147 0.658457 2.348516 0.324367 5.929006 0.683831 22.773511 0.665402 1.700331 0.409985 1.104586 20.248471 0.389476 4.945722 13.775271 0.215717 1.264841 1.753265 0.401545 2.437769 0.019551 0.228018 1.243281 0.073704 
26.267064 3.337673 0.379426 25.053871 5.578169 3.925607 0.593717 0.543131 0.965281 1.574211 2.818875 8.747027 4.318558 0.265262 0.248570 0.452399 6.776718 0.281123 3.310602 0.039334 6.305962 0.043639 0.589128 0.990506 26.991747 59.896620 1.543278 0.064482 9.514876 0.165278 0.083067 20.122293 0.348986 9.149534 1.145087 0.600121 1.872031 0.372218 0.274304 
32.245321 0.422580 0.247664 0.328448 0.614340 0.746428 1.218516 2.066351 4.879703 0.030075 0.194198 4.456435 2.675120 1.790076 9.482450 0.065249 1.484215 0.005820 3.325769 2.423135 7.626139 0.127339 0.067005 0.377380 3.275478 0.020974 0.061683 0.111080 4.576873 6.862959 0.343716 0.218361 1.067907 
16.382952 38.074723 0.116422 0.207507 0.223270 0.272832 6.074716 0.440831 1.121303 0.903830 9.186092 0.194077 2.219047 6.628716 0.422686 1.060878 12.570575 0.580431 0.132342 10.384963 30.617529 0.115407 0.584053 0.040582 4.506305 3.087102 0.423730 0.130264 0.207883 0.999746 4.695801 6.124700 1.054110 
0.312030 3.540250 11.107068 0.503056 3.226619 2.953902 0.628803 0.670670 4.260000 1.255738 0.651110 0.719368 0.473838 4.852575 2.046915 1.472709 1.162245 3.412066 0.307458 1.575363 0.576126 1.116794 0.593225 4.416434 1.008745 2.047708 1.345312 0.559163 15.658393 2.428970 1.719865 2.023039 1.331877 0.537283 0.729178 4.101437 0.547296 1.371782 1.234373 1.153134 
4.401278 0.352519 6.851537 1.260504 1.258175 0.796786 2.748844 1.510875 0.334155 0.386263 0.311928 0.114728 0.165168 0.978587 0.987890 0.081293 1.320022 8.861893 21.708133 0.105835 1.823032 0.277768 13.113473 23.876837 0.173013 0.651593 2.169777 0.413497 0.684641 0.985543 1.867444 9.384406 0.335733 0.714218 18.198220 1.467586 0.455373 0.846717 2.680615 0.336239 11.723845 
6.405381 0.885723 1.590843 2.400864 3.802238 1.138390 0.069400 0.427743 1.413585 2.607804 0.649153 0.613355 1.442974 3.317442 0.245497 2.463588 0.389274 2.059258 3.290442 1.191744 1.681348 1.518043 0.127807 0.837459 0.413680 6.442262 7.962129 2.999719 1.483230 0.245873 0.151420 15.598295 0.630935 
7.771937 1.197964 9.639425 0.871166 0.902606 5.271929 0.944382 0.881933 3.920295 0.419637 6.104258 0.971718 8.944567 2.861680 2.008626 0.719867 1.250786 0.374829 7.198455 4.424884 2.618969 0.942770 2.218118 10.817441 0.625507 3.824338 4.053734 0.147763 3.089719 0.466496 0.249738 0.152131 3.285621 2.425796 0.144805 0.833524 
2.377301 2.365053 0.556177 1.532340 4.643176 11.202783 0.833781 4.941327 2.300989 2.299216 0.962196 1.476425 4.064785 3.711709 0.523285 6.714252 0.631692 0.705315 5.361852 1.169204 0.615808 3.794500 2.004279 2.198113 0.604191 4.372482 1.585009 1.589520 8.355093 2.240749 
0.597463 2.638846 3.731282 0.025281 3.877445 0.174729 2.588991 1.616427 0.556721 2.830146 4.846271 1.048476 19.714990 0.107404 0.822626 25.065497 
11.593628 2.972133 0.139468 0.076708 8.181872 0.316209 0.739492 22.969510 0.332398 8.363535 0.356444 0.887163 74.908636 4.293248 0.230820 2.984414 0.107055 0.350818 1.006726 0.039632 0.449750 0.372472 0.024658 6.192158 0.839107 0.786252 2.468389 2.913659 0.128737 3.864542 
3.658289 1.246210 2.699077 0.450841 1.656028 1.806623 2.635926 7.202051 0.749788 1.406921 3.077207 0.576719 1.178652 7.360845 2.530140 3.404993 0.956921 0.959736 1.164481 0.728126 0.115782 0.520048 1.429337 12.257400 0.714616 0.773780 
3.244632 1.481718 0.406714 0.708831 7.446072 1.777225 3.677360 0.880923 0.477704 3.807972 0.859382 0.997303 1.441334 0.506464 0.619466 0.332349 5.862150 2.909949 1.693353 0.790281 3.497693 0.339236 2.327529 
1.590730 1.094879 3.803529 0.702744 23.857457 11.981377 3.975767 0.037235 3.950289 0.027395 0.308666 0.009091 2.319574 0.119363 1.087821 0.285845 5.354903 0.944694 0.320606 4.152505 0.089849 0.404125 1.065867 7.432036 1.640978 1.212251 1.694172 0.689241 6.707586 0.595140 2.233127 0.160836 0.655914 0.502741 4.340601 
0.466501 0.484273 0.249401 4.576476 0.589847 0.438197 4.602960 1.645534 0.210776 1.543741 0.105491 1.349187 1.207243 4.878859 1.149924 0.884240 9.176767 3.260509 1.189309 1.247545 4.378935 1.889623 0.545158 0.299308 0.305907 0.688207 0.654818 1.025471 6.811764 2.974274 
0.099422 1.381494 1.339773 1.535980 0.194008 1.763569 0.481002 1.327666 0.258766 4.257795 0.293416 0.301306 5.156525 0.199334 0.317858 0.367691 6.143937 13.700949 11.634165 4.168572 3.166021 0.178569 17.923305 0.212496 30.057793 0.260808 2.176170 0.112074 3.965168 2.012313 0.552668 4.748076 251.901782 3.246499 0.173847 
7.974289 0.036554 2.508937 0.239676 0.815823 0.632524 0.177431 0.104129 1.529309 1.990780 14.937318 5.003085 10.531177 0.877004 0.063992 1.246571 0.991549 0.624721 49.111457 2.742010 0.277736 0.522937 0.076134 1.257233 0.188934 0.022413 1.742824 
2.148173 1.137706 12.586646 2.525526 1.050165 1.004292 2.165746 1.238141 5.570031 2.446344 1.792179 1.694867 1.966555 1.475402 2.534913 0.335598 0.199494 0.947295 4.675322 8.205859 2.058570 3.050410 2.864316 0.985250 1.563120 3.401265 0.695196 3.612463 0.970793 0.610135 1.882136 
0.444144 3.009830 6.127501 0.039634 7.965878 2.554077 2.183753 2.282101 0.113992 38.146545 0.895016 0.995176 3.216935 0.479771 0.122235 1.050163 1.393282 0.458903 1.301570 0.496030 0.085187 1.741711 0.932409 10.748165 0.833540 0.381970 1.374091 4.279130 
40.083744 10.326453 0.343088 2.456817 0.417339 4.073156 0.338614 0.490484 14.965064 1.940818 3.036747 2.993430 8.194190 0.795589 1.045144 0.922983 0.626534 1.387685 15.048407 2.910839 0.726259 0.556180 4.693549 1.499667 0.300792 0.717206 1.109834 0.127380 5.520177 
13.709790 0.004448 1.087155 0.098996 0.196517 3.782666 0.204548 0.631926 7.307477 0.732270 10.061182 0.309341 1.278052 0.147863 0.995990 3.487917 3.135478 2.284708 1.062717 0.546726 0.247553 0.457532 7.333941 1.471163 0.119597 0.259423 0.906159 1.879017 1.168471 1.615839 10.466875 0.116154 0.350345 0.824004 0.080856 0.944658 5.180832 
4.043936 0.561207 0.869870 0.719300 0.414881 0.368520 1.006390 0.515503 0.054104 1.115656 2.059630 0.829859 1.630726 28.699943 0.538530 1.197286 5.743308 2.049526 0.246878 4.291132 0.169323 8.744291 0.157431 0.615373 7.590815 2.422007 0.656549 6.140205 1.432466 3.331940 0.524391 0.490891 0.662652 0.437115 1.279272 1.701841 0.168362 0.744706 12.864677 
0.030800 20.784262 0.825824 0.046657 2.936058 0.263592 1.690216 0.584727 0.116639 7.548199 0.387342 0.031805 7.782830 251.962127 0.595167 0.059512 0.377584 0.059444 0.610069 4.731468 0.109271 0.035011 44.521114 15.033755 0.166053 37.094684 0.108817 4.591017 0.107417 19.199867 0.028966 0.027417 1.208287 2.327696 0.052362 10.531041 0.070632 2.414781 1.543756 1.149678 0.253745 
2.131982 2.689095 2.344211 2.375107 0.192535 0.059261 2.347083 0.378465 4.833470 1.811522 1.066272 0.268179 0.866343 3.291944 0.020005 1.548155 6.275409 0.609320 0.219236 0.239088 0.604039 0.052169 0.081766 0.959301 0.002320 2.917464 1.927521 26.805918 19.904605 26.778163 4.614763 0.145000 0.716718 1.469414 2.094940 0.204756 0.977503 0.014175 1.132661 0.236380 0.356521 10.479997 
14.381369 25.897878 1.587331 3.549388 0.407366 0.427582 4.913629 0.096509 0.345085 0.448871 0.773076 1.545493 2.742497 19.783105 0.460624 7.086250 3.032679 1.807310 1.016013 1.794938 2.423175 1.038571 0.814252 0.027098 0.022021 25.290489 0.167096 6.491387 0.260320 0.177581 
1.000856 1.594406 0.129123 0.427439 8.058223 0.395075 3.604921 1.544675 0.088489 5.070586 0.095983 1.092722 0.056349 1.091867 2.576183 9.183062 2.261145 43.503677 0.045239 0.992298 0.822660 0.341748 0.235044 0.502106 0.326637 5.571483 3.373388 
4.433066 1.508677 0.082409 1.047342 31.640631 0.005780 11.912327 1.704538 1.016507 0.017351 0.364978 0.342966 0.814869 0.574253 2.603045 0.476530 148.119059 5.452515 0.336148 13.834217 3.475299 4.075869 0.580897 1.069817 0.107504 29.378741 5.595126 2.462014 0.045792 1.702683 1.441615 1.624239 
0.290318 3.369602 3.375605 0.246522 0.617742 14.004120 0.955500 3.066431 0.275911 0.054873 0.900226 0.330190 1.450844 748.944944 2.403564 2.069378 48.750941 0.214295 1.427161 2.220836 2.176203 3.651151 2.302631 0.927022 0.201835 4.709111 6.612310 0.256075 0.466310 4.883486 6.936632 1.476799 
6.009791 0.341650 0.530218 3.395443 1.461374 12.041607 0.033763 1.299223 0.752870 1.431495 8.149840 4.727275 0.709664 4.362636 0.254835 0.007752 2.195217 3.474374 0.611312 0.679817 2.144079 6.389358 2.774032 2.959720 0.475870 
0.196609 4.102284 2.241174 0.302848 1.799200 1.365620 3.485052 2.010705 0.263953 3.580169 0.396947 3.339067 0.612696 16.146990 2.008274 5.791538 2.153831 0.493681 1.465738 0.530723 4.585877 1.301042 2.049835 0.064792 2.013215 
1.030521 0.126577 2.553341 1.965152 0.182139 0.316004 0.703861 0.135501 4.323922 2.767540 10.003885 4.346492 4.654164 2.429693 1.726162 0.254238 6.878977 0.886914 16.645126 0.220458 1.835116 1.833616 0.496549 
0.517336 1.535260 0.828635 0.481003 0.098627 0.642377 0.702796 3.630144 3.143126 0.652470 2.736989 2.835698 
2.854097 0.691906 1.644157 1.243536 3.493174 1.878880 1.763196 6.972067 4.432552 0.033202 0.627390 0.425203 0.911763 3.958924 1.313988 1.891137 2.229028 1.463537 
2.880454 0.716141 0.051241 2.361570 1.856748 0.981256 1.283805 34.014833 0.792250 0.255670 0.924301 4.250004 0.289405 0.086534 
4.239076 0.798500 0.062330 3.255768 0.151211 1.891176 4.784081 3.656008 1.358273 0.856779 1.784408 
5.511149 1.420789 1.041388 2.438807 5.417956 0.904505 2.454711 3.964273 3.531745 4.903958 1.041147 0.471101 3.123438 0.750831 2.340102 1.150788 
3.039952 1.890817 0.825506 5.149152 0.422976 0.437204 0.192090 18.304014 4.525939 1.411617 
5.721170 1.344071 5.418387 2.869403 6.916340 0.100691 6.544603 1.475093 
2.662522 1.328763 1.969601 1.828207 0.263668 1.280021 2.913648 0.347458 0.702428 3.498602 2.048733 
8.645587 0.107371 8.237201 2.183233 7.549867 0.148486 0.549997 2.911230 4.663888 
0.880367 0.746595 2.986455 20.680812 0.819229 0.183996 5.822786 22.272787 0.605482 1.268584 0.613463 7.848289 5.287684 3.922915 0.561095 1.885596 1.501262 
46.135349 0.386477 0.532190 5.236767 4.470339 0.924786 
3.777405 0.538513 1.836275 3.030385 3.147022 1.793232 5.733003 1.825640 
2.080097 0.420889 0.219759 3.962002 2.690419 3.304045 4.956009 2.692182 0.545606 0.177958 
0.801916 3.109789 11.829421 0.236129 0.692664 5.658369 1.268599 1.044058 0.100946 0.653839 
0.099225 5.812443 2.780752 2.040706 0.430167 2.149469 0.579818 0.535865 
0.278830 4.560953 4.639912 0.396091 3.446511 0.557942 0.331214 3.977184 
6.900002 0.302546 0.778891 3.392356 2.445715 8.861026 0.340733 
1.202642 0.246403 0.665243 3.165704 18.542514 0.315276 3.460423 0.147165 
3.257466 1.398576 0.560399 2.799873 
3.087017 2.176108 0.246069 1.282955 3.527857 1.988629 2.236406 20.122312 2.788975 
2.090535 0.206526 0.580728 3.153319 0.455204 3.052167 3.842495 5.103308 2.336327 
2.597542 5.068620 0.279931 0.390832 3.221795 3.070752 3.432262 
1.149351 8.210249 1.647319 0.242453 1.820323 0.772859 2.907922 0.587338 5.019700 1.400665 6.310704 1.466800 0.298862 0.730908 0.382048 4.376049 0.458473 2.912445 0.555840 4.890327 4.899076 
0.120350 0.081619 7.368818 0.577650 1.549920 17.200587 2.024474 0.020151 0.619158 1.115798 3.030875 2.023737 6.001060 0.046531 1.754092 0.306336 3.308628 0.243386 14.151897 
0.121482 2.773616 4.404729 26.688707 0.605285 0.824718 3.650962 1.581048 15.622532 0.660365 0.450804 4.253022 6.876379 0.306787 2.523962 7.442674 9.661878 
0.616459 4.283432 1.899878 3.074364 2.999566 0.747449 2.339556 1.602672 7.041372 0.850656 0.256775 0.442439 1.007042 6.907382 5.539525 3.567641 
3.805869 1.497493 11.978717 0.217446 1.768780 2.184509 1.677659 6.940241 6.364942 1.811424 0.467436 0.610357 1.221194 
0.688275 0.108311 5.820003 2.837403 7.355621 0.116586 0.660362 4.709569 1.055413 1.833551 4.722600 3.176153 4.207249 0.912991 0.863614 
9.640905 0.346818 10.474904 2.603646 29.367511 0.254414 0.150676 3.464772 0.101453 5.089355 0.625083 2.370615 0.434141 
0.493211 1.489139 7.070669 0.289304 1.524574 2.857392 0.305984 1.137431 0.608550 0.911049 2.462206 9.825961 0.945265 0.115073 0.421228 1.467830 0.821504 10.005871 3.584172 5.229454 8.473508 3.367235 
8.078250 27.916002 1.388958 0.419960 2.916423 0.341860 0.776924 2.639298 0.119208 0.524732 12.195378 6.439068 0.107150 0.412547 0.600502 2.176153 0.015753 3.065497 9.274873 0.171586 7.090293 0.445590 
11.771875 3.871991 0.550282 0.156573 4.652070 0.910252 0.671977 3.929983 0.736628 1.721549 1.758619 2.116164 12.337569 3.408119 0.716002 1.301947 1.119659 0.695998 
17.033931 0.990221 0.073142 2.615368 3.955316 16.404709 1.941586 2.283142 0.560332 3.176116 0.623111 1.548057 1.362163 0.613200 3.019550 0.251265 1.009353 0.533537 1.226611 2.060030 0.281867 2.190140 0.916210 0.648263 1.769356 
1.329858 12.496141 4.077646 3.305650 6.604419 0.588470 4.909172 0.654325 0.971122 0.762379 0.264537 1.650820 7.771736 0.500585 3.627249 5.421651 3.925022 3.037061 0.513667 1.903952 2.255592 1.222374 4.843501 7.391227 0.350764 
0.273034 2.895283 0.513092 5.020912 0.259927 1.371537 4.105046 0.488535 4.065384 13.173880 1.312440 1.958310 
9.331086 2.201787 2.804375 2.375911 4.947154 2.223163 1.062974 1.482606 3.218354 4.158104 0.439092 2.263683 0.454471 10.710406 19.887289 3.279288 
2.076094 30.493986 2.018417 4.439560 1.303234 1.451014 0.079733 1.176681 2.842267 6.612598 0.260174 0.648817 0.510039 18.309309 
7.498342 0.978720 3.384687 2.555605 2.082614 0.680771 4.162628 1.127496 1.730423 2.811603 0.377704 0.203195 1.158806 2.241037 0.612994 7.236069 5.469192 
56.238803 0.685539 0.534229 10.142641 0.164944 11.975984 0.673221 4.069743 13.864941 3.248009 1.545619 0.118017 0.836385 1.580666 0.233687 
0.318736 5.068380 0.753160 30.070792 0.310973 0.851246 0.834924 0.700599 13.352081 50.772447 9.101796 2.634256 0.649372 0.308849 55.292989 2.210775 3.702720 2.175714 2.787313 0.113512 
0.804031 0.592695 7.824669 7.801581 0.220304 1.686436 0.472985 0.489117 11.277626 6.146848 1.862848 0.079296 0.350809 0.262996 1.317044 2.028110 0.639154 0.040350 0.225807 
3.637673 0.462384 0.276492 1.423854 0.400967 2.212221 4.787855 1.286532 0.907289 0.395498 13.069148 1.677717 62.638188 5.308142 0.082361 1.091439 0.060830 2.960067 0.256393 
0.133468 3.916390 1.085127 1.008604 1.640049 2.733874 4.702243 0.187970 4.645585 0.345488 6.496564 4.106949 1.138649 15.202789 0.572716 2.667921 2.691830 
1.386472 1.774718 0.424909 4.890391 3.115014 1.267626 0.536439 0.197064 0.914260 4.471990 0.103087 4.974963 3.123524 0.350348 4.312001 
0.152871 10.148316 0.368968 0.441561 1.076744 2.243458 1.662220 0.179026 0.359447 25.364935 0.084565 5.189361 0.137338 1.326126 2.897837 5.452840 0.950095 1.153513 2.484494 4.453865 0.905191 0.049201 2.666981 
0.086885 0.713878 3.989338 0.637150 1.096407 0.542285 0.471395 0.392750 18.388765 3.818516 0.081746 0.336823 0.156676 3.046006 1.851323 1.523085 2.444525 4.252730 0.144502 
1.904924 0.054089 0.246511 1.139441 0.456224 2.173484 1.795351 5.508723 10.061757 0.562676 1.127664 0.116253 9.249543 1.371098 1.014295 1.187786 1.571016 0.048870 19.772992 2.421541 
0.556415 0.835825 3.511102 12.682145 8.093531 0.361251 8.107975 0.313907 1.006416 0.345240 1.456198 0.739458 2.452927 0.968300 18.469948 0.603125 3.245632 0.332843 2.223704 1.875446 0.355539 
0.299934 1.275523 0.547836 0.776637 0.433447 0.411500 5.556765 4.837748 1.671047 0.532379 0.814290 0.945924 0.470551 0.045500 0.116849 1.770649 2.465634 0.366786 2.638674 9.832137 12.184399 1.548085 0.567854 0.743809 2.243290 0.556222 1.666951 
1.094448 7.834648 0.640812 0.562237 0.372394 2.991039 4.146927 1.223478 2.868763 2.715807 0.793783 0.610171 4.773186 0.187694 0.160007 1.515701 1.667338 1.958490 8.728485 1.148546 0.953549 3.025275 
1.075972 1.140711 2.533139 0.137559 2.492247 3.579156 1.697279 1.500947 5.940665 0.452679 0.494018 4.532422 1.857347 0.245061 0.164014 0.501639 1.211472 0.303184 0.730571 0.797089 8.789799 3.910966 0.292119 0.242032 6.377105 
2.565740 1.131671 0.336203 8.094738 1.113331 5.042361 1.402341 1.970655 0.416696 0.676366 3.149278 0.040898 2.232896 3.622976 2.137026 0.417279 0.208055 
1.776192 0.799838 2.531976 0.049661 3.192997 0.741656 2.277799 4.935819 19.192079 0.627365 7.915480 0.948555 0.161451 1.466499 0.249199 
4.795025 0.808889 1.467188 5.281863 1.895205 5.515169 0.184976 0.276266 34.230406 1.151547 
27.939070 1.080587 0.303144 13.145094 6.372084 0.702265 1.581926 0.167839 2.504966 0.262817 3.807173 0.312790 2.671504 0.165668 3.593169 
2.169603 4.196026 2.361898 1.106590 3.387797 3.497681 2.235987 1.511455 1.585014 0.313992 3.661638 
5.240327 1.413091 1.488614 10.346473 0.917703 0.335814 3.361034 0.922582 0.304143 0.198240 0.502737 2.140625 3.185201 1.496000 0.441424 3.604548 
0.391212 6.109138 2.222057 5.094283 1.262481 0.173644 3.709444 4.174576 0.264015 1.045072 4.069939 1.023710 2.269467 1.027199 0.220728 5.377947 0.668684 1.462762 1.437687 0.642522 1.140784 0.764107 0.287383 
1.479994 2.133589 3.572515 23.961337 5.982425 1.043656 1.452568 0.998584 0.190923 0.189953 1.429761 3.603265 3.162760 1.150308 0.751768 0.065930 3.246709 3.497122 0.165908 3.235467 2.870007 2.630277 3.762214 0.192855 0.615303 1.170229 2.790692 3.310271 3.797098 0.224080 3.569678 0.962924 0.796105 1.926985 29.764571 0.801773 
0.746991 0.595564 2.548669 3.262778 0.355318 0.065435 0.481996 0.713341 10.201963 1.746200 2.383598 0.336356 68.311182 5.418114 1.295618 0.621566 0.894911 0.407244 1.069263 1.520393 0.010219 3.023737 1.089400 6.326538 6.844829 1.778964 1.272617 13.546385 1.241898 0.395515 4.369231 4.823780 0.234629 0.214480 0.237918 
0.088438 9.042309 4.208565 0.050768 0.278465 0.976354 1.152475 0.539637 1.482800 4.340185 8.406377 0.009674 1.775729 4.573258 90.091088 7.263409 59.284914 3.426723 5.754515 2.788340 0.670221 2.398860 18.867751 0.906361 1.749752 0.251375 4.917907 6.238954 1.141713 1.216074 0.923325 0.811576 4.246097 0.459526 0.026854 
17.465623 0.601168 0.012800 6.678007 0.021749 1.178675 2.469437 2.137608 0.552781 6.803785 17.400382 0.180992 0.007966 2.197270 5.461941 0.050213 22.105726 16.409169 0.293997 0.213655 0.323256 2.309386 1.855525 0.190635 2.073671 0.383939 0.616493 0.420446 5.123879 0.901139 0.828783 
0.329467 6.331985 2.938041 0.639466 7.449328 0.235128 1.245761 8.417741 0.522320 1.530632 13.117287 1.939584 1.743126 0.840338 0.242563 0.753132 2.913402 0.724579 1.103093 0.950135 0.575547 0.126201 4.299340 0.723240 2.914562 2.019801 0.234122 30.934899 0.239091 
0.249016 0.227024 0.198352 0.482949 0.317897 11.300434 1.945406 1.598611 0.650281 8.534900 6.319544 0.094421 6.350541 1.096678 0.870782 4.568950 4.024679 0.013089 8.022442 0.964713 0.765829 1.791270 2.299519 33.897249 0.120079 0.892511 1.138976 0.763672 
2.665361 3.069427 1.191874 2.989889 0.055746 5.803264 0.135962 9.639512 1.542116 6.648426 1.565932 0.683325 2.359515 0.169556 0.772886 0.262085 13.612298 0.708756 3.901756 0.269454 3.629807 0.908212 0.685359 
