 87.052651  25.739465   9.355248  15.944285  10.233544  10.900072   6.212563   4.600637  51.975683  37.513878 252.481560  19.221811  36.401820   8.384012 115.860596  17.240704
104.640193  19.520732  12.456950  20.987577  14.490593  11.777586   6.195201   5.900005  56.533675  34.787121 230.960751  18.326130  37.326626   8.815854 140.307765  23.078062
111.757627  19.094863   8.572627  16.417027  11.453841  10.487805   6.732717   5.700644  66.211366  36.649647 173.633200  17.215164  25.762816   8.315000 150.154538  16.998765
105.412571  17.704553   8.976539  17.424155  10.055298  14.183463   5.860048   6.218020  63.249482  36.226191 198.392790  16.802173  32.792040   8.888783 134.661459  17.698562
 78.205411  23.371355   8.972413  24.440788   9.106334   8.814226   5.389271   5.879468  59.898465  39.755043 179.494234  16.260230  35.992146   9.237558 104.756210  17.703553
 96.507604  21.573092  11.152004  17.593238  10.144677  10.122721   5.352013   6.339912  48.028742  30.198915 236.320892  16.861713  36.127073  10.322209 138.501628  18.312262
106.554205  23.287482  10.321914  13.554970  11.260312  12.241459   8.133886   6.690082  60.012521  37.400708 195.413451  16.903842  26.254330  10.006980 130.660748  18.366833
101.066227  21.685451   8.679812  13.142018  11.457742  10.241266   5.180328   6.508600  44.824316  38.668378 185.029006  15.708557  31.080128  11.060157 150.010261  20.722297
 92.042600  21.059645   9.512159  15.623691  11.499488   9.603236   5.213930   5.896064  66.554801  50.923380 164.552175  19.605406  28.423062  10.083776 121.224208  19.487849
 88.446233  25.659633  11.545640  19.603151   9.777247  12.134134   5.654464   7.260423  61.803631  37.738779 270.489679  19.395798  29.812411   9.247002 134.169338  18.553455
 77.297681  17.174076   8.252810  13.895053  10.488277   8.349803   4.577472   6.240480  52.851627  29.101572 245.875625  13.338547  26.712323   8.310894 123.135592  23.260598
 83.993242  24.932149   9.988296  14.385961  12.111559   9.745751   5.839615   5.673610  53.414534  33.109671 242.563137  15.167575  29.215534  12.163655 134.269429  19.944758
128.069860  23.148648  10.287283  20.964942  12.603412  11.314983   5.860503   6.277183  69.774808  36.908505 254.069654  20.622526  40.926879  12.706002 163.262223  24.903921
 87.211350  17.705425   9.206340  21.526621  10.135158   9.884434   5.452166   6.400113  61.623221  40.123115 193.724642  15.747648  32.932041   8.740190 143.934971  21.570836
 91.978293  22.889293   8.646712  14.925289  12.612628  11.426983   6.296957   6.405270  58.988671  29.892904 166.839008  12.650065  30.420343   9.851913 159.797482  20.909940
111.293249  23.960449  14.021263  20.505036  11.028830  10.850428   5.484788   5.506922  69.253511  42.887070 159.077275  17.822453  32.474430  10.758047 155.470201  22.519542
 95.812207  21.558493   9.745422  17.790376  12.688009  10.537221   5.861507   5.554250  52.093510  42.742318 182.460778  16.557378  35.248579   9.564774 140.757115  16.175920
 73.020825  22.236347   8.508749  13.157231  11.739396   9.894489   5.370177   6.281489  61.470019  39.117749 183.127044  15.408728  35.788575   8.416785 123.791843  17.975111
 93.516795  19.558794   9.208510  18.541229  12.277798  11.008762   4.611152   5.609831  54.199707  33.707599 177.612986  21.264572  32.482633   9.090621 109.065042  19.480359
109.807324  23.536423   8.820120  16.041133  10.152443   9.575833   5.331852   5.459292  57.334617  40.970171 183.732590  15.522662  28.590802   9.796690 127.253670  21.160525
 80.234096  20.595661   8.616383  16.353673   8.046990   8.511558   4.913031   6.362643  47.332887  36.932732 187.536652  13.900970  30.632205   7.985008 112.962966  16.419952
102.704399  21.677055  10.298354  18.492013  10.740767   9.284363   5.208610   6.072311  52.370760  35.090189 251.479931  18.687694  36.707003  11.636617 138.926016  22.025506
110.539227  23.136592  10.034143  15.241190   9.641681  11.437861   5.151056   5.829142  60.186166  40.398967 202.463327  17.080896  28.232390  12.326322 157.408434  23.283914
 89.112186  25.722447   9.000549  18.499259  12.617428  11.223443   6.223440   5.589633  53.729907  31.582114 164.634799  17.626877  33.668116   9.073967 125.738949  20.726737
 77.907433  23.006240  10.426209  12.813376  11.215895   9.566459   6.193672   6.489737  44.780494  38.534844 199.527018  19.473277  28.390201   9.862674 124.944372  20.513015
 98.509841  20.796749  10.151822  22.721264  10.475688  10.683529   6.732213   6.146136  46.120268  38.007786 239.198587  20.175065  35.264011  10.021939 129.414080  18.693418
 76.866252  22.291123  11.436757  14.184139  11.332541   8.886071   6.281128   5.778657  62.021810  42.981073 229.548132  16.386245  33.126558   8.621959 131.392875  18.991374
102.488517  16.595305  10.213063  14.742974  11.173599  11.065633   5.452866   5.677997  42.423187  31.045304 193.726513  12.196574  30.564476   8.214793 102.601816  16.864594
 95.810264  19.331092   9.895356  16.212501  12.121144   9.435644   5.648256   7.788928  59.456497  39.407643 179.701168  16.262633  31.969156   9.035275 117.492087  21.208132
 73.502704  17.427163   9.083608  15.032949  11.365787   8.920923   6.828088   5.635556  45.081325  31.000338 214.571300  13.345876  28.734822   8.508264 124.583314  18.620359
 98.498719  21.128874  10.959481  18.832543   9.109709  14.378632   5.606535   6.333867  48.324427  34.972164 210.722696  15.192256  27.911659   8.419012 135.603444  19.240284
 82.366939  20.513132   8.917800  16.291855  12.037022  11.713933   5.196314   6.957358  61.666575  38.186198 196.487249  18.199078  34.866523  10.597799 122.830756  20.615966
 73.814563  21.574548  10.318449  16.195775  10.034107  11.065296   5.852784   5.327126  78.592666  35.154200 190.050093  18.028653  30.598165   9.239763 128.851341  16.228368
 93.515075  22.520952   9.869687  18.681658  10.770186  12.088730   6.172099   6.386610  55.601621  35.727466 220.252106  17.838260  29.602938   9.693012 121.995858  17.244130
 86.452362  20.896531   9.876653  17.129241   8.386112  10.937260   5.487012   5.326330  57.690590  31.855290 217.265572  15.873204  33.515521   8.974633 161.161853  19.759001
101.321367  21.914483   7.255841  17.447278   8.617475  12.061458   6.541081   4.520167  53.196592  34.956469 187.878422  15.792060  35.786185   9.360352 109.994300  23.009482
 98.486528  22.961481   8.342430  15.696413  10.141919  12.268765   6.132038   5.462422  39.979406  37.222026 230.140937  14.219912  29.571283   8.637138 105.548253  17.861116
 82.182591  18.527498   9.522487  17.592148  11.977213   9.322490   4.929967   5.046472  57.075748  29.769769 202.103618  17.032148  28.630487   7.625582 149.681974  14.922382
 71.407737  22.362631   8.264809  19.962504  10.979288  11.654528   5.676515   5.367156  52.851745  32.799695 181.580781  18.326559  32.294185   7.176305 115.905979  21.015055
 88.644302  23.184813  10.710611  16.245577  10.731774  10.046801   5.525370   6.287080  52.032498  35.784508 214.452798  13.871950  28.352333  10.877891 138.276000  21.727324
119.624340  20.135471  10.577034  18.148395  11.351866   9.079478   5.316343   6.295382  51.066987  30.124027 188.773934  16.725260  33.724160   9.704840 150.624986  22.892221
 98.906436  23.283905   8.743314  20.042206   9.262194   9.791261   5.325197   5.646055  52.301583  43.412320 223.473405  16.718801  30.627985   9.998527 138.621135  25.056547
 85.916198  23.884636  10.162636  20.568754  10.258821  11.755898   5.721822   8.253613  49.767870  37.631147 297.609018  20.534556  33.704567   9.515754 153.607765  20.323868
 99.634267  21.145515   9.647521  14.515599  11.984389  12.895003   6.535901   6.007194  58.801371  43.581421 193.001094  18.979468  34.022244   9.893446 136.804806  18.984186
 98.238267  21.114233   7.695093  18.247242  11.815591  10.937720   5.011658   5.760461  60.880424  36.662481 252.091250  14.972993  37.411447   9.543019 125.088618  17.105127
 94.453253  26.217499   9.215227  19.829058   9.034059  12.217887   5.285181   8.093560  54.810131  35.278373 247.136121  16.400260  30.626411  10.998388 118.189166  22.094821
 86.994721  24.226482   9.263713  18.892887  11.118117  10.708818   5.727735   7.788314  58.460713  34.068930 235.751982  15.002856  32.359448  10.625052 109.318410  20.357112
 78.895414  19.665310   9.688215  16.844424   9.976938   9.460988   4.729144   6.172966  65.750990  31.112924 203.899517  13.919140  28.079556   9.818422 130.912939  17.640439
 83.786387  18.781330  10.203645  17.601469  10.099371   9.742418   5.060677   5.558848  55.564393  34.838394 179.159154  15.000968  26.764217   7.866623 145.310867  21.023209
 88.551692  26.666951  10.862229  20.610686  10.920163  12.080489   5.860551   7.089125  52.625343  38.480841 215.042842  15.271737  35.625736  11.539695 130.326339  20.707659
128.085226  23.230557  11.267000  17.266781  13.467627  12.141649   6.491641   7.100653  53.700653  47.630764 225.764521  14.694281  31.412041  11.462455 146.637708  21.397982
116.750734  24.466023   9.511623  18.694320  11.108632  11.348285   7.484498   6.296825  57.153797  41.059629 223.346194  14.779415  32.750178  11.291782 144.342650  23.720939
 81.547400  18.094123   8.986834  14.518031  11.327482   9.685822   6.676898   6.002413  47.229162  36.535999 205.522178  17.411912  26.844993   9.551280 122.584928  15.274543
112.319714  22.921324   9.402421  20.631453  10.021008   9.962756   7.954029   5.772207  50.159328  40.933582 240.774419  14.365100  35.473621   8.244156 133.064817  18.839268
 80.168920  19.752724   7.914306  18.059662  10.337859  13.619141   5.156934   3.975965  69.497390  36.089994 159.849376  17.299669  34.241583   7.556235 104.132233  19.677210
 86.818127  17.117371  10.504483  20.448022  10.936427   9.848028   6.920739   6.062693  59.115782  27.853350 203.797957  14.643575  39.188714  10.163218 119.801261  19.596606
 84.553206  23.318544  10.403646  14.445715   9.727601  12.480977   5.410030   5.525409  55.056248  44.220656 181.314278  16.362706  28.991176  11.229490 117.422176  17.217337
102.894627  27.888652   8.289775  19.021127   9.870349  12.197680   5.567418   6.254278  58.671093  39.154575 222.697977  15.981302  35.043709  11.091982 131.818597  23.023444
132.955862  25.660753   8.550710  19.158403  13.990764  11.735370   6.976492   5.555228  52.495153  26.458612 182.795884  17.402260  25.938356  11.723873 140.029722  21.458303
 96.619571  24.699674  10.100676  17.966406  12.062681  12.283029   5.656050   5.959256  75.173689  38.663879 186.117394  17.654612  30.893455   9.333711 119.726166  20.884734
 99.904892  17.454994   8.970442  15.695536   8.644955  15.013527   5.978481   6.054528  55.405952  34.306731 161.846623  16.117824  25.139605  10.947178 128.740857  14.125358
 96.263801  22.272600  10.175282  17.885645  10.391838  10.416239   5.267218   6.902622  60.867198  35.785599 221.481849  18.483921  35.897128  12.265222 125.097201  22.817138
 93.000061  20.557317   8.063592  19.567442  10.281598  11.803891   6.003198   5.678214  46.151738  32.120071 183.326105  15.441463  29.362133   9.077591 136.004799  19.615700
108.268899  20.636394   9.044936  18.183051   9.756403  10.253204   6.429206   4.818667  59.693139  44.723682 198.497531  16.439257  30.108269   8.855404 148.344461  18.620975
 76.628125  20.064413   8.956028  15.662137  11.132171   8.652629   5.704907   4.934174  42.591920  31.114447 183.945379  14.810064  34.564909   8.046445 118.598413  16.161727
 88.654247  29.728801   8.319196  18.986523   9.921828   8.025292   5.484774   6.767258  52.014777  36.328052 241.363433  15.831473  32.019501   9.530124 123.839939  21.923557
116.504104  19.406974  10.697451  15.419834   9.685803  10.534678   7.915793   7.121319  53.043699  36.492634 220.298551  19.729840  37.175734   9.143468 159.828948  22.446302
101.240140  24.012338   9.845175  18.601160  11.561179  10.066615   5.595229   6.157016  72.154336  46.196870 185.524372  14.006450  29.472349  10.785533 178.582692  18.514511
 85.076650  25.262196  11.069322  20.821423  12.142765  10.615810   5.623011   6.537838  50.620307  36.073718 185.620834  15.495649  37.000439   9.978388 146.705448  23.054120
 88.920091  20.129274  12.041358  18.826493  11.789638  12.606485   5.566244   7.444033  52.749885  39.287916 222.012119  19.806604  32.005293  10.124679 115.560028  21.662706
112.008175  22.323999  10.539574  18.948236  12.137167  10.356883   6.169664   6.458280  57.727946  33.432864 198.733183  15.367064  36.616163   8.820133 128.696831  22.438444
 98.571293  23.077608  10.916176  14.801234  11.287452  10.658212   6.848581   5.467241  51.469480  43.067931 188.887920  16.593024  34.272150  10.408728 133.980707  21.677216
 91.481478  20.412613   8.901168  15.446213  12.068871  10.264237   4.928340   6.821555  59.629934  33.188981 205.233953  16.064323  31.575711   9.599668 129.866076  24.986520
 96.926763  24.156014   8.903922  15.716104   9.574897  11.581035   4.902360   6.017780  61.369632  28.641374 222.711360  16.647687  37.838959  10.743698 121.391751  16.837075
116.147911  22.618843   9.800103  18.496410  10.742641   9.764506   6.179318   8.146720  65.190278  39.396696 201.328761  19.002582  26.929194  12.304001 131.738337  16.597360
 98.494563  22.889113   9.937991  17.522779  12.842270   9.296940   6.361689   5.274630  54.772582  36.432922 177.213386  15.808637  25.118102   8.438881 132.849519  20.075920
 94.834182  17.263068  12.103014  18.167797  14.933181  10.611809   7.003639   6.178403  57.791808  35.330680 214.050162  16.720280  31.193482  10.943767 114.564060  19.466669
 82.315992  22.911087   7.274716  15.764148   9.066316   9.703916   6.044616   5.761981  50.419334  33.361923 209.317767  15.582015  32.676508   8.463829 107.151579  21.367822
100.371591  23.988622  10.334318  15.805612  10.735894  10.137792   4.945991   7.037836  51.854089  34.381072 210.835551  20.373095  29.887932  10.238512 118.376905  17.578420
 90.593795  18.968251   8.509466  16.027696  11.770767   9.847924   5.180209   5.477803  48.705494  29.179642 241.049302  16.851117  24.613363   8.077775 123.339403  21.502208
102.855801  23.256850   8.803254  15.866701  10.755866   8.276429   6.554039   6.596406  49.137286  29.994441 204.128296  15.400225  31.793428   8.462958 120.386426  21.115812
114.801440  23.230321   8.614450  16.724615  10.514744  10.730683   5.500387   7.013111  54.911954  36.717894 168.387677  15.779191  29.282185   8.148015 136.657242  22.855349
 93.833972  21.476940  10.578861  13.507171  12.340949  10.800472   5.406314   5.249711  52.105305  31.995267 235.406846  15.366021  32.170195  10.776928 128.629822  16.192984
 92.909323  22.313305   8.175681  14.837615   9.540457   9.348240   5.350294   6.479352  58.753814  43.508403 204.949102  17.625546  36.635305   9.192116 122.126558  19.199190
110.684895  20.976519  11.478155  18.542723  11.297482  12.761509   6.784871   6.476302  64.881969  41.866177 210.503742  20.406092  35.261882   8.257359 137.221859  21.193400
 74.135510  20.550790   7.798817  16.623340   9.529508  10.709805   5.122300   5.009769  48.497713  29.563247 202.148404  11.903447  32.506699  11.193239 104.486866  17.590683
113.557336  28.682573   8.102256  20.001307  10.913057  11.448869   6.470997   5.462617  52.820268  34.623796 231.571739  15.226244  28.121989  10.947915 118.364588  18.964872
105.610247  23.662089   7.867176  20.403908  10.321266  10.667703   7.511224   5.590313  65.407519  40.248902 170.748458  14.911008  29.038921   8.136432 158.917353  18.248542
 86.633294  22.083945  11.043629  21.091203  14.282059  10.518067   5.592068   6.670889  63.878390  33.280836 266.425499  16.945283  30.742036   9.923090 119.732450  23.890118
 77.530645  25.761448   8.479051  15.267224  11.332396  11.419856   6.149772   6.959819  61.779628  31.408357 207.013653  16.469451  29.512516   9.519880 120.924775  20.055001
135.055562  23.554179  11.658631  19.985874  13.699536  14.200792   6.203759   7.041531  54.900851  54.091145 195.615081  16.923763  40.169204   9.864120 151.906397  26.382882
 85.174024  20.804696   9.183877  17.876008  13.133757  10.458083   6.288440   6.881029  59.745125  34.172848 206.328138  19.251378  32.228449   8.775959 152.258395  23.616033
 98.613675  24.388647   9.521501  14.323812  10.318470  10.632122   6.789816   8.652168  57.106836  31.783122 220.518935  15.888525  26.985895  11.305076 123.436176  18.898847
110.819015  21.653102  10.059089  18.395730  10.495257  10.236949   6.273530   6.713094  55.443578  34.646901 221.472088  17.129052  37.641077   8.158470 119.519057  17.236665
115.075454  23.380342   9.187376  19.480939  11.120607   9.876627   6.586579   5.246218  51.742621  35.625136 195.717224  16.664602  31.380647   9.869967 116.238765  17.908335
111.825078  24.949951   9.635865  22.066237  12.410475  13.636437   5.568888   7.287130  56.418891  33.567867 218.075056  17.649117  30.903219  10.965122 145.270967  17.545075
 89.848107  19.655620   8.435797  15.904530  11.420053  13.530941   5.806713   5.855625  50.429497  36.553047 229.027807  17.497130  28.896516   9.580877 126.978027  19.066087
 92.118717  23.292002   9.839787  19.312344  12.471273  11.863659   5.372884   6.662263  50.437188  38.454224 199.791732  14.457616  30.129147   8.701733 148.330602  19.138472
 90.920236  19.527312   9.302169  14.566434   9.932508  11.380585   6.608206   5.224212  56.329132  34.974080 212.367034  15.591732  32.425277   7.749343 123.422548  18.473053
 82.080462  20.913078  10.719077  14.225994  10.093729  11.323767   4.624586   6.522442  55.471918  42.106104 194.113977  14.168408  28.767455  10.913971 110.631896  18.262011
