   -40.005301 -18720.846020
   -38.602455 -18711.219895
   -34.245954 -18705.435144
   -41.724353 -18709.288649
   -59.651492 -18718.965015
   -52.945032 -18703.560815
   -45.091747 -18708.840831
   -46.598002 -18705.725488
   -29.383421 -18715.634630
   -59.357131 -18703.910581
   -27.368942 -18714.834340
   -40.027263 -18718.190280
   -29.395156 -18712.587510
   -29.240470 -18704.030818
   -44.858953 -18709.097337
   -29.248770 -18716.383610
   -12.524988 -18709.916519
   -37.830709 -18706.530421
   -17.464524 -18709.419457
   -45.545073 -18703.308755
   -32.784014 -18709.172715
   -22.799078 -18709.285193
   -37.248060 -18710.249382
   -31.651943 -18709.008596
   -47.471976 -18713.583388
   -33.545539 -18715.114398
   -62.896622 -18706.447416
   -53.613592 -18714.560216
   -25.830094 -18704.879294
   -24.274208 -18709.076177
   -49.764526 -18715.252732
   -44.653308 -18711.088003
   -36.342721 -18714.027556
   -24.770188 -18707.331095
   -16.325788 -18705.501767
     1.059670 -18717.900936
    -5.518504 -18716.150057
    -5.289384 -18712.341640
    -0.967253 -18713.658723
    -5.056958 -18710.310839
    -4.525483 -18712.872987
   -13.502024 -18716.322272
   -15.172991 -18712.030916
   -24.857018 -18710.577451
   -25.658532 -18707.870267
   -25.964521 -18711.781282
   -16.345948 -18709.635368
   -19.479856 -18706.380498
   -21.472291 -18712.130617
   -19.319500 -18712.030024
   -21.774252 -18714.209091
   -16.454091 -18705.932652
   -19.261093 -18709.561374
    -3.973653 -18715.060505
    -6.322796 -18718.264008
   -12.943169 -18716.648972
   -16.290217 -18711.628568
   -26.927643 -18707.109779
   -35.694617 -18727.558388
   -26.915041 -18711.401232
    -8.085124 -18721.686111
   -14.157979 -18713.979347
   -20.651197 -18715.024230
   -26.475769 -18701.043715
   -31.820938 -18711.548023
   -33.281130 -18714.499426
   -26.379960 -18710.689587
   -30.297729 -18715.601527
   -27.822572 -18713.263789
   -23.716886 -18705.894365
   -22.565377 -18705.467146
   -22.765362 -18707.679179
   -19.019740 -18715.976118
   -27.413723 -18710.230483
   -28.878584 -18711.947251
   -25.221530 -18713.505737
   -19.060586 -18708.381354
    -8.720491 -18711.120826
   -13.795727 -18712.028385
   -23.708276 -18704.795532
   -15.981281 -18706.579376
   -22.693512 -18708.723807
   -22.827935 -18710.019421
   -23.819248 -18711.898241
   -13.037905 -18710.632934
   -20.287429 -18711.066469
   -19.360933 -18713.230651
   -20.429292 -18719.160315
   -14.450882 -18711.011511
   -23.160294 -18710.712223
   -19.472707 -18714.302933
   -29.017350 -18710.505664
   -25.254640 -18712.372462
   -37.421388 -18708.102882
   -50.058708 -18708.201133
   -59.929167 -18711.887275
   -48.520307 -18705.903368
   -33.930515 -18700.410700
   -42.331598 -18711.713658
   -27.919052 -18710.833852
