-0.135361  1.085049
-0.001438  0.422312
 0.004151  0.468742
 0.032341  0.262706
 0.172020  0.645309
 0.218266  0.763577
-0.179040  0.911970
 0.006922  0.597602
 0.140534  0.156606
 0.038810  0.474873
 0.052652  0.219475
 0.354621  0.494923
 0.228929  0.250534
-0.152490  1.453634
 0.110527  0.803931
 0.093054  0.327875
 0.177787  0.220665
-0.169932  0.497644
-0.005930  0.328691
 0.153094  0.420569
-0.298840  0.755615
 0.160669  0.252280
-0.045277  0.503373
 0.310130  0.430849
 0.037182  0.544564
 0.029337  0.313800
 0.081255  1.103778
-0.229526  1.008860
 0.176293  0.595801
 0.009201  0.475991
 0.013553  1.156539
 0.485813  0.654561
 0.126469  0.703552
 0.128167  0.288230
 0.176657  0.549387
 0.297058  0.328962
 0.190263  0.352475
 0.010565  0.674451
-0.141525  0.365274
 0.321318  0.111234
 0.373331  0.473861
 0.774963  1.070450
 0.174331  0.183970
 0.573331  0.641557
 0.264955  0.433028
 0.339438  1.074517
 0.453464  0.329082
 0.211874  0.293342
-0.116646  0.427258
-0.018368  1.025074
 0.161329  0.341316
 1.789444  1.978804
 1.222137  2.720007
 0.770212  1.595146
 0.508857  0.276518
 0.124001  0.188550
 0.094568  1.389897
-0.063339  0.534144
-0.278172  1.474229
 0.450837  0.364522
 0.297941  0.199239
 0.126303  0.278531
-0.031969  0.569950
 0.073254  0.778386
 0.307717  0.266680
 0.344935  0.846665
 0.203094  0.375100
 0.085212  0.272644
 0.381352  0.330470
 0.344731  1.280741
 0.498531  0.253894
 0.224481  0.587442
 0.126013  0.161920
 0.133073  1.023936
 0.358050  0.628571
-0.219975  0.405568
 0.016791  0.690196
 0.284269  0.467953
 0.094316  0.391029
 0.094985  0.546141
 0.123671  0.387543
 0.082441  0.437149
 0.325120  0.434910
 0.049647  0.673937
 0.216914  0.345207
 0.074123  0.381593
-0.023850  0.472471
 0.171309  0.523761
 0.332370  0.379527
-0.014542  0.463675
 0.227484  0.283729
 0.477530  0.350505
 0.025743  0.330894
 0.298202  0.299305
-0.048071  0.449129
-0.159111  1.040775
 0.093575  1.299285
 0.089901  0.452676
-0.213609  0.399717
 0.260534  0.379826
