1.007898 1.201221 0.833007 1.049089 0.978482 1.057904 1.012256 0.810922 0.997795 0.951721 0.978138 1.086769 1.198713 0.938758 0.994434 0.907512 0.928194 0.867812 0.934002 1.122599 
0.819503 0.842461 0.977885 0.942453 0.807984 1.216496 0.807869 1.078179 1.092783 0.933269 0.990586 1.020852 1.036572 1.049448 0.916973 1.241121 0.969163 1.199210 0.820388 1.019444 
0.879592 1.088095 0.999806 1.198755 0.821206 1.008782 0.937204 1.152490 0.949342 1.062671 0.914291 0.905923 1.002505 1.236920 0.894435 0.815630 0.890523 
0.986188 1.145458 0.961501 1.041736 1.063815 0.862573 0.809976 1.002926 1.198026 1.079344 1.096799 1.043614 0.977750 1.184921 0.807645 1.222850 1.122544 1.023231 1.206625 0.949016 
0.802825 0.953727 1.191125 0.927597 0.818465 0.967201 0.889718 0.834618 0.821914 1.116126 0.856754 0.979671 0.866469 0.824461 1.145885 1.146283 0.945836 0.804386 1.204379 1.060147 1.120903 1.013753 
0.959897 1.063645 0.941872 0.878083 1.177773 1.231234 0.976023 1.211210 0.889326 0.798906 1.213349 1.127316 0.857873 1.146233 0.904009 1.183766 1.150441 1.139855 
0.963183 1.199985 0.867388 0.827787 0.853428 1.123434 0.830867 1.045143 0.935709 0.829213 1.034567 1.000327 0.982380 0.895832 0.978270 0.924156 0.832216 0.817308 0.916961 1.042490 1.121655 0.900092 
1.212695 0.873684 0.854463 0.860673 1.183849 1.138730 0.806277 1.084726 0.842628 0.915869 1.085008 0.834442 1.059670 0.860433 
1.199564 1.120483 1.123199 1.183999 1.256541 0.937024 0.984441 1.248230 0.831944 1.135020 0.951301 0.845818 1.134339 0.972286 0.822543 0.892024 0.843258 1.218730 1.068886 
0.856495 0.959901 1.112743 0.874973 0.876737 0.980793 1.097326 0.837494 0.978420 0.968043 0.908024 1.229335 
0.966532 0.820367 1.203894 0.928021 1.121263 0.913137 0.809263 1.157059 1.033124 1.140235 1.041446 0.869487 1.211698 1.025501 1.014399 1.171346 1.190750 1.100034 1.001891 
0.808025 0.932761 1.153951 1.090731 0.860050 1.041234 1.159397 1.054043 1.059981 0.909939 1.004638 0.971217 
1.004112 0.905657 1.086898 0.820511 0.824991 0.807284 0.900191 0.802416 0.839294 1.101341 0.929143 0.823419 1.168073 
1.160160 1.154838 0.944929 1.006389 0.892956 1.251627 1.098894 1.158043 0.840342 0.836358 1.038453 1.002006 
1.061315 1.130168 1.189252 0.949196 0.873204 0.946708 0.939244 1.139961 0.865341 1.148182 1.039362 1.240823 1.006448 
0.985605 0.923065 1.132262 0.807244 0.869758 0.832216 1.181599 0.895400 0.865041 0.942094 
0.895065 0.925913 0.869672 1.163104 0.867922 0.844004 0.817257 1.133298 0.945579 0.953414 1.013323 1.181147 0.948253 1.024812 0.953952 0.885722 0.996717 0.905170 1.237731 0.911057 0.960662 
1.033294 1.007606 0.839716 0.802971 1.081461 1.179928 0.805072 0.975326 1.156064 1.100093 0.976055 0.945190 1.238812 0.922158 1.219913 1.163725 0.958244 1.244623 0.945244 0.964920 0.875435 0.873906 1.062756 1.002964 0.871095 0.912000 1.128776 0.864171 0.956503 
1.229398 1.155841 1.072081 0.975884 1.159343 1.217948 0.798520 1.068385 0.885934 1.038265 1.209411 1.039152 0.952281 1.109679 1.130659 0.896210 0.858983 1.059934 1.155677 0.863777 0.971428 1.088694 1.092241 0.850130 1.058363 
0.871742 1.106695 0.895143 0.967780 1.247276 0.954990 1.006627 1.244637 0.983959 0.869863 1.162400 0.869310 0.854142 1.027492 0.813989 0.891997 0.890157 1.066529 0.968024 1.015401 0.828630 
0.902523 1.079514 0.951530 1.016111 1.075036 0.820744 1.197384 1.012784 1.116184 0.951856 1.079743 1.191906 0.902989 1.074105 1.162736 0.837803 0.834061 1.162066 1.148031 1.171995 1.239772 
0.990507 1.058927 1.062800 1.070308 1.229586 0.944695 1.033175 0.845383 1.256917 0.884710 0.812447 1.012422 0.948610 0.842324 1.225150 1.093895 0.899877 0.808939 
1.088689 1.185211 0.878311 0.827931 1.081027 1.137231 1.080128 0.977389 1.026431 1.034110 1.166397 0.951319 
1.066349 1.228330 1.016198 0.935460 0.861623 0.962417 1.250565 1.215203 0.924162 1.206814 1.026971 1.029957 0.859547 1.038862 1.246727 0.819241 0.887773 
0.812770 0.981283 1.095079 0.831672 1.041282 1.085737 1.006972 0.892077 1.095223 1.123561 0.929420 0.796206 0.824673 
1.126182 0.905078 0.998420 1.106193 1.057152 0.911022 0.878927 0.994790 1.210976 0.885225 0.899027 1.240699 0.948805 0.874212 0.960817 1.028640 0.922442 0.864088 1.208518 1.169332 0.836791 0.955535 0.922242 0.898177 1.160419 
0.985107 1.150595 0.878192 0.923478 0.994900 0.833798 0.885359 0.835390 0.894649 1.001064 1.132980 1.176929 1.026594 1.109174 0.845201 1.056365 1.193564 0.946679 0.815973 0.970796 0.899381 0.913465 0.912168 0.852992 
0.974606 1.205621 1.052331 1.084470 1.091484 0.898516 0.961048 1.243904 1.252506 1.003841 0.834973 1.080370 1.200445 0.844656 1.108822 1.245413 0.843313 1.244588 0.810348 0.899561 1.032524 1.047623 1.081755 1.000815 0.856423 1.027341 
1.006055 1.122415 0.978420 0.906503 0.970432 1.129729 1.098877 1.098708 1.176574 0.996523 1.161215 0.941444 0.998505 1.251991 1.182875 0.962953 1.166178 0.847549 0.940262 1.177918 0.851598 0.868605 1.156315 0.804290 0.843296 0.916589 1.029703 0.865447 1.017642 0.899912 0.947897 1.081683 0.844091 0.895176 
0.899010 0.986170 0.978604 1.088722 1.097351 1.175715 1.155888 1.074901 1.111553 1.035602 1.157228 0.968186 0.977189 0.839950 1.192892 0.915395 0.884782 0.998000 1.134805 1.038737 1.076474 1.052881 1.047568 0.959219 
1.034547 1.085946 1.251827 0.825471 0.921533 1.102775 1.000930 0.814597 0.869525 1.108415 0.912024 1.091572 0.957642 1.007015 0.839189 
0.855060 1.225371 0.830702 0.926500 1.235529 1.150418 1.012305 0.809302 0.885750 1.045594 0.982624 1.154453 1.017052 0.949672 1.109563 1.064652 
1.060977 0.805647 0.862952 1.128398 1.076423 0.899694 0.873310 1.182886 1.084296 0.854893 1.160859 
1.001635 0.862548 1.020285 0.853665 1.234252 0.978620 0.943040 0.939220 1.130891 1.126298 1.236773 1.145484 1.245455 0.854760 1.021456 0.976642 0.953810 
1.065969 0.901479 1.093662 1.193849 0.844403 1.135759 1.165470 0.821109 0.928990 0.940787 1.060555 0.879262 1.107954 1.132588 0.986817 0.911156 1.201609 1.198995 1.081648 0.979660 1.139259 0.826970 1.251405 0.938708 0.909255 1.058446 1.011121 
1.044896 1.043257 1.129732 0.971659 1.113804 1.103729 0.985022 0.837076 0.828413 1.010179 0.878690 1.167778 0.902750 0.993408 1.226602 1.043913 0.997122 0.805742 1.027537 1.034128 1.183666 0.867895 0.991975 0.871707 1.181925 1.169132 1.084606 0.963190 0.872163 1.110069 0.941823 0.941783 1.151016 1.253878 0.996796 0.936529 
1.102390 1.202440 0.971934 1.010786 1.084915 1.116743 1.160346 0.888329 0.807319 1.024680 0.927416 0.975846 1.008353 0.944514 0.889052 1.039557 1.180931 0.973465 1.193297 1.077516 0.834596 1.047293 1.011261 0.917487 1.075336 1.044491 1.229521 0.795705 1.169771 0.943713 
0.819238 0.921335 1.008355 1.069589 1.000489 1.095839 1.124749 0.810042 1.134178 0.887865 0.834930 0.975062 0.911099 1.163511 1.237803 0.851542 1.159854 1.205683 1.159941 1.040139 0.880322 1.257748 0.890648 0.868161 0.961024 1.258215 1.110608 0.994893 1.058132 1.145028 1.180030 1.041353 1.014217 
0.949882 0.860841 0.810818 1.104923 0.952352 1.154482 0.847887 1.149109 0.908380 1.150186 0.970457 0.825687 1.155095 0.932885 0.932430 0.814581 1.205470 1.022577 1.125638 0.835196 0.963248 1.099716 1.050222 1.220389 0.813525 0.912737 0.863854 1.032776 0.829999 0.962292 1.256873 1.041369 
1.047113 0.991393 0.900624 1.029651 1.143860 1.160248 0.812601 0.939357 1.093181 0.835709 1.242039 1.249973 0.837515 0.937896 0.969534 1.001023 0.927151 1.179894 0.840986 1.114787 0.833669 1.054660 1.008009 0.808565 1.215963 0.848536 
0.954321 1.240165 0.900002 1.020511 0.947467 0.928691 0.801756 1.058580 0.828223 0.868303 1.055868 0.835976 1.187936 0.882580 1.158767 0.886795 0.964383 0.924258 1.110176 1.072592 1.232236 0.828322 0.993438 0.873756 1.047494 0.876879 0.971233 0.910761 0.868889 0.821638 1.113591 1.153337 
1.094216 0.936584 0.966081 0.979864 1.075753 0.818010 0.986346 0.874473 1.147092 1.248096 0.825197 0.890727 0.945675 1.022143 0.824830 0.946744 0.918392 1.150359 
0.892146 0.823152 0.922471 1.016897 0.834275 1.031017 0.896254 1.236209 0.802874 
0.807167 1.081037 0.898392 0.819740 1.018955 1.129548 1.001278 1.205701 
0.928117 1.215378 0.975266 0.957848 1.014704 0.842132 1.144548 0.897877 0.821011 
1.069159 0.832896 
1.002275 1.112054 1.112451 0.798141 1.092854 0.839393 0.849729 
1.237464 0.872997 1.084682 0.946051 1.235146 1.241336 
1.242221 0.974635 1.172801 0.870951 0.871137 
0.990056 0.888133 0.838161 1.064636 1.071594 0.807554 0.937865 0.805778 0.891804 0.913150 
1.026771 1.160157 0.794629 1.032287 1.058518 1.256217 0.795965 1.093927 0.799031 0.864066 0.997396 0.934989 1.009112 0.819955 
0.980130 0.794532 0.947362 1.215882 0.800315 1.065665 1.176730 0.802741 0.952608 1.217409 0.820314 1.224106 0.888554 1.193085 0.821672 1.237519 1.209953 1.006411 0.877219 0.954999 0.880512 1.224164 1.217857 1.050560 1.204874 
0.951961 0.795355 1.256144 1.071358 1.006210 0.995711 1.229365 1.166047 1.078634 1.027728 1.184284 1.211038 0.977117 1.240744 0.831199 1.161229 0.985069 1.102922 0.848593 0.895001 0.867677 1.168694 0.815252 
0.805230 0.921202 0.818404 0.905426 0.904119 1.148092 0.878422 1.127049 1.171318 0.957039 0.905020 0.872227 0.892191 1.210040 1.209472 0.984508 0.881128 1.157541 1.196800 0.906355 1.067679 1.121082 1.181030 0.878903 1.254947 0.984755 0.803417 1.209898 0.990226 
0.950869 1.098291 1.223621 0.906641 1.071930 0.996406 0.797628 1.240854 0.915627 1.254859 1.252268 0.850813 1.162239 1.102833 1.106777 1.214763 1.133502 0.835638 0.997507 1.169530 0.881218 1.099648 1.042574 1.165103 0.908174 0.915545 0.893298 0.879595 0.924641 
0.807057 0.943977 1.073143 1.057117 1.107661 0.803018 1.233051 0.804326 0.831492 1.073919 1.017804 1.047873 0.911254 1.106974 0.843784 
1.024603 0.979956 0.806623 0.883490 0.932940 0.930843 1.043059 1.145134 0.986755 1.230174 0.840019 1.059327 0.897662 
1.140962 0.847277 1.194276 0.850540 1.075088 0.992313 1.059300 1.193524 0.847318 0.928286 0.839617 
1.186990 0.833864 0.973036 0.912940 1.133886 1.194546 0.970886 0.798206 1.092804 0.859959 
1.184292 0.936801 0.933331 1.179171 0.919164 1.148400 0.809686 0.868836 0.851564 
1.150579 1.200213 0.878693 1.037184 0.994525 1.095897 1.032944 0.942416 0.939074 1.167643 0.933410 1.164055 0.993104 1.141324 1.247982 1.172911 0.846188 0.806424 1.115274 1.083726 
0.917052 0.895684 0.794932 1.011385 0.997960 0.958741 0.964950 0.905250 0.883369 0.887536 0.987746 0.940839 1.108410 0.819606 0.796713 0.912724 
0.808909 1.076979 1.226835 1.224923 0.828211 0.869935 0.830473 0.819375 1.028961 1.076602 0.893227 0.939582 1.065570 1.055111 
1.041087 0.909744 1.185796 0.863018 1.203119 0.937654 0.984870 0.916505 0.807171 1.092097 
1.243705 1.007267 0.959926 1.139125 
0.953041 1.247791 0.794440 0.938038 0.957934 0.899424 1.013060 0.838389 1.160584 1.204989 0.964670 1.012880 1.010984 0.962504 1.061294 
1.078052 1.083522 1.197442 0.811817 1.014731 0.802975 0.818428 1.249460 0.865507 1.069528 
1.206221 0.981368 1.050175 0.871177 0.914624 0.849075 0.973854 0.968885 
0.862457 0.948470 1.219992 1.054695 0.867628 0.839543 0.797128 1.135303 0.819866 0.912969 1.022044 0.966133 0.812067 
0.983685 0.830906 1.018568 0.856415 1.047332 1.037007 1.071384 0.966854 1.248192 0.952276 0.884084 1.189108 0.853374 0.977075 
0.802125 1.218876 0.916457 1.181640 1.045253 0.987368 0.799166 
0.798360 0.922135 0.933071 1.065578 1.211828 0.862404 1.219983 0.809108 1.020097 1.079982 0.942836 1.004543 1.236928 0.841008 
1.048459 1.141951 1.095026 0.868569 1.019728 1.209450 1.037076 0.906491 1.229167 1.185762 
1.040441 0.798059 1.115480 0.885638 1.243034 0.942103 0.996604 0.948606 1.054926 1.031376 
1.057935 0.815473 0.866674 1.220143 1.056321 0.812232 0.802718 0.848553 1.050470 0.923177 0.847197 0.870914 0.882293 0.907757 
1.215713 1.036150 0.824865 1.038115 0.829483 0.805923 0.912350 1.258751 1.013335 1.123078 1.152488 1.005193 0.808044 0.972841 0.938588 0.976933 0.952328 
0.886931 0.839932 0.891121 0.893874 0.889876 1.210831 1.221875 1.077116 1.066373 1.050875 1.086234 1.013117 0.870589 1.032473 1.062946 0.948459 1.078505 0.984020 0.835558 0.920363 0.853934 1.131450 0.984970 1.208079 1.037516 
1.060022 1.018649 0.986389 0.894054 0.960569 1.068864 1.119141 0.876971 0.952819 0.843737 1.082897 0.971334 0.864768 0.803729 1.014509 1.227556 1.158501 1.190520 1.109194 0.944843 1.068683 1.129846 0.984766 1.083879 1.160948 1.173357 1.176264 
1.084245 1.144677 0.827773 1.083226 0.897899 1.151433 0.934727 1.119939 0.878255 0.975785 1.095052 1.052258 0.957914 1.052731 0.839509 1.047851 0.904182 1.106953 0.873391 
0.853795 1.037977 0.917771 1.078158 1.229470 0.800886 0.855231 0.907962 0.971643 1.073355 0.955121 1.009232 1.240893 1.000022 1.091954 1.124285 0.892719 0.917633 1.229062 
1.178462 0.995734 1.174137 0.926715 1.062670 1.067161 1.251416 0.800222 1.077815 1.073290 0.993591 1.157383 0.885834 1.193649 0.817561 1.049861 1.043926 1.143103 0.971614 0.928316 0.912269 1.156251 0.823372 0.940389 1.134296 0.821938 1.205524 
0.961150 0.983711 0.806584 0.928348 0.878864 0.821957 0.887952 0.938862 1.100221 0.917287 1.222676 1.199720 1.127799 1.185902 1.039725 0.857743 0.875368 1.011114 1.058132 1.109855 0.892133 0.804957 
0.876704 1.148865 0.984633 0.967915 0.943588 1.107398 1.102783 0.995449 0.950931 1.214905 0.868015 1.071301 0.945323 0.857380 0.955258 1.067600 1.057365 
1.146537 1.223026 1.143318 1.023073 0.865898 1.070792 1.202640 1.238103 1.100317 1.243598 1.136259 0.983181 0.930699 1.101679 1.214805 0.837164 1.192788 1.034799 1.094263 1.142609 1.021603 0.941137 1.109367 
0.818408 1.176426 0.805346 0.972534 1.039168 1.101936 0.838665 0.894667 0.976309 1.128341 1.140493 0.997655 1.034278 0.876518 0.895085 1.024096 1.244721 0.866061 0.802992 0.996747 0.937492 1.113852 1.205087 1.062947 
1.246551 1.229296 1.003162 1.238129 0.903711 1.163036 0.796246 1.091883 1.175641 1.056076 0.852301 1.241277 0.916932 0.798547 0.858456 1.194550 1.186147 1.162310 1.063747 
0.802584 0.825533 0.806092 0.839054 0.929195 1.001726 1.073905 1.123586 1.035106 0.957827 1.241799 0.930905 0.996546 1.039976 1.125775 0.892881 1.112585 1.252919 0.868651 0.997021 1.001507 
1.155512 1.106792 0.796457 0.936603 0.806255 1.233947 0.964193 1.059761 1.216029 1.144043 1.150780 1.177067 0.814935 1.160637 1.023710 0.846615 0.925989 0.825347 
1.162424 1.054449 0.880332 1.119267 1.223435 0.940857 0.832509 0.815074 1.092015 0.893357 1.122597 1.012846 1.156009 1.089244 0.884867 0.804666 1.077174 1.124247 0.976288 1.166693 1.141891 
0.916652 0.803662 1.003225 1.243634 0.903237 0.848899 1.080108 0.999839 0.817670 0.989748 0.850006 1.052132 1.096287 
0.953151 0.828983 0.955917 0.801789 0.972814 1.132628 
0.834897 0.981838 0.797285 1.097416 0.864833 1.041228 1.032166 
0.921055 1.163118 1.145998 0.896794 1.146325 0.970119 0.833778 0.832256 
1.027342 1.067475 1.097348 1.125057 0.960446 0.868020 1.194908 1.031966 1.056231 1.220551 0.896754 0.897497 0.959828 1.093426 0.853253 
1.132291 0.890967 0.838301 1.252174 0.932312 0.827791 1.226209 0.990613 0.873284 1.245943 0.996286 
1.068306 1.257564 0.914364 1.013453 1.047614 0.879757 0.879230 1.053397 1.027117 1.220211 0.841721 0.881164 
1.054920 0.934307 0.818707 0.976612 1.027771 0.897924 0.975710 1.054434 1.201161 0.848288 0.940153 1.032342 1.063919 1.203109 0.957346 
0.862268 1.247360 1.030972 0.977565 1.234299 1.052877 1.133756 1.005466 0.983845 0.888267 0.951659 0.837117 1.201431 1.018730 0.859288 
1.132028 1.067039 0.924734 0.825789 1.062556 0.852485 1.005727 0.847057 0.967585 1.201913 0.948041 0.895652 0.909109 0.997436 1.057609 
0.932069 0.845745 1.118052 1.065042 0.885322 1.158562 0.918170 0.871047 1.227295 1.144484 1.121657 0.902333 1.169787 
