1.838118 2.433450 3.484741 2.325402 1.704342 2.338334 1.700762 3.692210 3.005222 2.184127 5.063824 0.208369 1.158240 0.234545 1.967780 0.297948 4.117726 3.426403 0.333566 3.549844 
1.428183 3.522214 0.667925 1.884574 3.530165 2.500803 4.482372 2.759890 5.049634 2.805282 4.640468 0.633394 1.799318 4.271769 3.741648 0.213656 0.367148 2.434707 2.003923 0.966671 
3.039862 4.999761 1.803520 0.417259 0.814864 1.378959 2.416198 2.845879 1.066829 1.486702 4.439940 2.032967 4.818825 3.112648 0.068462 0.339622 1.581857 
0.688961 4.537472 3.285400 3.636446 3.524263 2.610484 4.725817 1.983919 0.796793 2.058671 3.769980 1.901326 1.674867 2.808076 2.757018 2.977129 1.371639 3.550354 5.064758 0.055757 
4.917674 1.875734 1.645123 1.992959 4.051385 2.151183 3.053675 4.735775 4.153235 2.697644 3.959541 0.295868 2.610833 4.054087 2.906302 3.350182 3.359008 4.633209 0.232093 0.136017 4.428501 3.719837 
0.310166 4.682573 2.816773 4.291687 0.439040 0.362812 2.921193 3.099012 4.488354 1.599682 2.439138 4.129280 2.907788 5.013671 2.341887 2.255749 1.973954 0.536160 
2.511539 4.665827 1.982903 1.903662 0.250471 1.569628 4.582115 4.164914 5.001853 2.163888 2.872709 2.054237 4.071038 0.111810 1.533866 0.906279 3.264817 3.340614 4.941907 0.977804 3.759412 2.253733 
2.412891 1.542840 3.490637 3.489379 4.471498 2.348167 1.639216 5.006698 1.882718 1.334039 1.296353 4.368847 1.023778 2.963963 
3.173561 4.285262 0.899293 4.894387 4.825018 4.424904 2.391535 4.635964 1.821080 0.753660 2.589525 5.162063 2.331318 2.525430 3.772129 3.029992 4.429984 2.617968 1.182793 
4.878991 1.353040 1.393869 1.376251 4.836608 1.268654 2.175723 1.588655 2.342536 4.048356 3.540916 1.351840 
1.132069 1.303921 3.094139 1.956075 3.183187 4.107597 1.696577 2.318494 2.685092 3.602218 3.847194 1.997758 5.102813 0.754607 3.033260 2.465419 1.818575 2.215166 5.009527 
0.036698 4.043343 2.269471 3.832926 0.762177 0.665918 3.527099 0.307719 4.107171 2.426649 4.210257 0.120296 
4.304240 3.610196 0.223258 2.969921 2.845424 1.201769 1.475957 4.026485 3.499985 2.363579 4.454776 3.552179 3.705132 
4.085337 3.472623 3.081552 1.199446 3.041627 3.126595 0.774768 2.560628 2.252838 2.344413 3.231550 0.919528 
2.601238 3.804742 0.919470 1.843121 1.786414 4.397410 4.088941 4.750983 1.863349 3.630645 1.257916 4.946522 0.597966 
1.073609 1.643536 4.481816 3.451133 1.586031 3.369037 5.045545 3.606538 3.345662 1.320161 
4.776050 0.844017 2.637545 0.296813 0.647976 3.836237 3.879263 1.039082 3.460497 0.261352 2.714530 1.681825 3.727906 2.327946 1.864971 2.735879 3.746159 4.368737 1.884981 0.202985 1.410349 
0.707162 3.515188 5.049534 1.222935 3.534567 0.288872 2.258318 3.812176 1.893697 0.121401 2.013431 2.062568 0.313125 0.329695 2.480261 4.931964 4.261219 3.043416 3.563029 1.941227 4.562394 4.487180 2.456136 1.504434 0.028933 3.836439 3.203167 3.001951 1.553653 
4.498468 2.868200 2.013154 1.892079 4.517743 0.277511 2.069318 0.718316 3.415718 4.341467 0.448547 1.040448 3.254837 3.841900 4.353737 3.147872 3.528811 3.539116 1.679811 1.714173 1.275134 4.884961 3.107628 3.311705 3.468492 
3.383568 2.313698 4.216731 4.387243 1.956222 4.471817 2.476274 4.023209 1.005943 2.347536 1.725749 5.033299 4.152497 3.678521 3.328104 3.599746 2.259187 0.163231 4.297847 4.016430 4.339390 
1.388493 3.713546 2.698943 2.650709 3.671913 4.209978 2.729630 3.171228 1.170037 0.450196 4.922222 3.506447 3.307156 4.806320 2.410795 3.176718 4.763785 4.353836 0.029759 4.341058 3.261356 
3.854367 3.910959 1.387196 4.660145 1.981150 4.024578 1.207738 3.386426 4.920583 2.603498 1.562826 3.548274 1.292196 1.816452 1.060645 2.131524 3.025882 4.111046 
0.358713 3.652829 3.942005 3.140463 2.543517 3.954053 3.374786 4.339037 3.384246 2.707671 2.559514 0.247117 
2.158608 4.394541 3.830356 5.172796 0.420288 4.823023 4.067222 4.681978 0.886033 1.437348 1.840598 4.150821 1.985082 2.071624 4.798619 4.030758 0.490595 
1.134644 4.745615 3.236809 2.158730 1.207672 1.578089 1.813525 0.020019 3.785050 3.711356 4.190027 1.880317 2.088474 
3.230334 5.100344 5.024017 5.077471 0.630305 2.251459 4.929721 0.606818 0.108281 0.623222 4.532011 0.658004 3.451244 2.808581 2.064677 4.409207 2.313911 4.821897 2.644199 3.398517 1.503285 0.963388 4.258032 0.549743 3.246947 
0.099877 5.176752 2.026320 5.133024 2.465310 2.233328 1.704797 5.106721 1.995242 3.938202 2.624513 2.783375 4.840655 0.611502 3.724642 4.469827 1.715587 4.545138 3.099881 2.789635 2.792776 1.662006 4.737509 3.288677 
1.683188 2.029644 0.839932 0.656208 4.122899 2.646849 4.867143 0.448525 2.601726 4.987753 0.489236 5.000826 2.683539 4.273768 4.057917 0.938575 4.061732 3.581750 2.597675 2.418206 3.582679 1.856956 4.469590 5.086504 2.287473 3.131702 
1.355888 0.550114 3.689543 1.980069 3.573755 3.283261 0.070994 3.328031 2.885933 0.757715 2.994649 5.013232 2.980698 1.711776 2.669521 1.947135 4.450844 5.045214 1.990631 2.690896 1.771967 1.004666 0.390906 1.889829 2.766284 4.154248 1.221121 0.832308 0.281538 3.893200 3.179386 3.463470 1.804366 1.868519 
3.962030 4.783597 2.610773 3.491575 3.875782 4.833107 2.916964 2.526723 3.278416 3.113023 1.201585 4.133026 2.729276 4.219899 2.342081 4.434091 1.898767 0.558211 3.203729 2.203668 2.295832 5.194409 0.854024 0.892891 
2.761618 2.157429 0.039803 2.358022 2.658916 1.322939 4.670713 0.238888 3.784394 1.946298 4.030549 4.085098 4.756947 2.278510 2.051604 
0.493541 3.116002 1.289512 1.221716 2.463770 1.332429 5.112538 2.183141 4.428175 0.225672 1.889146 2.694195 1.417327 1.522306 2.871986 3.860914 
5.154230 3.919098 0.939622 0.755787 2.780996 3.699142 2.789648 4.004656 4.236969 3.977737 3.462629 
4.296886 0.669491 0.301081 2.760577 3.660164 5.052639 1.045267 3.527518 2.066336 0.852060 2.732833 3.475597 2.837374 4.730719 4.639854 2.776068 1.058034 
2.474998 4.350774 5.032443 3.045526 3.010068 0.115963 0.486713 1.695828 5.033754 0.283231 1.661499 1.928459 1.460187 3.826000 1.429630 1.187840 2.332829 4.507064 3.687474 4.808622 3.347893 2.584336 0.365094 0.952800 5.131352 1.702983 3.808974 
2.404031 0.524687 2.901747 0.069908 3.242247 1.582154 1.943966 4.514345 2.191222 4.308481 0.496682 2.335719 2.171648 0.189605 0.152301 1.652484 2.436389 2.437820 4.512153 3.715416 1.950609 4.916632 3.929009 4.189335 2.251980 2.970017 4.287909 2.539510 0.921181 0.346472 3.673151 4.452421 4.940649 1.962848 1.282984 0.576108 
4.851445 0.272972 4.939707 1.500592 0.984941 1.272142 3.197197 3.692825 2.774686 0.289299 0.912477 2.019746 1.709667 3.392870 2.046673 2.782662 0.908064 4.003334 2.342132 4.133191 3.490057 1.489275 4.300872 1.789365 2.076083 3.655454 2.119443 2.935041 5.162357 1.408459 
4.747076 1.953003 4.724347 5.034321 3.238969 4.112035 0.007498 1.392480 4.260170 4.444986 1.212328 1.481360 0.720007 4.492555 1.082670 4.239208 3.319910 3.656138 1.150135 2.521535 4.077357 4.994988 4.351413 2.398173 2.758724 3.922294 3.099189 3.785284 1.719204 2.755019 4.884751 3.896377 4.429961 
2.418562 4.596741 4.901253 3.131157 3.827596 0.956480 0.393721 1.832275 2.956447 0.238226 2.454944 3.337726 1.884542 4.733041 0.615551 4.792670 0.592335 3.160091 2.137301 0.421435 1.331536 0.964862 3.121584 2.603831 2.904263 0.981057 4.560465 0.120451 2.924497 3.952076 2.279250 1.654197 
0.914554 4.673156 4.538182 2.431884 0.676505 0.379049 2.126704 1.444325 1.141307 4.147665 2.472196 0.216447 5.051067 3.316168 3.825137 3.479583 3.624129 1.408509 2.815961 5.120995 2.572461 0.395320 4.919062 3.415828 4.836015 2.247881 
1.966328 1.204283 2.794215 4.376366 4.805812 2.371779 3.894204 4.173743 5.164941 2.000766 2.985544 3.351028 2.707037 0.536795 4.900794 2.453635 3.744077 0.945327 2.691723 0.150076 1.405317 4.936089 1.450222 2.295003 4.663516 4.735914 1.704433 2.758244 1.173133 1.461929 2.784035 2.821943 
1.187538 2.704730 2.399000 5.123197 3.216357 2.075232 2.103657 1.557651 2.380317 3.849725 4.491476 4.248807 1.844202 3.829777 2.220180 3.317809 1.179518 4.619900 
3.263671 1.641585 1.148836 1.883155 0.679458 0.700002 1.080774 0.624702 4.480325 
4.996327 3.293507 1.146832 2.859379 2.046598 4.456294 4.330926 3.485365 
3.107824 1.061281 0.381255 2.730001 2.588328 0.485364 4.940743 2.668626 2.028616 
2.218100 4.374243 
3.123481 4.071209 0.074912 4.384283 3.887978 1.742937 4.738720 
1.154700 3.247727 3.674404 1.863032 2.924018 4.761792 
4.690194 5.081802 2.836308 2.860736 4.488831 
1.412080 2.804854 4.286695 2.990820 1.684711 4.414083 3.846746 2.440425 1.795938 2.008210 
3.733581 4.569919 0.097376 1.586261 1.608158 0.017652 4.498460 1.735585 0.885383 4.585122 2.658541 3.770766 4.274085 2.326945 
0.851339 4.531966 1.320768 3.708685 3.528719 3.645633 1.941261 4.296176 0.746366 3.685412 0.481798 4.197487 1.503748 2.408869 4.886596 1.999050 0.642312 4.353223 3.491771 2.866585 1.717247 2.481856 4.340218 1.870910 2.498733 
4.848378 2.006986 2.588005 0.296089 3.337803 1.172302 0.303056 3.533347 3.406779 4.366583 4.988822 4.512075 1.587125 3.036104 2.374225 4.099237 2.184638 3.561454 2.656529 3.601423 2.725831 1.408191 0.715560 
1.350734 2.663590 1.176793 1.488163 4.359845 4.745711 4.213092 4.256056 3.530981 3.597146 0.149061 2.422848 0.380866 0.338776 0.190894 4.344441 2.822224 3.333914 5.072031 0.797932 0.950488 2.309048 4.684844 2.969008 0.419567 0.061103 4.734406 1.918198 1.536443 
0.162099 2.673033 4.849014 1.649735 3.069896 2.731784 4.440536 2.281634 4.342910 0.300299 1.803161 5.172643 2.268128 2.234933 1.498177 4.544044 0.986124 5.192972 2.104252 4.143243 2.352635 2.126546 3.480579 3.455491 1.962998 0.728158 2.388655 5.107333 3.057938 
4.880166 1.116008 1.581650 2.785831 2.228808 2.664196 4.426359 1.270890 3.594773 0.390968 0.191665 0.979293 3.446765 3.012038 2.498945 
1.992411 0.329959 5.180035 1.513061 1.564710 0.394608 3.125185 1.958717 4.560564 0.053247 2.016727 1.511194 2.158095 
4.876026 1.536765 0.376386 5.086300 4.132801 1.507551 0.327807 0.040388 3.991131 1.711227 3.368636 
0.047958 2.072078 0.346315 0.681784 1.448246 4.535758 3.501985 1.529255 1.883871 4.746801 
0.098179 3.798327 1.890404 3.867433 0.782247 3.479686 3.201764 2.604516 4.733493 
1.973381 4.947405 2.872052 0.238559 1.551667 2.802777 2.739612 2.348300 2.042193 5.180068 4.857751 2.940516 3.798514 2.511178 4.689651 0.110223 4.078987 4.030597 0.120966 4.233454 
4.948222 0.411765 4.778579 3.458304 3.499518 1.133294 4.952126 1.134471 4.901371 0.950147 3.022579 2.194816 1.381408 1.271622 3.319198 0.975829 
2.183014 3.713981 2.698914 4.472700 4.353299 3.311529 3.463948 2.460573 5.186463 4.899045 4.825683 2.534283 0.133114 4.311534 
3.690513 1.798382 3.529466 2.336806 1.389724 2.429371 1.541471 1.635472 2.572681 1.329475 
0.638557 0.241647 0.339086 5.110834 
1.607111 5.029835 4.604085 2.082313 2.923989 0.293409 4.758425 1.639595 0.250101 2.593144 3.230656 0.095428 3.742819 4.225255 3.402960 
1.370406 4.450175 1.933906 1.009749 4.625128 1.936359 0.623326 1.388742 4.603809 3.839953 
4.243242 3.947443 1.188463 0.425860 1.945834 3.918305 3.868187 4.504819 
2.144234 2.125685 2.319771 1.067842 3.354541 3.996610 3.035016 4.553196 3.342366 4.504977 1.346469 4.245148 1.828694 
3.480283 3.567671 1.458997 4.194444 4.148436 1.728071 1.606094 1.311814 1.536403 0.257916 4.772849 0.135662 0.766516 3.161929 
0.313346 3.697669 3.958807 1.254060 2.596829 1.680702 1.824897 
0.787127 4.695209 3.079294 4.158149 0.014502 1.457401 3.219621 2.200771 1.721573 2.213032 0.732032 1.848296 0.801999 2.692384 
1.711563 2.135578 4.047400 3.496906 4.298827 0.870718 1.895440 3.138745 2.304626 5.172982 
5.028881 3.497903 5.056747 1.056869 0.943205 1.913195 2.730218 2.901510 3.689697 5.164017 
4.980027 4.474716 3.999461 3.492157 2.559354 0.387931 1.815754 3.048352 2.670578 2.517514 3.997238 3.985078 3.466108 4.624050 
3.413033 1.322156 1.491257 4.009680 5.074508 2.796791 4.313931 3.095548 3.873616 2.428459 0.059683 0.148708 2.841704 2.491865 3.837538 1.038744 0.153631 
3.667295 4.926523 0.009419 0.922523 2.875643 0.034582 1.696268 4.663132 2.051545 4.121979 4.959046 4.816429 1.183473 1.196488 0.380904 4.948475 4.174831 4.409380 4.043988 2.691965 1.014687 2.353828 1.634434 3.410445 1.309961 
2.331670 2.779990 2.947466 4.044291 4.821165 1.387509 1.164687 0.856730 3.862789 4.024497 3.407910 3.359797 1.340719 2.263202 3.025194 4.177050 2.973849 0.730755 3.511243 3.644745 3.472292 2.266069 3.859776 4.045967 3.292676 1.662151 3.881465 
0.837565 0.313880 2.532696 0.885273 3.477737 4.317608 0.764302 3.535959 4.392987 2.436358 0.199065 2.298474 4.707437 0.373438 3.682883 0.018359 1.810290 1.398874 4.821052 
1.631871 0.444634 1.255350 2.214269 3.895989 0.948481 3.193714 3.910400 1.200201 3.452741 4.906160 2.058274 0.600234 2.219985 0.990791 1.432507 3.969613 0.949846 0.183328 
1.127919 3.402501 2.099821 0.261673 1.770522 3.199202 3.318240 2.023666 2.339482 3.475865 3.372032 0.967772 3.966817 1.013727 3.889658 1.700340 3.339201 1.739127 2.892096 2.967726 4.533503 2.230269 4.075215 1.797719 4.089435 1.250573 3.089491 
4.907633 0.650306 1.559647 1.841228 0.826669 2.039082 1.927643 4.158702 0.521993 0.102945 0.987863 1.025330 1.414275 2.997589 0.904277 3.865982 2.815462 3.043535 1.632565 2.371371 4.771190 2.902806 
2.645685 3.599224 1.798672 4.081060 3.188953 1.732479 1.677794 1.980379 2.067907 0.047893 1.040171 2.890856 4.640674 4.611183 3.494601 3.337240 0.025496 
0.382150 3.916786 0.053218 4.715942 4.467470 3.373508 0.590402 5.047684 3.579647 2.554439 0.848668 5.091021 2.022998 4.307827 3.144004 2.828651 4.646155 4.184500 0.276695 2.703142 1.021611 3.987397 4.190491 
3.087990 2.402995 2.781595 1.955317 0.914000 0.972727 4.292118 2.641731 2.101390 0.343901 1.321085 2.017687 1.489421 4.427956 2.661425 2.407066 5.198623 4.986161 2.632187 4.015924 3.556147 4.949506 0.433441 4.540135 
3.058361 2.225673 3.284845 1.005647 1.591387 4.268473 3.148175 4.502760 3.164559 2.396012 4.484341 2.556469 4.703038 1.902105 4.309602 2.573186 2.871372 3.123872 2.568784 
4.378105 2.429662 1.448312 2.009616 5.132209 1.193013 1.941132 2.511102 1.457022 1.480114 1.273242 3.947953 0.736921 2.922545 4.616804 0.531639 0.352087 0.327872 3.799771 3.903330 3.570946 
0.452167 4.110766 2.788039 3.753731 3.561715 2.401492 5.179699 2.701249 2.296713 3.579158 0.849089 4.351699 4.906099 4.953222 1.435502 0.033783 4.053884 2.828663 
1.577033 2.502328 2.970523 1.036076 1.977225 1.410345 4.820199 1.449181 0.332352 0.971162 0.941204 2.057527 0.648573 2.698153 1.704871 3.796104 4.231721 4.771599 0.583998 4.363166 4.016409 
3.040852 4.982119 3.061906 2.303443 0.368324 0.134035 2.638606 5.017001 3.121704 3.465187 3.477511 1.103928 0.326611 
2.211210 2.778634 4.121979 3.950818 4.464385 2.973295 
4.062119 1.915376 2.950289 2.711064 2.104099 4.286096 2.153669 
3.489422 0.172053 1.481683 0.684423 1.270488 3.484183 0.509263 1.253619 
4.450225 3.289349 4.621932 1.238580 4.634098 1.310374 1.185692 2.373878 2.872641 3.436370 0.846704 2.030732 4.144822 4.431049 2.661013 
3.245444 1.055215 1.596676 2.812592 4.597516 1.331810 5.010669 0.239307 3.691720 0.863787 1.113697 
4.209509 3.608702 5.194468 4.739149 0.989731 4.184020 3.997709 3.270912 2.244583 0.583779 3.164441 4.381663 
2.317509 4.288492 0.402699 3.138557 3.203938 2.799844 1.122425 1.899073 0.029607 2.444081 3.377510 1.178033 3.165793 4.574206 0.961145 
2.930333 4.160977 2.358418 2.939419 2.072082 4.697885 0.212560 0.751871 5.190904 2.449600 3.176843 3.590467 2.340568 1.250328 3.575327 
3.731686 4.841384 1.932706 3.373948 4.066057 1.800706 3.798949 3.499856 1.805653 0.798987 3.876700 4.227424 2.038144 0.570548 0.714170 
1.396269 0.582168 0.835685 2.497920 4.255314 2.420383 3.372222 4.792095 4.815452 3.326996 1.188834 3.287122 4.249159 
