6.096150 3.383142 6.844190 2.215970 5.913031 5.534336 4.969613 5.044993 6.978962 3.276231 4.082979 3.741652 2.220957 4.563417 7.353715 6.396021 6.715386 3.175845 0.426868 3.061521 
0.568949 7.121370 6.167628 4.183082 6.147142 3.601133 2.509426 2.368527 1.342003 4.511772 3.835268 6.141554 3.708013 0.056871 6.563858 3.551478 2.202455 3.686296 0.414224 1.253798 
7.103429 5.085937 6.502289 1.752454 5.254846 2.288411 0.477399 2.258470 1.029633 4.558914 6.292743 6.117809 2.573160 1.772230 7.385337 0.796482 6.335057 
0.702755 5.151794 5.809449 7.223923 1.921111 5.183969 6.073513 5.930142 3.095094 2.376010 1.297821 6.260545 7.209609 7.152653 6.123535 0.000422 2.290440 7.412808 5.132867 0.519312 
0.308947 1.121770 4.660321 3.230392 2.974541 1.667674 4.517389 2.075190 2.211667 2.072604 6.931301 1.050048 4.400043 2.106828 0.309001 0.018435 1.836720 2.581918 2.402979 5.136634 3.972208 5.653026 
0.035721 0.184698 0.866636 2.864059 2.250697 2.394055 5.602130 6.310866 7.139575 5.020604 1.667160 4.004513 6.846153 3.587778 4.330722 0.029276 4.625200 3.175112 
7.350852 0.058802 2.386977 4.670176 3.387897 3.577070 6.403274 4.152258 3.734588 2.778185 1.425224 2.978949 2.855836 2.828984 1.358092 4.970307 2.661505 1.730282 1.558358 3.584105 2.529556 6.792873 
2.073033 7.172203 3.372503 5.375882 2.742366 0.885249 3.612380 4.041337 3.100826 6.530609 2.088155 3.724551 5.299631 3.059820 
2.497868 0.483053 1.153594 4.798548 3.836177 5.271496 5.878394 3.263779 5.477503 2.883957 6.001049 0.170286 1.194039 0.319201 2.030559 5.910463 3.213102 2.188045 1.964946 
4.484056 0.302431 5.348614 3.480690 1.715181 1.403868 4.351116 5.930456 5.177192 1.352475 5.873965 3.528218 
7.226820 5.698372 2.178484 4.655597 1.119407 1.298716 6.028780 2.162178 1.116206 1.250195 4.756068 5.709639 6.543357 6.954586 2.947332 3.525839 0.490016 5.160230 1.578664 
6.946731 0.317187 4.632217 2.510228 5.996633 1.139097 2.333043 1.856670 0.355721 5.443015 2.301986 7.151655 
1.071064 2.083962 2.839724 1.764854 1.600623 2.183111 4.289376 7.130784 4.784344 1.930014 1.687154 1.704242 2.755095 
3.466492 2.448164 1.820668 1.030130 6.409770 3.733003 4.291985 1.881915 4.079028 2.252208 0.626202 1.278400 
1.970447 1.935679 4.223403 0.110857 5.448999 1.710335 1.477839 4.087266 1.234160 1.504275 1.674941 1.814517 0.776788 
3.107827 1.365632 3.355794 1.344474 3.792184 6.598782 0.946538 6.278386 1.933590 2.769701 
7.044586 6.534224 2.125300 6.064286 6.920387 3.210602 3.060919 3.454490 0.148112 0.603926 1.724975 3.928689 3.297758 0.552933 7.472203 7.189372 7.408838 4.178006 4.660518 5.034951 2.539287 
5.927538 2.232884 6.967077 6.833515 5.919030 3.757403 0.493544 0.430371 1.212438 4.748796 2.252727 2.430249 6.079325 6.322806 2.062914 4.809580 7.376187 3.078553 5.540075 2.030975 7.130808 6.773897 6.394679 0.428352 4.920300 4.617870 0.874329 6.330311 4.303632 
0.662835 1.941491 2.908472 4.045980 5.135460 4.089699 5.862718 1.556537 7.429033 1.673029 4.527538 5.093099 1.966812 2.193027 4.541893 3.074994 6.609561 0.787746 3.861077 7.416454 6.342188 2.804323 1.160960 1.527005 5.032879 
4.374656 1.715788 6.141644 4.450670 3.498466 7.468506 0.741832 0.036518 2.844131 4.616538 4.844166 3.253508 4.876028 6.560209 4.490088 5.184374 6.980486 6.294364 2.550410 6.232715 1.087965 
5.785149 6.699599 7.272600 6.909412 1.938597 3.678386 2.920315 5.713407 6.399841 6.753461 4.683084 6.274128 6.881304 5.725556 5.268256 5.633517 2.396930 5.527639 5.023428 6.474901 1.542790 
0.612250 3.694328 5.488608 4.558511 3.282957 4.533364 6.043623 6.850358 3.637728 0.187945 6.885322 6.562096 0.089756 0.507966 3.522791 1.435023 4.389496 6.382164 
2.689428 3.838579 4.281853 7.397186 1.810284 1.720530 3.735979 2.958033 4.634157 1.635339 2.679634 2.251174 
0.910408 1.788937 2.944462 5.151642 6.133904 5.212897 3.314451 3.141627 0.962136 3.817102 1.593660 0.135332 3.525143 3.255134 4.597128 2.303931 4.541075 
6.911078 0.681494 1.304158 2.890363 1.829587 1.767754 3.144961 5.886787 4.487503 0.859843 5.942438 7.413298 1.002979 
1.230995 7.350137 1.930731 3.495409 0.077278 6.049608 2.873333 6.320672 2.530178 5.026692 5.122715 4.171774 2.082417 0.627766 3.864648 4.031986 0.203767 7.099569 5.270728 1.480465 5.945459 1.062529 1.824267 1.747719 4.637773 
5.608786 4.364981 6.192256 1.874049 3.401425 4.563939 6.997937 5.505258 4.323353 3.632708 1.962819 3.281313 0.435777 3.493735 6.280717 4.812571 6.500719 2.137938 2.297659 4.505409 3.330504 1.469739 6.595779 7.074871 
5.672416 2.555270 0.985586 1.830899 5.702120 6.605981 6.277397 2.811773 5.565630 4.607190 7.453967 5.194354 5.628262 6.257612 5.607561 4.881980 1.671531 1.348150 5.637225 6.651653 6.508994 0.659977 1.198475 0.352182 7.349939 0.965163 
1.530668 2.554930 2.090365 5.204982 1.389928 5.676793 4.116063 3.996900 0.981311 2.727949 6.725134 1.080334 0.450825 1.399297 0.568385 6.038177 4.494850 3.101876 7.118027 5.182378 3.861824 2.950333 3.778130 5.427220 0.715876 5.780359 2.063747 7.250109 6.989976 6.974683 0.105215 7.422416 2.305309 0.606225 
5.314635 1.152775 3.150704 1.642636 1.693442 3.908497 1.662160 0.544674 7.208198 4.087491 1.084340 6.921142 4.517681 3.449669 2.879699 7.162464 6.092841 1.039462 4.655168 4.342371 3.201306 0.472446 1.300325 5.239855 
4.824034 2.018027 3.519126 4.073996 4.683789 1.899392 2.425409 0.139089 7.002673 5.074900 6.132690 0.902818 3.965880 0.474552 0.132944 
6.011746 4.205598 6.575953 0.106574 6.190980 3.700624 6.474079 5.152238 6.637848 6.302899 2.229300 5.178473 5.398069 1.625613 6.344466 0.289796 
5.744817 4.708283 6.777040 1.237847 2.015214 7.308987 1.054532 2.295254 0.825165 1.337362 0.630429 
4.584151 3.091841 2.402834 0.404286 0.116352 2.790409 2.236497 4.196136 1.592801 3.177315 4.582495 1.935850 2.387249 7.031452 0.242640 6.841094 0.804466 
5.188323 3.144890 0.517724 3.221321 1.788133 4.243206 0.906723 6.997143 5.720187 6.740652 0.995868 0.919233 2.910659 0.409635 1.135289 5.367244 1.679353 1.897802 1.720908 5.278823 2.130686 7.012879 2.166827 4.683237 0.782714 1.480679 1.114588 
5.046685 7.258804 4.168635 0.259057 3.705777 6.649404 4.273336 1.093275 5.417359 5.108558 3.902421 3.374818 5.693608 3.141272 6.599897 6.852300 1.070226 7.454080 0.421981 2.152469 2.464006 0.723660 3.220005 2.995166 2.060063 2.879750 1.024449 6.425982 3.730020 1.683032 2.510747 3.062973 0.692941 6.575591 2.564770 6.757124 
5.520036 5.618944 5.854350 2.328709 0.473050 6.248704 5.737203 7.075281 5.467218 2.473302 5.303974 7.246985 3.449389 5.556804 1.489928 5.236464 0.589026 3.766588 1.873014 6.671027 1.213411 1.216369 1.452689 2.946871 1.087075 1.004843 3.626678 4.365646 2.215888 4.980711 
6.771782 1.948219 4.004994 2.861962 0.304436 6.525414 0.660479 4.258499 1.913518 3.590640 7.484101 3.194727 5.914322 4.773656 3.312397 0.889629 1.828269 5.403052 0.553138 6.457790 0.768391 0.260943 3.522597 6.696989 2.936809 6.451691 1.613937 2.904761 3.831337 0.012530 7.443168 6.764767 4.923105 
5.226566 0.845736 0.251421 6.139846 4.436702 3.489879 7.423915 0.596989 2.880853 2.554027 0.022181 1.369697 3.812028 2.589304 5.523054 0.994056 5.982057 1.473814 5.352495 3.369856 7.167506 0.055959 0.627209 2.051762 0.383187 3.343147 2.774608 3.986386 0.885131 6.182753 2.290437 4.887397 
6.819113 3.613752 4.803482 3.048010 6.322201 3.784766 7.003721 0.050673 5.134448 3.542859 1.803679 2.661065 3.037117 5.040188 4.882374 1.203345 1.809865 2.073674 5.274717 1.901663 6.028416 0.602901 4.977851 1.216580 3.023864 4.526096 
4.352239 2.893937 6.867953 3.021712 7.479847 4.903517 5.510102 2.891753 1.313848 6.750936 5.086328 7.432166 1.400027 4.258906 2.856900 0.272157 4.205184 0.585417 0.088163 7.248545 6.491599 1.356264 1.393047 0.891741 0.611215 3.972628 1.377783 7.468806 2.441461 7.214342 3.044688 3.297317 
3.490041 4.458658 7.277255 4.496970 0.896980 4.326473 2.363153 0.096966 1.207250 1.271700 5.879239 1.701717 4.376936 6.215008 4.542579 2.368212 0.569872 0.526079 
0.142155 5.213440 1.032653 3.616498 5.687619 1.344202 1.695654 3.162847 5.438682 
4.298071 3.456781 6.005248 7.276528 3.307372 3.571136 0.590633 2.511540 
3.119906 4.789406 0.714316 6.078520 0.214160 6.452729 2.193755 6.522955 7.086272 
1.297476 5.987800 
5.103365 0.030866 4.440134 6.402989 4.980757 6.024210 2.299164 
3.133831 4.796717 4.214371 2.640367 1.289957 2.422586 
1.555198 4.447341 5.591226 6.885212 5.651507 
0.423343 3.467987 7.045604 3.465161 2.535441 4.867492 1.957662 6.655733 6.956458 4.980872 
2.659799 2.304478 6.983780 4.053860 1.560604 4.302171 3.633430 1.313586 1.025007 5.547804 5.198523 0.061600 3.227534 0.485663 
5.715891 6.327016 4.389351 4.815013 3.528755 4.232599 5.683532 0.707817 6.539156 1.627331 4.631622 4.535779 1.906666 2.937611 6.100190 1.833193 3.603180 4.838039 5.959462 3.775414 1.066220 5.032357 0.388962 3.947349 4.312117 
6.413837 1.168373 2.149801 6.608204 7.412097 5.822908 2.928201 1.892206 3.769050 0.510290 2.378846 3.094909 6.577727 5.041177 2.899531 4.213186 2.170730 3.619511 3.896206 1.620745 5.016767 1.235144 6.339431 
2.411163 2.453777 6.902101 0.719629 6.035423 4.329502 3.462032 0.187137 5.827846 7.050107 0.701032 4.280761 5.514305 4.500328 1.221994 3.402484 6.541828 1.509941 2.554172 3.464504 0.152986 2.955900 0.095649 0.270995 2.892601 7.466792 2.650506 6.021016 3.307305 
0.344804 6.254242 2.772602 6.492237 2.280441 6.860150 4.370813 1.076563 5.317606 2.689245 0.559786 6.229246 2.860384 4.039053 2.056969 5.109155 1.245189 3.218083 0.682275 5.059644 0.454414 4.961155 4.572437 0.121440 4.520824 6.482970 4.409073 5.584260 5.714831 
7.007636 3.861484 3.243979 1.022829 1.599028 6.007063 3.310594 7.275820 6.204769 6.557289 2.944916 6.890292 4.788830 5.866559 3.246539 
2.843560 1.043826 2.364458 6.222387 3.813971 0.178954 3.006565 3.175820 3.457389 3.170741 6.893206 1.033511 6.834109 
2.497069 4.315477 3.570816 2.835700 0.152513 1.896409 0.526405 2.091693 1.807768 0.746883 7.113392 
4.307178 5.638576 1.693999 2.579011 3.742435 1.875657 3.730670 5.766216 4.220260 0.246656 
2.657320 6.571568 6.204540 0.837829 2.348559 1.658239 0.180046 7.076002 6.988408 
1.382984 4.945645 4.075881 7.284871 6.280627 2.485401 0.686120 6.929915 4.272296 5.033014 0.599788 3.332885 6.251530 2.717459 0.940540 3.644930 2.679520 5.080508 0.794576 3.932567 
2.421121 0.004657 1.085055 2.562538 7.027432 2.386223 4.639910 3.103112 6.304496 0.865613 0.412646 0.414037 1.238897 1.729427 7.262494 2.849659 
2.578510 0.269232 1.826845 6.219842 0.231837 1.962186 3.664819 5.905867 0.370112 0.317710 7.327296 6.777046 1.514024 6.464315 
2.866420 4.168681 2.193261 5.933473 3.046326 3.285105 0.602321 2.368438 4.146787 3.484048 
2.409045 2.080747 4.553011 3.886402 
0.949169 2.431878 0.899420 5.029852 3.858244 0.334411 4.566559 5.916162 2.088230 4.469274 0.138733 3.733102 1.986095 6.222187 1.521177 
1.459532 2.353526 3.048592 0.140388 3.023333 6.658239 0.053789 5.565388 6.304952 0.393219 
2.611745 1.304776 4.771243 6.474530 4.669586 6.450809 4.702257 7.406609 
4.417532 5.499962 1.733495 2.635771 7.141126 5.554244 7.215229 4.567857 0.080531 3.410565 2.227851 1.964328 6.229027 
4.045120 6.114189 3.767172 1.562663 2.440364 2.769837 4.399454 1.360890 3.310037 5.737838 2.899103 5.824583 7.038657 2.629999 
5.724169 2.616256 6.621531 4.801432 1.630910 3.238753 6.838552 
6.898021 5.194017 3.370848 0.816412 3.435108 2.498157 2.197632 5.197011 3.645330 3.905757 0.263251 4.022107 5.382399 4.933229 
1.696308 1.267299 4.596620 6.730124 4.847060 2.639861 5.594762 2.079157 3.394219 3.551649 
0.182944 2.104521 4.121838 4.747898 4.276359 5.265430 1.384804 5.610814 3.600337 7.445386 
3.515548 0.802103 6.661911 2.688637 2.267909 7.029131 4.968424 1.522785 0.409942 1.003770 0.168113 4.875196 5.094352 1.312814 
1.797450 3.782479 2.195765 6.542185 0.442905 2.703075 6.412140 3.988121 0.110805 1.210965 2.511488 3.604521 0.326143 2.215785 3.232135 3.531675 4.700749 
4.349671 5.028878 6.042354 1.491024 0.367854 2.864936 4.421433 0.155212 1.519974 3.836593 2.504553 0.238103 7.016497 1.920889 1.460429 4.919161 3.566721 5.475161 0.854746 6.588875 1.002811 4.796224 5.868525 1.483197 5.774383 
3.442103 5.684450 3.489791 0.203271 0.649028 6.568734 0.174249 6.615915 2.863096 5.960340 6.680841 6.062953 5.875629 4.159331 3.155640 5.070172 5.753564 3.303904 0.601033 2.425354 0.612719 5.288896 1.867316 1.694096 0.827905 5.967471 2.231788 
6.775538 5.673877 4.107276 2.718769 6.370644 2.073566 4.760671 5.397931 1.782148 4.060086 5.376379 1.112932 7.013326 2.703371 2.135958 2.294226 3.412961 6.717579 1.809470 
7.358760 6.368210 6.973847 1.479675 5.934779 0.365058 5.637751 5.797482 0.613447 5.649934 5.745208 6.510134 2.167049 4.255558 1.471564 6.345355 6.324072 7.331111 7.093151 
1.850211 5.123804 1.847248 0.367340 0.723996 1.676892 2.660422 7.260660 2.436303 4.711354 0.280608 3.104451 0.000397 4.632638 7.275971 5.358227 6.359117 6.719823 6.683469 6.263923 2.301088 2.386561 6.165578 3.174979 3.640792 6.767212 4.164423 
3.538997 4.623902 7.455326 2.785438 0.423706 2.772547 5.264365 6.052139 3.597328 7.248736 3.786757 2.052828 3.706875 2.487378 5.005582 1.181600 0.128157 0.230640 2.634056 1.841532 1.025383 5.919708 
6.728719 3.831980 5.365921 4.744224 3.346648 2.150278 4.314391 5.243311 5.365791 3.506340 7.223476 2.130986 4.253008 3.486640 3.316354 3.713392 3.621980 
3.885996 3.751634 5.164476 0.721687 3.337147 0.501600 3.720013 3.628313 1.411496 3.023940 2.495084 4.801144 6.660321 2.145699 4.224990 0.415245 4.207340 3.221950 5.285903 4.559334 1.854341 5.828007 0.612778 
3.094272 1.058131 0.405820 2.248896 0.416516 4.698760 5.345812 6.000063 5.930072 3.773088 0.935312 5.224478 1.163443 4.221313 6.905546 4.640984 0.485447 0.289039 7.249826 4.949082 1.303056 1.977234 3.175018 3.399899 
2.397516 4.902645 7.297875 4.504519 6.925915 3.869399 1.571367 6.009429 3.047849 2.324902 3.163400 1.536750 2.436978 6.685439 2.530573 4.859187 2.469463 4.339073 0.092877 
3.224190 3.989220 7.340018 5.058240 6.297941 0.081212 0.099475 5.342828 0.783308 2.812935 3.069960 0.679637 4.380128 7.148459 3.931654 6.740434 4.318993 6.884374 0.374490 0.178752 3.492145 
5.980537 1.019898 4.238190 6.782040 1.664289 4.101129 0.880488 1.268118 3.314262 5.334080 5.262295 3.006963 6.564453 4.080912 2.826452 6.598234 5.599172 5.665385 
4.355064 5.746257 3.027484 3.917943 1.237870 2.644653 3.380452 5.227514 2.279020 5.945763 5.936986 1.023774 3.886599 1.393651 3.903074 6.247222 4.261529 4.237461 0.182553 0.600315 1.074337 
5.071226 4.400307 3.766610 2.524734 7.231282 6.338895 2.282244 6.168710 6.472377 2.856760 7.138899 2.496711 5.438508 
0.521323 6.122124 1.169939 0.221154 3.002235 0.016233 
5.894064 0.072087 3.673016 3.891031 7.264234 1.065269 2.554299 
0.290618 1.777449 1.734339 0.360976 4.073002 3.405227 7.083133 0.667394 
3.950534 0.824399 2.351008 3.962650 1.136840 6.458323 6.608727 0.091315 3.263654 3.090905 7.150779 4.890528 4.269178 0.797113 4.048712 
5.015975 5.995707 5.597020 4.175362 4.975606 4.793363 3.659516 5.060974 4.176140 4.472313 0.100802 
5.835958 4.351182 6.316761 4.228050 6.112450 6.973480 1.367581 0.668330 2.318965 4.479134 0.984480 4.150662 
4.583570 3.556569 6.649267 4.320238 5.970665 5.719644 5.716571 3.924911 4.297350 0.932109 5.443338 6.165070 1.288217 1.268095 1.346999 
6.883920 2.498872 1.894719 2.762881 3.894548 2.964822 2.794989 3.481557 0.699939 0.859162 0.766953 6.636842 2.445047 1.932944 2.974286 
1.482600 7.192800 7.070606 5.110105 3.210257 6.702799 7.399753 5.798436 0.463304 2.952230 6.362475 3.922496 4.890675 6.298611 0.458674 
6.380954 7.002016 1.792417 3.035827 6.884425 4.872640 0.639801 5.129907 4.840691 2.334597 0.553460 0.691069 4.862307 
