0.000000 0.046049
0.000000 0.057767
0.000000 0.051238
0.000000 0.062711
0.000000 0.070216
0.000000 0.050635
0.000000 0.053783
0.000000 0.079601
0.000000 0.111668
0.000000 0.334395
0.000000 0.043361
0.000000 0.067305
0.000000 0.172885
0.000000 0.077333
0.000000 0.076812
0.000000 0.161298
0.000000 0.047893
0.000000 0.046924
0.000000 0.028908
0.000000 0.059147
0.000000 0.048695
0.000000 0.084236
0.000000 0.093335
0.000000 0.070064
0.000000 0.045217
0.000000 0.040700
0.000000 0.048665
0.000000 0.043029
0.000000 0.027860
0.000000 0.027561
0.000000 0.058635
0.000000 0.055920
0.000000 0.097705
0.000000 0.075277
0.000000 0.031198
0.000000 0.034222
0.000000 0.033621
0.000000 0.031632
0.000000 0.028102
0.000000 0.060117
0.000000 0.043354
0.000000 0.046132
0.000000 0.079418
0.000000 0.228035
0.000000 0.159229
0.000000 0.351258
0.000000 0.119658
0.000000 0.159360
0.000000 0.164912
0.000000 0.072510
0.000000 0.229571
0.000000 0.046365
0.000000 0.080375
0.000000 0.034725
0.000000 0.066537
0.000000 0.085353
0.000000 0.068210
0.000000 0.085746
0.000000 0.086570
0.000000 0.118678
0.000000 0.037884
0.000000 0.058864
0.000000 0.090420
0.000000 0.163734
0.000000 0.572645
0.000000 0.071039
0.000000 0.225714
0.000000 0.137779
0.000000 0.135882
0.000000 0.109715
0.000000 0.203601
0.000000 0.102784
0.000000 0.090920
0.000000 0.100577
0.000000 0.057624
0.000000 0.090580
0.000000 0.040296
0.000000 0.036018
0.000000 0.051813
0.000000 0.037413
0.000000 0.048592
0.000000 0.063927
0.000000 0.078615
0.000000 0.036354
0.000000 0.027191
0.000000 0.048824
0.000000 0.080458
0.000000 0.081919
0.000000 0.070432
0.000000 0.093535
0.000000 0.127177
0.000000 0.321329
0.000000 0.067446
0.000000 0.051935
0.000000 0.170318
0.000000 0.145672
0.000000 0.062679
0.000000 0.100658
0.000000 0.131682
0.000000 0.076226
