1.748806 7.281750 7.474831 5.975913 0.132049 6.544733 2.136988 3.335890 7.129422 4.094991 4.038674 0.218292 5.597634 4.814791 2.225209 3.174078 5.882844 3.857276 5.890800 6.346662 0.584194 1.973991 3.871117 0.423442 2.443635 7.167614 1.353102 4.485018 4.195044 0.356313 1.955709 
5.787296 6.458407 6.012589 1.649512 4.718868 7.165110 2.705189 0.817270 6.784472 4.065324 3.207719 6.951846 4.527845 3.990315 5.714267 7.478618 5.020062 5.010902 0.393708 1.764757 1.590930 3.255026 3.578589 1.051113 4.923112 3.084985 1.499809 4.122589 3.199265 1.177736 0.302525 6.870513 2.899346 3.768200 
1.602419 5.553564 3.667452 4.301866 5.713859 4.655871 4.977253 3.342376 6.579168 2.241373 4.408729 0.130340 4.949077 5.121387 0.547894 6.902155 6.017285 6.535701 5.736863 1.040053 2.443538 6.575935 1.105266 1.704302 6.738788 2.921515 0.535852 3.057484 3.973437 7.330030 
0.383061 1.444809 0.939732 2.580350 4.178656 5.512572 6.969955 1.193127 2.194704 0.927009 5.592103 2.197774 5.136087 1.611656 0.234298 6.301999 6.077611 2.964855 7.216054 0.606109 2.097594 6.378021 6.685383 0.548744 6.379629 3.709431 1.799499 3.215471 3.812581 0.483973 5.075618 3.324202 3.212328 4.138479 4.481112 2.170187 2.018898 5.163838 
1.416830 0.420307 5.029843 2.421864 1.183209 0.774727 6.888148 3.637723 2.650501 0.805260 2.931266 1.763460 0.142724 3.754400 0.174460 6.344439 5.301428 3.014672 7.379202 0.363922 2.329201 5.301953 4.940839 4.712237 5.667918 4.223807 4.734648 1.180723 4.824483 0.970480 4.791529 3.903033 2.845182 0.168071 7.475451 2.385645 7.091134 0.884558 4.711308 5.388028 1.052288 5.620780 6.354307 0.820317 
0.612088 2.451031 4.441293 0.366793 1.609644 4.350091 6.147315 4.699011 6.229884 1.201981 0.998993 0.288703 2.989407 6.787938 0.993183 7.199166 5.764571 3.918248 6.953362 3.931133 2.397889 1.356582 6.164632 2.729495 6.378798 6.622939 6.181226 3.536423 6.341500 1.982673 2.284196 5.488823 4.026241 2.169540 6.483054 2.071863 2.683008 5.879865 2.196308 
0.027180 0.490426 3.580397 0.650003 3.588724 3.537559 6.997315 6.744610 6.349159 3.788760 4.732387 1.748721 6.522367 7.221349 5.354100 5.143880 5.100283 3.605160 4.470883 2.657882 1.359894 0.682576 1.997087 4.026038 5.926378 5.318098 5.212746 2.161305 1.518153 2.831668 4.021046 2.357675 7.360182 
6.097830 0.317258 2.993147 0.986298 2.731235 4.699569 7.351963 7.223298 4.647408 3.605378 1.275316 0.806820 7.017222 6.032856 6.834016 4.799106 6.886548 3.289295 2.064792 0.160805 2.359921 1.905307 0.973840 7.016249 7.100136 6.628209 7.263086 3.497900 0.674679 7.449933 6.418905 7.013053 4.078035 
4.108779 0.679323 0.225132 2.667833 1.902082 0.818260 4.802656 4.111465 4.833425 4.089223 0.475435 1.489928 6.328280 7.064939 6.071170 3.830593 3.474787 1.735125 0.460035 1.023399 4.447557 1.293510 2.988309 5.879459 5.529905 6.458725 3.568697 4.239413 1.253944 6.667386 7.102406 1.154005 5.000554 0.937311 1.146125 7.375180 4.175105 7.202880 4.064677 3.112127 
2.286215 3.856238 0.437907 3.902410 2.546806 0.998639 3.166511 7.343201 5.391274 4.229512 0.839048 3.282274 3.160823 6.378948 3.583673 5.110809 3.405307 2.451652 0.484482 1.049316 6.923236 5.234852 5.458969 5.072139 3.546828 3.124496 5.276014 2.737693 3.234749 2.867941 5.575521 2.504600 4.021739 2.349786 6.236329 7.013395 5.262649 6.698804 4.594714 6.067877 7.351582 
6.298284 5.634126 4.433987 4.935261 3.895783 1.840440 3.467241 4.629727 4.405021 4.779577 1.424134 4.911463 6.703102 4.274045 4.136796 4.795062 3.500441 5.417161 0.573004 2.139737 7.354994 3.696626 3.336984 4.830221 6.542002 5.965400 5.697949 1.167260 7.313839 4.033690 4.318081 1.511399 4.519618 
5.869975 2.289897 3.244203 4.092360 4.366322 2.887979 2.773194 3.433049 5.188504 5.041703 2.077208 1.828424 5.421925 3.334009 0.312534 2.669163 4.801890 4.593726 1.577531 0.641016 7.172066 0.347247 3.391165 3.715708 0.623382 5.633576 5.253593 4.044426 1.984666 4.749199 3.793195 2.863694 6.295717 0.251274 5.682850 0.961558 
2.891272 1.365689 3.563959 3.008963 5.462584 5.878503 4.588972 0.885025 7.322111 0.598586 1.009970 7.293887 5.213633 2.564682 5.816778 0.191314 4.861598 1.855832 6.830037 0.770211 5.619159 2.345506 1.973778 4.820888 4.045720 6.728650 5.913259 1.868776 2.469072 6.288986 
4.605001 5.800283 1.646971 2.540609 7.363387 3.574910 3.915425 3.125356 4.785592 1.157349 2.135941 7.011669 5.787065 1.685418 2.485602 6.957134 
0.145285 0.186581 1.438771 2.876514 6.792874 1.162882 6.474139 2.632008 2.662301 2.388622 5.075516 1.627128 5.229734 0.961639 2.250694 6.505695 4.218061 3.452014 2.982674 0.511938 6.099286 1.693251 4.652526 6.101658 5.063580 6.774854 5.151316 2.505933 5.601390 0.083223 
0.771395 6.054784 7.022795 3.698808 7.317718 3.357638 3.435588 5.888509 4.782960 2.495929 1.051551 4.957997 0.981236 1.111490 1.297422 6.478503 1.510136 3.883869 3.315875 5.146983 4.630659 2.104420 4.256854 4.719361 7.429656 6.580868 
0.015823 2.987630 5.401517 0.199423 2.376638 0.966192 6.153588 2.295573 3.503096 1.222568 2.026940 4.653594 3.894975 3.967805 6.532958 6.702374 1.242169 6.415965 0.254329 2.863705 0.401919 5.909436 6.502288 
7.115154 4.219795 2.201119 6.286498 2.068414 0.378076 6.687287 3.034618 5.888663 1.976429 3.288035 4.865650 6.970744 1.410653 6.268612 3.792651 2.217428 2.442914 1.961362 3.112886 1.458457 2.469989 1.460212 0.261658 4.323688 2.975137 3.644763 4.738484 4.302888 2.803244 0.140358 3.485930 5.857016 1.238566 1.602354 
6.442228 4.579590 5.774041 7.146413 2.988937 1.187164 6.277739 3.740100 1.445522 0.394793 3.854879 2.634254 7.379381 0.154560 1.255024 5.170696 3.216671 0.941991 4.819046 5.000772 1.149306 3.090864 0.085014 0.467300 3.390764 6.857575 4.135319 3.262160 5.473916 3.103686 
5.663141 1.250433 3.300138 6.200495 0.856893 1.005219 6.275152 2.008774 3.520480 5.780198 3.178543 3.521661 6.366876 1.542367 0.474834 0.023524 2.248838 0.236759 6.671146 6.914001 2.421033 2.016785 0.306109 2.495815 7.222947 7.419593 6.224940 4.025837 5.936253 2.425142 2.098421 3.202489 5.642260 4.127353 2.511864 
6.110458 1.424243 2.269673 3.233016 1.482990 2.682729 5.340588 7.153462 6.387885 7.211371 0.601372 4.567020 6.861504 5.150821 6.311166 4.760444 6.416528 3.373856 6.822107 5.927750 2.023547 3.316063 5.342585 2.443778 5.805407 7.164014 5.292662 
6.261511 1.779986 0.095804 5.844126 3.714433 2.500941 1.123734 6.366990 7.119734 7.296141 1.439307 1.482314 6.723008 6.921433 7.177091 4.037164 2.550960 2.111629 7.469983 5.855347 4.589269 7.210612 5.912707 6.767378 3.707454 2.051416 2.951944 6.905381 5.632370 6.764785 5.559644 
4.501308 5.896687 0.481739 7.381411 2.165050 1.414816 2.536236 7.370207 4.024414 5.800417 1.358137 3.140526 7.242644 2.076152 2.888514 3.844216 3.775882 2.554493 2.654758 7.069236 3.535055 5.719245 4.080514 5.566091 5.099352 1.107791 2.869533 6.432385 
0.728390 1.898092 0.467744 5.307301 1.665046 1.157977 3.254256 5.407689 5.805733 7.135619 5.848233 5.982727 6.109713 4.116132 4.328010 2.069064 4.341087 6.420632 0.477440 7.120225 1.314798 4.528577 1.449716 4.388149 1.562808 6.320129 7.298118 3.378136 0.152641 
0.403215 7.133172 1.691901 4.650962 1.555188 0.235764 6.714030 5.469664 5.806493 5.412403 6.752253 3.998152 0.944609 0.477370 3.785401 1.250218 1.217981 7.447033 0.806127 7.176367 1.584075 6.112856 1.860411 3.338459 0.303177 6.002272 0.105641 1.120717 4.960163 4.863809 6.438984 4.803715 0.764412 2.065410 6.758442 4.353686 6.972098 
1.448010 7.093729 2.706798 1.859036 0.532899 1.183556 3.514822 2.649631 5.342501 0.458448 5.906277 4.401884 2.364943 1.017051 3.455070 0.786928 1.190579 1.601957 1.967325 6.157643 1.122895 7.390609 6.476762 3.716232 0.624774 2.861914 4.516992 1.039308 2.176920 5.155713 3.743120 7.367373 2.689918 4.358225 5.514221 5.948734 3.662652 4.695897 6.434631 
0.802088 7.288887 0.307047 3.504209 0.494814 2.886280 1.417807 4.363877 2.395842 1.708101 7.251012 1.361974 1.598679 0.144475 4.513785 0.798999 1.666216 1.330171 3.609270 0.107210 3.756478 6.489052 6.500863 5.612473 0.510835 2.829936 5.437795 7.268646 5.877731 4.662448 5.271545 4.583728 5.192486 6.516844 4.341998 6.227000 1.362395 1.867060 5.481505 2.121287 7.426256 
3.430960 3.619640 6.678927 5.388050 6.215662 2.815995 5.836738 1.657249 1.526102 0.072292 7.382895 0.182345 1.134127 0.472503 4.718799 1.732665 2.162311 6.291105 4.971117 6.838720 4.802094 1.893550 4.964375 5.342036 0.950739 1.429218 6.462855 6.840294 0.188209 5.348127 3.515731 4.676049 4.157011 5.825496 7.272420 5.321897 1.621484 5.168353 6.232793 3.400350 3.253304 5.144937 
1.919072 3.761288 4.650046 6.114979 5.272675 3.637980 4.402551 2.452926 0.908880 0.586027 6.571909 0.801534 1.227203 4.930906 4.337507 0.800726 5.561190 0.871246 5.880751 2.702102 3.747598 7.041508 4.547961 5.248625 0.694755 0.307006 3.631816 6.671550 4.101334 2.586419 
6.195706 1.618883 5.674917 7.169169 4.656821 2.308582 6.588783 5.564711 0.544885 7.449599 1.796236 1.841420 3.455698 2.161093 7.496202 1.796972 6.300954 0.281475 3.610948 1.855207 4.649620 1.135706 3.059770 4.138388 0.084477 1.256898 3.624069 
6.636200 0.463345 5.176728 5.243162 1.409079 2.773772 5.118610 4.072402 0.197914 0.660148 2.155559 4.109881 7.422184 6.509420 6.322857 4.751452 6.897120 0.457123 3.679851 1.397704 0.638569 4.225639 3.124372 0.372625 3.323116 3.773180 0.315407 6.939960 6.582419 4.911756 6.958384 5.622164 
5.299447 0.648824 5.269259 5.462071 0.711023 0.166283 1.836292 6.230155 3.488841 6.760529 2.832550 3.196098 0.374973 7.109106 7.230703 2.123838 7.001048 0.735365 4.805372 5.710683 2.410211 2.552168 5.765646 0.946791 3.605187 5.264627 0.492276 4.580107 6.998118 5.431503 1.298818 1.155012 
2.806952 2.097519 6.020987 5.043165 0.402136 3.754461 3.883098 3.551185 6.066011 3.309808 0.456472 2.349804 5.278713 7.475823 5.482180 3.399062 2.076192 5.399179 4.407815 6.404123 6.053645 6.918924 0.823787 6.334456 2.337992 
3.795545 1.473720 6.530146 7.119325 3.959637 2.154310 3.913759 5.164513 4.078354 5.871158 3.746025 2.434284 4.082740 7.328549 6.821153 6.807533 1.113425 3.024834 0.738369 4.423442 4.616952 5.858328 4.784212 3.277801 3.979159 
0.817966 4.473884 2.110642 6.547476 2.250062 4.243108 3.816815 3.130915 5.753175 4.128985 6.918466 7.278113 7.392612 1.642609 6.622367 3.885971 3.184043 2.205489 0.026184 1.854275 5.026799 2.501607 5.698474 
1.385905 5.876918 3.754906 5.635938 3.465258 3.914205 1.844336 1.595153 4.610673 4.261277 6.947635 3.004718 
0.389022 6.796869 4.603384 2.790527 3.239633 4.134565 1.606063 1.173994 5.809895 2.738613 7.275225 0.053921 5.485067 6.990819 4.882214 6.655377 5.793051 4.454928 
0.977595 6.984903 3.861030 5.041625 3.943524 4.395251 2.799721 0.455204 4.612386 3.541884 3.748799 5.693172 3.593994 5.088178 
6.572511 5.792293 3.681646 4.918182 4.109748 2.603852 4.077341 1.384915 2.941331 4.949720 6.820764 
6.560603 6.529343 3.741486 0.729701 6.453520 4.054788 5.527364 3.578970 1.335856 7.379686 1.879664 4.245367 5.208166 4.590833 1.822819 5.326261 
5.463497 7.093282 6.310926 1.320380 7.497555 3.640745 1.890426 6.913627 0.512255 7.367535 
0.777369 4.989531 6.997244 7.324223 0.775983 2.959112 5.277412 3.918741 
1.484007 1.205396 6.466290 1.400800 2.930388 6.225342 5.593828 1.546851 4.696372 0.554701 3.011176 
1.201260 0.375812 0.517228 5.833437 4.878165 3.436566 3.937541 3.100629 1.204219 
3.000053 5.499145 1.229427 5.508956 6.983342 3.284595 0.125163 3.259407 0.587925 0.526951 1.722636 7.075422 5.384604 1.325437 3.935140 6.708654 4.880852 
0.658435 3.562692 1.051278 6.477505 0.957568 1.728844 
0.833002 3.568965 0.435585 6.638764 0.299292 1.352770 0.482530 2.402510 
1.174094 3.593166 3.986503 4.443507 6.386138 1.513540 0.164610 2.835103 3.370463 3.404550 
2.744038 5.226299 2.990440 0.371827 3.420728 1.819011 6.509516 4.012401 3.719682 5.981442 
4.248399 5.081493 5.728886 1.656347 3.752509 0.040460 3.339940 3.382621 
1.468340 6.553128 6.116203 4.305451 1.237870 3.593468 4.494770 5.357152 
2.670678 4.481563 3.817281 1.718040 5.458079 5.190409 4.478377 
6.395580 3.392900 5.925841 2.048307 5.900277 4.104403 7.251678 5.199684 
7.280406 0.495888 4.023729 1.413477 
6.653120 1.859760 3.728287 1.209096 1.025707 1.588413 2.158897 0.455426 2.197011 
5.100320 3.617294 1.835632 4.795408 4.626519 0.536167 4.238946 5.952208 3.470805 
6.547935 6.156642 3.760127 5.512801 5.183398 0.278444 3.496409 
5.394751 0.525286 1.788069 2.892744 1.668603 5.105010 0.882029 6.931670 6.470483 3.573204 5.454549 4.250234 4.375814 4.573297 5.587125 6.758547 1.248481 6.683072 7.036635 1.750779 6.163656 
3.413432 0.678242 5.190081 0.189455 1.486293 4.960954 0.238989 7.481505 4.674100 4.707579 4.661212 6.966565 0.911324 0.201764 5.975416 3.593046 2.275422 5.289360 7.183065 
4.561067 7.110985 6.028049 1.728272 4.401361 1.450904 4.206652 2.168466 4.030974 7.314634 3.347510 6.857592 2.137037 2.470244 1.408161 0.107893 7.487119 
5.697547 6.734503 6.762798 0.012207 6.575091 1.384795 0.790873 4.122004 1.511866 0.945415 3.706249 4.688972 4.681154 0.562399 0.680092 0.836773 
5.481405 3.316800 4.645657 2.971590 0.623392 3.147026 1.688985 1.754196 1.117305 2.204743 0.026803 2.154345 5.791742 
2.136055 3.282434 5.866363 1.875967 0.415970 0.906080 5.081825 0.824532 1.040288 2.511424 3.659922 1.962251 0.506121 0.606665 3.205306 
4.965362 0.926149 2.283191 3.310005 0.064928 1.607357 2.823344 0.057045 0.036035 0.521158 4.090055 5.823111 5.504374 
4.457352 1.446312 2.503323 2.645462 0.248749 7.049261 4.105097 0.694507 1.115932 2.117383 5.274869 0.593826 0.072482 2.929545 4.467485 6.025470 2.049287 1.257877 5.150014 4.803573 5.131115 0.410012 
4.479625 0.471096 3.849985 0.051700 0.853524 1.707003 4.875399 5.623531 2.555392 4.132168 2.864883 1.063360 1.218360 3.458311 5.238839 6.669385 3.572508 1.292511 6.328075 4.246097 1.400245 1.597113 
5.926889 6.216355 4.531102 4.138717 1.229816 1.678319 1.475983 3.726682 4.391002 2.067048 3.869826 7.092762 0.361433 5.551266 3.904652 5.259955 5.099670 6.404499 
6.287903 5.458281 1.242746 6.329052 1.090852 3.156121 3.127309 1.060410 1.102518 1.288928 2.868775 5.928720 3.795305 2.147144 6.061304 5.358195 4.482204 3.497434 1.372394 3.266788 2.490883 0.472772 7.140632 0.943367 5.158807 
6.976329 0.036453 6.584224 5.850405 2.039996 4.080436 1.264041 2.612110 1.575646 3.816608 2.989533 1.513262 4.640310 3.784341 6.349983 3.242753 6.018718 4.237338 0.981884 4.361703 5.088544 3.800550 2.429474 1.465197 3.812393 
7.276725 0.188452 2.959417 6.795409 3.494089 1.255433 0.336415 2.324934 6.353186 2.481417 2.758740 0.159936 
6.460321 7.452591 6.109600 6.877493 1.651626 5.842191 0.784185 2.239784 4.752488 6.892840 2.934505 1.733675 6.329651 7.223349 0.011925 6.525837 
6.485875 0.041483 1.581930 1.825935 2.500352 2.576192 4.852307 0.573548 4.617050 7.454869 3.565077 4.081444 2.892992 5.243475 
1.347817 1.436092 7.373850 2.301593 6.466810 3.397142 3.044117 6.927322 3.033349 6.189243 3.448048 6.963458 0.083771 3.123936 4.335025 4.699161 1.636410 
6.048910 0.696569 6.031975 4.991217 3.637211 0.699226 5.478085 7.147383 1.475892 7.353843 2.362422 5.443665 3.391778 1.472940 1.848065 
0.694732 1.736005 5.543151 5.889629 2.586638 2.691203 6.972475 5.714334 0.308988 6.473124 1.534369 6.995467 3.178682 1.190475 2.085011 7.128306 5.334593 6.939956 4.554423 3.608935 
1.096720 0.295479 3.240669 5.182812 1.742100 4.298581 4.591433 3.366393 0.061708 6.193142 1.870205 2.248377 3.872201 2.394225 7.167535 4.989544 5.075333 0.451983 0.029837 
3.457841 4.792215 1.864349 7.168201 3.413470 1.425304 6.211119 4.178350 1.733432 3.183935 2.368034 6.848942 5.394919 0.546469 3.682791 6.821256 4.292850 7.036493 5.684394 
5.243788 5.404290 3.794304 2.181092 2.011533 6.578092 6.429749 3.489900 2.629412 5.681378 2.271834 7.311955 2.524941 1.157089 6.168664 7.407052 6.299206 
5.786696 4.888457 1.823272 5.618256 1.711625 5.458291 5.807386 4.744439 4.364377 7.207282 3.700532 6.589562 3.956375 1.991213 1.084584 
5.880264 5.611332 4.071304 7.413175 5.767388 6.820130 4.219253 2.175648 4.629265 6.157563 2.967818 2.133025 5.644425 0.952277 0.949361 7.092334 3.598055 1.914800 6.900198 1.085754 1.557519 6.525617 0.465793 
5.243123 5.050339 5.573320 6.012879 3.152008 2.279773 0.418344 3.046883 5.325948 6.532909 3.784255 2.310149 5.614449 0.424569 5.916292 1.125248 5.576857 3.058605 0.996471 
3.610711 6.397599 2.024205 2.744436 4.216257 3.708956 1.042305 1.335604 5.951980 5.713134 1.884643 1.300688 6.537607 0.973408 7.195215 2.706920 1.848405 3.102042 1.268842 1.121984 
3.264131 6.708135 7.270006 6.625194 2.054736 1.991133 5.683380 5.680109 6.796523 4.034761 4.467759 3.262219 6.174179 4.483706 0.174255 3.126840 2.465276 3.625714 1.998428 6.604778 3.360138 
3.788110 3.851508 5.720791 3.584932 1.714812 2.547252 5.090718 1.706951 6.719725 4.848026 4.783789 1.878854 5.955345 4.604142 3.629619 3.501625 5.033431 7.139934 1.700648 6.141368 7.015447 4.682722 6.486849 7.336612 6.711576 6.797346 2.626125 
5.827623 5.779199 4.091939 5.626514 7.198392 6.643553 6.939940 3.874421 3.191903 0.559769 1.098103 0.936887 2.518074 3.443149 3.533433 0.892117 4.543520 7.441036 3.248481 0.532815 4.684621 3.291666 
2.937472 7.177378 2.699414 3.276323 5.731875 6.887187 1.128211 6.788868 6.541867 3.336925 4.609593 3.239288 1.676089 3.952852 4.564852 2.921099 4.505766 3.096298 2.541414 2.561019 4.852993 1.567757 2.098443 1.696355 2.513056 
1.384236 4.386244 1.109138 5.801680 3.728561 7.162348 0.831215 5.220236 6.362358 3.610143 1.253089 3.926338 0.044742 5.232502 6.992162 3.341550 4.710243 
0.195560 4.263632 6.732416 2.080149 1.684923 3.952435 1.552416 6.901227 0.771919 6.546281 5.174071 3.920744 6.459443 5.453853 5.527528 
0.206152 0.776703 5.153603 4.281334 5.953906 5.102218 3.414006 1.264987 0.439824 2.001558 
6.234843 0.118984 3.265948 6.018226 0.639229 6.214110 1.462945 1.111504 4.432949 6.582295 0.517906 1.434794 0.937721 4.917660 6.618152 
6.752601 0.218108 1.454363 4.882729 0.438640 7.037982 0.478243 0.932626 2.739177 3.338717 5.400209 
0.822187 5.985442 7.331016 0.464042 3.726200 4.966914 5.654602 2.518560 1.733825 2.635892 0.660791 2.261076 6.891447 1.536804 2.252595 7.138558 
3.059108 6.341903 0.856259 1.961281 6.257071 3.223671 6.334735 2.795723 5.721495 0.679400 2.071330 2.632643 4.308747 2.385814 3.536156 6.828553 6.294822 2.055858 1.267861 2.326570 0.309622 5.411629 4.030955 
3.312721 6.007235 5.825563 0.230767 3.154183 5.183590 5.951086 4.054629 4.441530 2.122750 3.804592 2.626197 1.591555 6.721661 3.346145 3.456974 0.509791 6.867323 2.689521 2.550925 7.013518 6.727607 0.434411 2.782499 4.464178 4.936064 4.315693 1.596991 2.767337 4.529126 5.131619 0.708644 7.362521 0.045236 2.657168 4.826209 
5.477330 7.357103 1.242611 0.050997 2.746783 0.811598 7.121775 2.044399 2.820738 1.271317 4.292714 4.962786 6.878846 6.215480 2.993298 5.435348 0.685310 5.029706 2.023467 2.700924 6.166337 7.157324 0.468280 1.781213 0.832788 5.034090 5.191516 1.435155 2.478626 2.475677 4.401318 1.354771 7.365630 3.419138 1.253378 
3.325474 7.052621 1.386690 5.424127 1.249529 0.981910 0.974377 1.837198 4.332336 2.070775 4.556401 4.451514 4.140201 7.201118 2.393178 5.546308 0.172651 4.977768 1.553259 1.858575 2.935268 2.084082 0.680136 2.370859 0.803153 3.547062 5.299681 2.697029 2.478976 3.503888 5.313880 4.785690 6.537292 5.863204 4.569551 
1.067623 6.801651 1.617653 6.488045 1.306286 4.380847 2.923315 2.817191 4.472387 7.206089 6.098064 2.852425 3.226592 1.771497 0.342757 5.348242 0.320838 6.302948 3.837812 2.592360 4.263558 1.713272 0.858070 1.793419 1.344385 3.666749 6.848885 4.774411 6.752297 7.496869 3.292059 
0.687395 0.628457 0.300207 6.975419 1.325120 1.870670 6.852064 0.914118 4.806789 5.505956 6.586638 2.945756 0.660819 6.350140 1.346961 6.100262 0.355711 5.857746 3.939884 6.771804 4.154661 3.327848 0.809898 1.093358 1.913192 2.295684 6.036494 6.781688 7.271483 
7.294636 2.089788 3.429317 6.323092 2.707537 1.481771 6.668814 1.382985 3.407522 1.784898 5.678784 2.210075 0.400717 0.954891 0.375582 7.155145 2.612964 5.219862 1.056812 5.558463 7.143332 5.107457 1.121224 2.001491 0.191818 0.612797 5.985981 7.046718 
6.179495 0.670012 2.965160 5.165776 3.327800 1.829124 1.297223 1.533079 2.126548 6.198721 4.115045 1.957918 0.548079 1.341949 2.881608 3.093656 2.628863 1.029465 0.691552 5.388436 0.696391 4.526142 2.443864 
