2.597759 1.407434 2.607385 3.027926 3.859705 2.292328 2.477330 3.817836 3.341249 0.239691 0.169153 3.860546 1.091904 1.273706 4.499284 1.788412 2.129402 1.285545 5.071337 5.092604 1.716858 0.313522 1.838640 4.061700 4.070703 0.524514 4.129197 1.134928 2.657507 3.821125 0.480543 
0.992567 0.257870 0.097457 0.243787 2.603823 2.575295 1.210137 4.619310 0.106824 0.549602 0.425398 0.056195 1.108169 2.858496 3.240565 1.251185 0.104309 0.789314 4.035668 0.188746 1.499563 0.944786 4.598261 0.791066 4.188021 0.894511 2.782323 4.470459 2.325844 3.257585 0.101567 1.852431 4.298474 0.648763 
4.154009 1.894245 3.102135 2.686269 0.022199 2.351609 0.877431 3.127318 2.146060 1.732217 3.146736 3.131846 0.356330 0.225750 2.523175 3.650850 0.751891 3.052383 0.923485 0.546778 1.628477 4.223270 2.843158 2.421949 4.854780 0.202352 1.631233 4.653127 3.319244 2.317707 
4.825993 4.939108 2.335467 2.934474 3.991464 1.316728 1.980077 4.663904 3.749389 3.700455 4.776912 1.954262 0.813126 2.403429 2.737430 5.004878 1.839886 1.732630 2.122306 2.713073 0.215198 0.814138 2.915724 1.528210 5.130518 3.033878 0.715218 2.993115 4.137954 1.109791 2.251888 2.671231 1.276748 0.082499 3.825431 4.453758 1.710194 1.310090 
2.489193 5.039704 0.783599 3.201062 3.401074 3.830423 2.522686 3.741398 4.928945 2.955426 4.304028 2.220857 2.036257 2.103686 3.145508 4.615674 3.799219 1.191181 0.232308 1.950885 0.746991 1.443837 2.586557 0.584787 3.528315 2.537519 1.662242 4.658610 1.584751 3.961887 0.980104 4.087601 4.479433 0.019055 5.041765 3.042560 4.148096 3.309676 4.088631 4.868944 4.581674 2.805935 3.137043 2.380107 
2.342952 3.479982 1.179530 2.267847 2.165594 3.866845 0.172929 1.615076 3.268370 3.983344 1.236658 0.143317 5.199946 4.595245 2.562682 4.544178 4.647955 2.876655 0.906579 1.595086 1.843141 3.103852 3.123857 4.416514 3.335039 0.700808 1.184435 3.903505 4.819277 4.340148 1.260709 4.811785 4.183193 0.699923 4.930375 2.449105 0.333564 2.656799 2.870070 
2.603721 1.727477 2.492861 2.772447 1.348009 3.550966 1.750286 2.423874 3.066920 5.090532 1.135973 0.241668 2.797585 4.324081 4.437438 3.751545 3.276815 2.331309 3.121682 0.862334 2.717566 3.043087 5.137128 2.894303 3.253270 4.141187 2.959686 4.091740 4.788965 4.863493 1.087133 2.572792 3.689512 
2.264761 2.765362 1.789782 2.590470 1.772191 0.553402 2.875129 2.106628 5.105529 4.356444 0.582593 3.447758 3.582576 5.117390 1.182880 2.325967 1.197283 0.300874 4.779646 0.822997 2.142198 5.009660 2.774421 4.567913 2.254852 4.569761 3.243322 2.776279 0.930181 4.168434 3.784670 4.168766 1.957988 
3.646192 3.052107 0.785319 4.043740 1.747371 3.324275 1.266364 3.215668 2.977231 3.663718 1.593536 2.795056 3.507709 3.508934 1.349650 4.885526 1.166976 0.356764 3.810418 2.659964 4.884034 3.829494 3.383606 4.197696 0.721522 5.160603 4.503490 1.907688 2.602154 4.995659 2.712709 0.186344 4.458403 5.107596 4.374330 0.966866 0.845734 4.165183 0.059855 4.617797 
4.587571 1.840823 0.168972 4.234991 1.219158 2.441022 2.088300 0.245160 3.464936 2.739380 1.100111 2.586803 3.636805 4.699682 3.012688 3.905170 0.428273 2.306072 2.180889 3.718690 4.297274 0.616100 4.960930 3.618347 2.135687 4.649727 4.107366 1.160697 0.076251 4.767853 1.445545 0.734150 4.889741 5.011403 2.569252 3.384743 3.783530 4.369378 0.399714 2.028951 4.774656 
3.943697 1.067287 3.076646 0.929570 1.053991 2.540684 2.718065 0.018240 4.673337 4.760005 0.432380 2.277846 4.342491 4.334098 4.811874 4.877951 2.861766 2.225962 3.390126 1.474580 4.197734 0.728913 4.920339 3.320717 1.281335 0.587892 4.837061 2.451365 1.590975 3.630545 1.382526 0.005177 3.651625 
2.225040 3.389959 4.521605 5.077097 3.801712 3.431147 3.463580 1.006006 0.340334 4.309566 1.252405 3.416142 4.444766 4.515012 2.557763 5.108062 4.369105 1.605682 4.921705 1.690707 5.084112 1.151459 3.463956 4.449728 3.390956 4.840422 4.638802 3.039788 3.792115 1.740262 0.145465 2.439105 3.109568 0.866907 2.506982 1.223179 
1.825434 0.490543 2.901698 4.379002 2.508217 2.633265 2.281819 0.080365 1.161650 0.613091 1.535054 3.528243 3.508841 2.583081 2.929187 2.650398 4.205147 4.608104 3.796390 1.175877 3.698818 2.654440 1.658875 4.252017 1.631845 4.796677 4.178948 4.800577 2.710298 3.338179 
2.402217 4.708397 4.791237 4.396129 1.698287 1.763267 0.666439 0.522293 1.383946 0.974209 2.157886 3.892615 5.180560 1.472639 2.680780 3.130961 
2.429460 4.666556 3.871701 4.008609 0.441754 3.305327 3.356494 4.643057 1.094379 1.814194 0.588314 0.712601 5.099826 0.690717 2.679171 2.861126 4.570689 3.331266 3.001543 2.549409 2.159423 5.101708 1.468110 2.904033 3.891450 4.136583 1.333756 0.933627 3.738930 1.669230 
2.637073 1.741876 0.204281 2.496353 2.773238 1.401787 3.155895 4.687983 3.567291 1.423686 1.432607 4.367734 1.421898 0.817115 1.262641 2.281905 3.560471 0.319955 3.445390 0.261526 4.731127 4.614600 3.032051 4.996657 4.891332 0.973239 
3.240497 2.832448 0.299775 4.595777 2.841029 4.239101 5.079013 3.286991 3.265344 0.431122 0.878085 0.380202 3.891806 1.036025 0.019536 1.672609 0.009087 2.318307 4.358895 1.940645 3.462632 2.361047 1.402816 
0.450237 3.180363 0.298189 0.873212 1.871281 2.541722 5.198342 1.664335 4.227035 1.352768 1.002783 3.964779 2.888320 4.257233 2.128681 2.933715 0.126202 1.827230 4.267862 3.520658 2.066950 2.662250 4.084944 0.901548 2.337888 1.957958 5.109623 3.786555 5.000825 1.371516 2.055005 1.434915 0.553953 0.943740 0.565559 
2.438057 3.404658 1.665336 1.598912 0.783424 4.094997 3.491603 1.153484 3.360228 5.186028 2.302678 3.045127 5.069766 2.767405 3.813996 3.080292 0.781643 0.630754 0.340907 3.387952 0.756421 4.195125 3.923967 1.251733 0.928463 2.090368 1.219088 4.803080 4.471163 0.668096 
3.106934 3.804967 3.445885 0.452351 1.078339 4.842916 2.969167 1.074471 4.175254 2.367921 2.283288 0.108804 4.431959 4.483685 2.608178 4.681028 1.831151 0.226638 3.118741 2.068937 2.089079 4.460085 2.626768 3.404667 3.187423 3.661363 1.595007 0.468422 2.472620 0.775150 4.519451 4.912707 0.360753 5.003824 4.897100 
4.600318 4.508759 1.419664 4.684757 2.071571 1.573308 2.080839 0.624062 2.646391 4.374421 2.355520 4.457352 3.215277 4.220825 2.352601 0.299570 4.304588 1.948462 1.049335 2.403272 3.088902 2.093715 3.606287 4.882616 0.696386 2.528862 4.570631 
4.243868 3.383453 2.045150 4.349658 1.434497 2.806254 4.766960 1.716129 1.818959 4.279576 2.392354 1.110083 1.653460 3.119045 1.893380 0.452507 4.963566 4.236595 0.463358 4.639270 0.324732 1.175420 0.119464 0.618707 2.474075 0.263798 2.912301 3.196740 0.337586 0.213909 2.086920 
4.662618 1.396240 2.310359 1.968921 0.257670 1.262201 5.082023 2.309387 3.077326 5.143711 4.329941 0.357054 1.458146 4.223542 5.085764 2.970974 0.229476 2.673850 2.028632 4.195749 1.162264 4.713786 0.133651 2.703527 1.000975 4.099587 0.035530 2.463437 
0.489917 2.746360 5.126257 3.275004 3.533077 2.005674 1.890132 3.307576 4.884704 4.874705 1.950865 4.097854 4.722293 4.506532 1.195019 0.495864 0.745452 3.087554 2.363632 4.059506 1.033639 2.388445 0.593590 1.524190 0.869475 4.451299 5.076172 3.355018 0.634358 
0.432844 1.033403 2.702959 2.653467 3.668854 1.516553 2.144539 4.901475 4.881442 4.870945 1.105529 1.593224 4.168477 0.519025 4.766530 2.988102 2.651321 3.048133 4.302177 4.770539 2.951441 0.986241 0.861804 0.319780 0.783412 1.943957 4.520820 1.765119 2.748051 4.674732 2.474402 3.122651 2.177977 2.297161 2.225439 3.053711 1.195588 
1.451739 3.663823 0.290937 3.445049 0.755615 4.369456 0.295989 3.967004 3.343923 3.423331 1.469026 1.682681 5.099385 0.196400 3.107493 3.417307 1.716492 2.862979 4.416343 3.684707 3.726261 2.221160 3.418891 2.256436 1.870697 1.067799 0.694829 3.835580 4.191088 5.176498 2.602509 3.948356 0.816250 1.502232 3.973896 1.860577 4.305050 3.912943 2.893811 
0.506462 5.016590 0.679739 4.499195 1.678952 2.700884 1.350092 2.727779 1.783179 1.693551 2.350897 1.434441 3.884654 0.202239 3.540044 3.966710 4.777707 3.663684 3.936584 2.480903 5.130678 3.599280 3.489462 3.129605 4.834255 0.242267 2.726209 3.024713 3.496566 4.691153 0.004240 5.047202 1.045900 3.862134 2.011002 1.303313 2.369206 5.067012 0.437033 2.806175 2.047584 
0.279509 4.233048 4.090185 3.883746 2.047520 3.876638 2.833223 1.892220 1.679004 2.827938 4.133272 2.909872 4.995253 0.151740 5.152935 3.814204 5.119186 2.029582 0.184339 3.634253 4.553906 5.103121 0.285678 4.358629 3.454449 0.073227 4.048331 3.084949 3.528321 5.182942 1.141493 3.900910 0.145689 2.537282 2.144620 3.373307 2.620261 4.996097 2.214544 2.035988 4.302576 3.151496 
0.316961 4.416080 1.848163 4.184772 4.162984 4.180652 4.505047 0.788065 0.449305 3.706147 3.210605 2.802722 4.300356 3.923592 1.481921 3.187418 4.654001 2.344099 1.254389 1.589696 0.514571 4.814837 1.956449 0.904843 5.175381 0.013498 2.745069 2.780993 1.350597 4.799147 
0.165214 3.520612 0.683035 3.176417 3.529060 4.702970 2.941609 3.323484 1.935545 3.303732 3.032442 1.732697 3.118356 0.978542 5.107002 2.531429 2.490235 2.141721 2.063580 3.203789 2.766733 2.415923 5.026921 3.355353 4.801099 0.128001 1.580140 
1.283440 1.315562 2.428577 3.502863 2.350501 3.982651 3.362982 3.662586 1.521771 4.306810 5.025657 0.354040 1.107886 1.551425 3.936347 0.912180 1.034894 3.275739 3.355334 3.801811 3.854484 1.061960 3.260552 3.898824 2.527712 4.889972 0.003915 2.471563 2.000285 3.777916 0.273816 3.208803 
0.900757 4.913907 2.667617 4.024802 1.577674 3.362754 1.294154 0.320603 2.293018 0.783377 3.830618 0.997875 0.681148 1.881063 3.333464 3.078472 2.929131 3.611715 2.886517 3.286387 0.101882 1.869834 3.665439 5.057103 3.403591 4.129152 0.176364 4.017972 2.573470 4.438649 0.542531 1.891309 
0.948278 4.470331 2.035210 4.901736 0.079195 0.589319 0.751192 0.811160 0.354110 1.513196 0.366601 0.395113 2.957114 1.836421 3.675583 1.601024 2.097517 2.309407 2.990974 3.631517 4.082729 3.053524 2.080688 2.293011 0.695299 
5.173243 2.006537 4.224593 4.567929 3.390062 2.327275 2.321619 2.048699 2.549318 1.316998 2.276601 3.463524 3.929268 2.544232 3.108397 4.608310 0.688532 3.399625 2.379331 0.308387 4.316248 1.672558 1.249000 2.670060 2.561246 
2.561784 0.856820 3.372621 2.829642 2.982484 4.322386 0.991725 1.681441 4.401329 4.528652 2.342728 1.143894 1.889228 2.678484 1.591676 2.978465 0.128849 3.714880 2.743236 3.809784 5.046833 4.727047 0.125475 
4.201327 0.318236 0.457294 1.747131 2.954310 3.124681 4.427522 2.860314 3.460186 2.828099 3.505505 0.806290 
0.809699 2.822649 3.106710 0.095837 0.086372 0.589674 0.752210 1.425798 4.459146 2.101412 4.610109 5.082908 0.710722 2.532994 2.870274 1.750027 2.079438 3.958737 
0.771483 3.077855 2.852097 4.046521 3.042992 2.177858 1.019366 0.000781 0.911799 1.746934 2.976542 2.359866 3.755588 2.475444 
2.363043 2.046857 3.280106 4.374086 1.957836 3.989968 3.262788 0.481104 0.297766 3.164238 4.247296 
4.222498 3.132036 4.473277 1.639753 0.859287 5.072027 5.199848 4.625478 1.562524 3.074945 4.381637 2.474625 3.706260 0.868902 4.390655 3.344069 
5.033828 5.199863 1.550085 0.419422 0.577910 1.441319 4.759060 2.106817 2.670770 4.493969 
1.069270 1.197623 2.789682 3.837942 1.003115 1.926307 5.149651 4.033396 
0.841115 2.756759 0.838050 1.668817 2.572040 0.222106 5.050064 4.171629 2.344041 3.460005 4.173762 
0.672940 4.008702 2.892353 3.716992 3.973316 1.975398 3.651931 0.971887 0.773539 
4.361932 0.277609 2.917977 2.956937 3.373384 2.502801 3.742197 0.131011 4.386983 1.957070 0.652985 0.460117 4.165929 0.337209 5.073977 2.958182 3.315012 
4.375044 1.477974 4.694327 3.206530 0.857604 3.651961 
2.226223 2.978849 1.526530 5.155404 4.954640 4.487567 0.114866 3.023405 
1.731496 3.366541 3.274316 3.875646 3.934117 4.042637 0.204427 4.189959 3.216905 4.458855 
3.397362 4.187185 4.388989 4.785358 4.637647 3.491175 2.733968 3.330987 3.246045 0.738440 
4.716012 4.284595 0.520541 0.929730 2.359752 2.423875 2.991955 5.181875 
4.968199 4.244519 4.437110 1.536124 2.468082 2.820791 1.829923 5.140947 
0.346612 2.827394 1.079711 1.127847 3.863998 3.324565 2.216625 
3.401842 2.705082 1.062461 0.905683 3.302315 0.649343 0.454971 1.497434 
4.330909 1.662805 0.918147 1.337525 
4.655450 4.319875 3.190204 2.010742 5.100521 0.778563 4.239979 1.684793 3.057622 
3.191226 3.322694 3.915757 2.022852 1.467677 2.204008 5.173311 2.201381 4.285503 
1.637044 0.018950 3.730393 1.070418 4.484581 2.293437 0.104855 
0.353482 2.209069 1.686068 2.053135 3.002656 1.810347 2.128867 3.834232 0.974623 0.165029 4.690305 4.172282 1.275218 3.800304 5.161466 4.864774 3.162162 2.996138 4.009902 1.003668 3.990550 
2.583903 1.065140 4.997508 3.493972 4.588090 1.974023 1.737044 4.692231 0.690091 1.081298 3.724150 1.538541 0.473769 1.129958 2.693222 4.899294 4.910740 3.423484 3.380618 
3.326841 3.219561 4.628496 4.122828 1.557917 4.149060 4.302483 3.489342 3.936332 1.707190 4.153926 1.450635 0.330313 2.839972 2.517752 3.852470 1.393202 
3.380313 4.799975 4.710596 4.644830 0.876579 0.746841 2.879816 0.682482 0.311569 4.337348 1.415927 2.272806 1.085336 5.184783 4.829114 0.707697 
3.901007 0.997872 4.981247 2.538351 3.652123 1.356668 3.265044 3.122895 0.971928 3.331125 4.399371 4.241267 4.583088 
1.046709 3.229721 3.473620 4.580800 3.462556 4.853098 2.804036 1.873465 1.518532 3.266977 3.693523 1.152370 1.448634 3.073124 3.918183 
5.141380 1.638605 1.978903 5.036197 3.252233 3.390721 2.130726 0.335657 4.039991 2.218240 0.135251 3.358171 3.902429 
3.107182 0.641510 0.747013 0.938013 1.840674 3.804558 2.441880 1.584292 4.514605 1.713715 3.004396 2.167001 4.852144 2.869874 0.218360 4.335098 1.681408 2.709954 1.751639 3.875763 1.332022 0.998659 
4.449252 0.100747 0.286590 0.955561 1.610966 1.213019 1.253025 4.427529 1.814065 4.715298 4.387654 0.164108 2.635890 4.367730 0.194434 3.277038 4.753529 2.838489 1.113515 2.008363 2.275784 4.423380 
5.179052 3.045296 1.153941 3.417997 1.041756 3.632154 3.743587 4.252853 0.960225 1.556442 4.394518 4.473693 2.040856 3.534118 4.966549 0.475144 2.879031 4.533863 
4.331146 0.693042 1.104731 1.301432 0.360652 0.411347 4.851312 4.344292 1.177036 2.157789 4.511929 3.238464 0.215153 3.159058 4.544446 0.762969 4.503333 0.750617 1.516085 0.166674 2.696137 2.066666 3.933032 3.705337 4.535435 
4.453655 2.950439 3.933303 1.780933 0.147622 2.705756 2.761940 3.075935 5.106750 4.069035 0.821216 1.763018 3.593850 2.947002 4.122815 1.175111 3.921052 0.314870 2.873563 0.371383 3.523877 1.633815 1.331810 2.741686 4.209175 
3.964704 0.035555 3.761410 3.317596 2.425990 0.888812 1.582864 3.152404 4.674409 2.712110 1.496956 0.521856 
3.956365 5.187436 2.801033 3.267255 0.033880 3.043866 1.198048 0.760497 4.688100 0.626514 2.248373 1.465329 1.061612 3.538608 1.230817 5.019789 
3.070969 2.913671 4.831210 0.880461 1.099022 4.705541 1.928066 2.769767 3.416349 4.453260 2.577549 0.321828 3.962118 0.773797 
3.943183 1.674507 2.155298 4.992574 2.098321 2.002026 4.100674 1.180875 4.585432 4.766633 1.899537 1.156028 5.001702 4.430001 4.445817 4.643811 1.081160 
2.467744 1.371641 0.111242 4.549416 3.037143 0.172084 3.108633 3.380755 2.588007 1.989071 3.752030 2.024491 4.620301 1.681920 5.000924 
1.929662 2.848578 1.551606 5.078335 3.173235 0.713108 2.041081 2.780438 2.661132 2.666082 0.527072 4.333069 3.779057 3.499772 2.912408 1.432193 4.634408 3.863096 4.577613 1.113484 
4.376525 4.193296 5.157256 4.938247 3.682832 5.117717 3.972671 4.821116 3.235726 2.611502 2.980789 4.248039 2.387337 3.978210 2.873350 0.544657 0.312151 4.123681 4.503085 
0.502883 3.768717 3.809735 0.785722 2.866323 3.779991 3.303774 2.446338 3.042946 1.516575 2.760586 1.517308 5.025067 3.874563 0.910475 4.032575 1.416512 3.541269 1.754987 
0.903372 4.020694 4.748206 4.864622 3.003711 2.106499 2.785943 2.882226 2.496878 0.816910 2.754611 1.792087 2.954091 4.269630 2.773062 4.118278 2.092765 
0.579756 5.158748 3.063692 4.513105 2.880037 2.252450 1.016866 2.809077 5.173694 0.389652 3.164201 2.093029 3.339886 4.078239 2.128691 
1.442018 4.901237 4.045325 3.998801 0.395839 3.293135 0.136581 4.055998 5.056917 3.026997 1.516906 3.940470 4.531442 1.296505 1.644878 2.377345 5.076154 2.213079 1.974709 0.082390 2.385833 2.761067 2.844427 
1.349211 4.212760 3.059040 4.212569 4.299227 4.803394 4.621168 3.633378 4.983485 2.317105 2.157152 3.013965 4.339430 3.543711 3.428028 2.698576 2.452601 0.910383 3.919630 
1.276401 4.255617 2.864187 0.032015 0.292995 4.346594 2.907886 1.108025 3.871798 3.876680 3.228289 4.099685 5.008645 2.158431 1.709131 1.352396 2.431302 2.762721 3.104756 4.595621 
2.188743 2.154314 2.424596 4.317479 0.631676 5.018785 4.033068 2.293896 4.226270 2.489981 4.688933 4.785195 4.737471 0.892828 4.776375 0.402221 0.977453 2.469020 1.094074 3.299442 4.288244 
2.258501 3.456823 0.813564 3.173570 0.753894 2.718020 4.910690 0.337742 2.237158 0.580374 3.978678 1.789760 1.023586 1.314924 4.255226 4.330700 3.677145 2.519087 2.106659 2.447961 0.075184 1.734209 4.914427 1.348694 3.111596 1.392528 3.544572 
4.521048 4.407287 4.705834 2.014465 1.773463 0.956717 2.989147 0.420401 5.116470 2.531553 3.895394 3.541975 4.370230 1.875055 0.976253 4.487955 1.793839 2.055985 0.042312 3.584145 2.433159 5.185333 
3.891040 1.376150 4.480688 2.791950 0.413354 3.296519 2.958172 3.734092 4.056312 2.678454 4.895533 3.308377 4.610983 4.228361 1.476591 4.021478 3.443182 3.795095 4.594457 0.077618 5.137180 0.162132 3.572437 4.654738 4.387617 
1.835904 3.442967 5.187657 3.812627 0.754220 2.861738 1.388564 3.756453 3.451497 4.709180 0.639700 4.900080 4.037509 5.066379 1.567809 2.903478 4.355072 
0.244799 3.440251 2.170760 4.498149 3.736911 2.621874 0.101459 1.353752 3.301454 0.284021 4.044797 2.423599 1.248251 3.579048 2.371960 
0.377578 4.111906 4.181097 3.821441 2.404069 4.490756 3.402819 4.470662 3.833659 2.842047 
3.401806 3.936773 3.181571 4.635759 0.365837 3.425946 0.418715 5.154694 3.415895 3.632411 2.078180 4.819065 3.849609 2.534347 2.925421 
2.283889 3.050858 2.021557 0.992919 0.168390 2.345756 4.790259 3.223195 4.292218 2.475318 3.866947 
1.517430 3.222860 4.092208 0.778972 3.476116 1.763088 4.753953 3.149904 4.585837 2.424496 1.300143 4.449597 3.083919 2.130207 3.785199 5.165289 
4.011153 3.269324 4.271608 0.772790 4.366182 2.980881 4.804660 0.169155 0.811925 4.193862 2.016973 3.678359 3.303275 1.797010 3.710137 2.766312 4.346151 1.259037 3.430749 0.864331 4.175963 2.037523 0.216995 
4.583280 0.999973 2.497219 0.473261 4.783355 1.555488 4.281323 4.825511 0.676923 2.864740 0.144919 4.783259 2.762410 5.168255 1.699504 2.653108 4.553660 1.209272 1.916194 0.375977 4.153535 1.791018 3.339858 1.479433 4.033521 2.435297 3.819554 3.401504 3.199100 2.862887 4.762793 0.564020 2.531594 5.135782 0.289485 3.306872 
2.979325 2.186773 1.668170 1.462001 4.745910 4.917508 4.386965 4.534293 5.171508 2.543522 4.917606 2.945178 2.571083 4.516085 1.642715 1.339990 5.186335 1.310685 3.395633 2.185960 1.381158 0.158965 3.216450 1.506645 0.654120 4.587663 4.455479 1.569427 2.657239 3.353404 4.675308 2.598692 3.390288 2.775186 1.557603 
4.889415 3.142927 1.737824 1.405562 1.049647 4.919585 3.969372 3.489401 3.719580 2.719389 5.154746 1.454891 3.644484 3.129715 3.411308 2.319908 5.036711 1.207086 1.772780 2.798131 0.893312 0.063759 0.348915 1.304740 0.280422 3.112321 3.233129 3.399271 3.644611 4.119613 0.356594 1.110389 0.817454 3.234674 1.248716 
3.860555 0.999763 1.814163 2.207725 4.594166 4.994936 4.278141 1.525070 4.757552 4.471523 4.998984 2.646034 3.510893 1.673745 0.519986 1.433731 3.808125 2.779438 2.841619 3.082482 0.440066 2.493152 1.294618 2.177885 0.869944 4.260376 4.299434 2.943002 2.327818 4.314915 4.550138 
4.821450 1.758117 4.763360 3.850166 2.617259 3.568599 1.715190 0.039219 3.537726 3.332436 5.115376 4.514476 4.131825 4.307991 1.315386 1.554391 2.495324 0.044636 3.916276 1.484007 1.489595 2.374677 0.790469 4.818516 0.270260 1.253398 0.444827 3.544118 4.064637 
4.724062 2.699173 2.631508 1.300969 0.281209 1.679479 0.589128 3.342645 0.284973 1.728098 4.562391 3.700127 3.530245 1.207410 3.104847 1.531490 3.071237 1.234991 0.509631 3.130082 4.678082 2.778931 2.530304 3.522677 2.274244 5.129636 0.257239 1.027416 
4.660859 1.835696 3.317682 4.679767 2.042661 0.119605 0.530143 0.285503 1.429125 2.626850 4.214401 4.214626 1.546010 1.349197 2.958318 2.313635 3.541360 4.812298 0.024244 1.914371 1.709184 3.394084 0.779132 
