       0        0        7
0.967742        0        5
 1.93548        0        7
 2.90323        0        2
 3.87097        0        1
 4.83871        0        1
0.483871     1.04        2
 1.45161     1.04        9
 2.41935     1.04        2
  3.3871     1.04        1
 6.29032     1.04        1
 7.25806     1.04        5
0.241935     1.56        5
 1.20968     1.56        3
 2.17742     1.56        8
 7.01613     1.56        4
0.725806      2.6        7
 1.69355      2.6        6
 3.62903      2.6        4
 4.59677      2.6        1
 6.53226      2.6        5
     7.5      2.6        6
0.241935     3.64        8
 3.14516     3.64        1
  4.1129     3.64        1
 5.08065     3.64        1
 6.04839     3.64        6
 7.01613     3.64        1
 5.32258     4.16        2
 6.29032     4.16        4
 7.25806     4.16        9
 1.93548      5.2        1
 4.83871      5.2        8
 5.80645      5.2       12
 6.77419      5.2        4
