 1  9
 1  2
 2  1
 2  9
 2 10
 2  3
 3  2
 3 10
 3 11
 3  4
 4  3
 4 11
 4 76
 4 72
72  4
72 76
72 77
72 73
73 72
73 77
73 78
73 74
74 73
74 78
74 79
74  5
 5 74
 5 79
 5 12
 5 75
75  5
75 12
75 13
75  6
 6 75
 6 13
 6 14
 6  7
 7  6
 7 14
 7 15
 7  8
 8  7
 8 15
 8 16
 9 17
 9 18
 9 10
 9  2
 9  1
10  9
10 18
10 19
10 11
10  3
10  2
11 10
11 19
11 20
11 76
11  4
11  3
76 11
76 20
76 80
76 77
76 72
76  4
77 76
77 80
77 21
77 78
77 73
77 72
78 77
78 21
78 81
78 79
78 74
78 73
79 78
79 81
79 22
79 12
79  5
79 74
12 79
12 22
12 23
12 13
12 75
12  5
13 12
13 23
13 24
13 14
13  6
13 75
14 13
14 24
14 25
14 15
14  7
14  6
15 14
15 25
15 26
15 16
15  8
15  7
16 15
16 26
16  8
17 27
17 18
17  9
18 17
18 27
18 28
18 19
18 10
18  9
19 18
19 28
19 29
19 20
19 11
19 10
20 19
20 29
20 30
20 80
20 76
20 11
80 20
80 30
80 82
80 21
80 77
80 76
21 80
21 82
21 83
21 81
21 78
21 77
81 21
81 83
81 31
81 22
81 79
81 78
22 81
22 31
22 84
22 23
22 12
22 79
23 22
23 84
23 32
23 24
23 13
23 12
24 23
24 32
24 33
24 25
24 14
24 13
25 24
25 33
25 34
25 26
25 15
25 14
26 25
26 34
26 35
26 16
26 15
27 36
27 37
27 28
27 18
27 17
28 27
28 37
28 38
28 29
28 19
28 18
29 28
29 38
29 39
29 30
29 20
29 19
30 29
30 39
30 85
30 82
30 80
30 20
82 30
82 85
82 86
82 83
82 21
82 80
83 82
83 86
83 40
83 31
83 81
83 21
31 83
31 40
31 41
31 84
31 22
31 81
84 31
84 41
84 87
84 32
84 23
84 22
32 84
32 87
32 42
32 33
32 24
32 23
33 32
33 42
33 43
33 34
33 25
33 24
34 33
34 43
34 44
34 35
34 26
34 25
35 34
35 44
35 26
36 45
36 37
36 27
37 36
37 45
37 46
37 38
37 28
37 27
38 37
38 46
38 47
38 39
38 29
38 28
39 38
39 47
39 48
39 85
39 30
39 29
85 39
85 48
85 49
85 86
85 82
85 30
86 85
86 49
86 88
86 40
86 83
86 82
40 86
40 88
40 89
40 41
40 31
40 83
41 40
41 89
41 90
41 87
41 84
41 31
87 41
87 90
87 50
87 42
87 32
87 84
42 87
42 50
42 51
42 43
42 33
42 32
43 42
43 51
43 52
43 44
43 34
43 33
44 43
44 52
44 53
44 35
44 34
45 54
45 55
45 46
45 37
45 36
46 45
46 55
46 56
46 47
46 38
46 37
47 46
47 56
47 57
47 48
47 39
47 38
48 47
48 57
48 91
48 49
48 85
48 39
49 48
49 91
49 92
49 88
49 86
49 85
88 49
88 92
88 93
88 89
88 40
88 86
89 88
89 93
89 58
89 90
89 41
89 40
90 89
90 58
90 59
90 50
90 87
90 41
50 90
50 59
50 60
50 51
50 42
50 87
51 50
51 60
51 61
51 52
51 43
51 42
52 51
52 61
52 62
52 53
52 44
52 43
53 52
53 62
53 44
54 63
54 55
54 45
55 54
55 63
55 64
55 56
55 46
55 45
56 55
56 64
56 65
56 57
56 47
56 46
57 56
57 65
57 66
57 91
57 48
57 47
91 57
91 66
91 67
91 92
91 49
91 48
92 91
92 67
92 94
92 93
92 88
92 49
93 92
93 94
93 95
93 58
93 89
93 88
58 93
58 95
58 96
58 59
58 90
58 89
59 58
59 96
59 68
59 60
59 50
59 90
60 59
60 68
60 69
60 61
60 51
60 50
61 60
61 69
61 70
61 62
61 52
61 51
62 61
62 70
62 71
62 53
62 52
63 64
63 55
63 54
64 63
64 65
64 56
64 55
65 64
65 66
65 57
65 56
66 65
66 67
66 91
66 57
67 66
67 94
67 92
67 91
94 67
94 95
94 93
94 92
95 94
95 96
95 58
95 93
96 95
96 68
96 59
96 58
68 96
68 69
68 60
68 59
69 68
69 70
69 61
69 60
70 69
70 71
70 62
70 61
71 70
71 62
