    67.290412 187419.293338
    70.435392 187420.333837
    64.618979 187420.641405
    61.812542 187429.468478
    73.544517 187428.719798
    64.476344 187429.154728
    60.836578 187428.692725
    68.993056 187428.736791
    65.008781 187433.946225
    59.127789 187422.106457
    68.988837 187427.712524
    58.923669 187427.065623
    63.098196 187417.280731
    59.699597 187415.428685
    59.219839 187414.464883
    61.371255 187405.135243
    62.127076 187423.233453
    54.174475 187416.987689
    65.044907 187434.066761
    59.512016 187426.159111
    70.778573 187435.613074
    66.718832 187428.715459
    62.058073 187408.161203
    58.680622 187418.388645
    62.866719 187423.267218
    60.365139 187428.389906
    61.570806 187418.254310
    62.379448 187421.116669
    68.040300 187428.135999
    69.667415 187434.467280
    70.945719 187426.724702
    69.978854 187424.365131
    61.086312 187421.100529
    67.526164 187422.557938
    67.615258 187414.865301
    60.829680 187422.466609
    63.423554 187421.991000
    65.799762 187415.160638
    61.145382 187418.167057
    62.470450 187408.816799
    68.692032 187421.923047
    59.871371 187421.304899
    50.293992 187407.753605
    55.869124 187413.756437
    58.643512 187415.646099
    58.605225 187423.451626
    69.676079 187424.563911
    60.756908 187413.919644
    61.542254 187423.491386
    62.904299 187421.810654
    76.950329 187422.787569
    66.657385 187423.615256
    68.008612 187417.946985
    72.709168 187428.467883
    69.049802 187410.128146
    71.315184 187419.941205
    66.584844 187421.292225
    69.603602 187425.239171
    73.275914 187425.855885
    87.924895 187431.613278
    82.193446 187433.844285
    88.102875 187436.611326
    90.288123 187435.617134
    88.859974 187431.927144
    72.817525 187432.504363
    69.861785 187429.568621
    72.103706 187433.936127
    71.685180 187432.501730
    76.976230 187444.656448
    72.933619 187447.706366
    65.520591 187441.534730
    68.330292 187431.232868
    59.225539 187439.468936
    61.706889 187441.854306
    57.727325 187440.092657
    70.416438 187432.414650
    69.659466 187440.177556
    80.295881 187427.179446
    67.775034 187429.305882
    60.679905 187426.678918
    61.349486 187433.348368
    58.264038 187432.947946
    58.128907 187434.436836
    62.942775 187429.512266
    55.729440 187439.272789
    64.701508 187433.328323
    72.927240 187434.830756
    60.645310 187438.393132
    67.397319 187435.285710
    60.983228 187430.484999
    65.167099 187438.279952
    58.835689 187428.939623
    57.143999 187429.489009
    58.044591 187438.142544
    72.364511 187439.648907
    79.321937 187428.697927
    71.803184 187435.765668
    71.941354 187435.584995
    74.823947 187418.787719
    67.164282 187433.421758
