10.500730 5.685453 0.712653 
10.555152 6.041274 0.555486 
10.766678 5.627485 1.046603 
10.388783 6.372489 0.093529 
10.050378 6.433785 0.172250 
10.817458 6.030239 0.320683 0.426206 
10.817458 5.519478 0.985202 
11.187067 5.565992 1.165293 
11.187067 5.355022 1.219379 
11.145006 5.349895 1.567203 
11.365347 5.302116 1.507765 
11.149714 5.394199 1.374134 
11.483328 4.877123 1.584182 
11.212088 5.409542 1.108895 5.077719 5.052543 
11.231922 5.243534 1.509726 
10.694777 5.611219 0.581617 0.358127 
11.009790 5.577355 0.933557 
11.049638 5.073367 1.608776 
11.053098 5.274616 1.267107 
11.330328 4.808507 1.902172 
11.092360 4.986060 1.730888 
10.663056 5.663505 0.956695 
11.304459 5.083107 1.503728 
11.435533 5.084382 2.019178 
11.114595 5.576130 1.056278 
11.168837 5.047570 1.553937 
11.465614 5.289215 1.268683 
11.208940 5.526998 1.261767 
10.151307 4.770020 2.161475 6.314249 
9.279147 5.927444 1.025294 7.224949 
9.268810 5.466740 1.515471 7.618234 
9.002130 5.891541 1.413488 7.296324 11.045823 
9.099702 5.366101 1.679340 6.975248 11.458641 
9.967003 6.778124 1.257331 5.913513 
11.088346 5.620938 1.215180 
11.338708 5.000141 1.979292 
11.412437 4.619988 2.389122 
11.296282 5.110291 2.504273 
11.086386 5.113007 1.690662 
11.264735 5.303106 1.566099 
10.718400 5.498310 1.539884 
10.637826 6.125090 0.706312 
10.734020 5.512278 1.539097 
10.707746 5.727222 1.436139 5.348081 4.496242 
10.772035 5.440498 1.659949 5.300235 4.667173 
11.436180 5.095924 1.853440 4.997608 4.226295 
10.470572 6.105635 1.603680 5.306156 4.651539 
10.400878 5.561837 2.695961 5.048092 5.919774 
11.271688 5.373647 1.697181 5.124701 4.876782 
10.177425 6.258909 1.041047 5.618866 5.095404 
9.806083 6.483239 1.669853 5.878510 5.053405 6.382170 
10.104398 6.632240 1.245420 5.956345 4.840812 10.791355 
9.217436 7.715679 2.163903 6.263371 4.293411 
9.592976 6.918409 1.067215 5.668036 5.051097 
9.154363 7.362141 1.977843 5.881077 4.392247 
8.830580 7.470930 1.008435 6.105392 5.514084 
9.036988 7.584123 0.879603 6.196103 5.394374 
9.607776 7.025609 1.334619 6.276226 5.322309 
10.109883 6.189222 2.347793 5.669574 4.332382 
9.636170 6.702603 1.883836 5.699155 4.970037 
10.158418 4.109657 2.266411 5.615788 2.260814 0.283040 3.370593 6.378135 
10.940800 4.414022 2.230861 3.767770 2.508222 5.449416 3.991026 5.175426 
9.759950 5.194674 3.113101 6.553885 2.254919 4.876675 
8.989332 4.202201 3.452029 7.292881 2.768779 
9.979114 4.349782 2.628909 6.419279 
9.916606 5.666554 1.052219 6.647272 
8.812350 4.780529 2.330608 7.493238 
10.323180 4.430934 1.275623 6.130808 1.769401 0.322666 
11.325166 4.462045 11.435949 5.404550 2.493622 
11.325166 5.186324 11.435949 1.447053 5.498840 
11.325166 5.403124 11.435949 1.250812 
11.325166 5.395680 11.435949 1.333455 0.056259 
11.325166 5.266721 11.435949 1.220483 
11.325166 5.307564 11.435949 1.623852 
11.325166 4.977261 11.435949 2.063868 2.932568 
11.203957 5.211562 11.435949 1.983530 2.049289 
11.249983 5.478400 11.411570 1.172017 1.847281 
11.252862 5.537595 11.411570 1.310263 
11.290795 5.537595 11.476464 0.904849 
11.281861 5.256558 11.476464 1.203103 
11.281861 5.478263 11.487145 1.277246 
10.500774 6.067762 11.480159 0.826721 11.040153 
10.455861 5.927940 11.354393 1.023675 11.294907 
10.721420 5.799899 11.386031 0.974981 10.957982 
10.936571 6.082397 11.195923 0.693631 10.855273 11.319756 
11.108079 6.193591 11.168726 0.572142 10.734156 
11.171497 5.583182 11.461800 1.001279 
11.309359 5.404729 11.457692 1.105965 
11.259652 5.404729 11.426367 1.487290 
11.287005 5.404729 11.394120 1.119448 
11.192246 5.562214 11.407335 0.976219 
11.188453 5.458722 11.442360 1.165006 11.434798 
10.833092 5.831717 11.412589 0.804431 11.088601 
10.800897 6.226512 11.346536 0.369567 11.001071 10.671763 
10.428452 5.969751 11.317105 0.509810 10.553622 6.525998 
11.193266 6.191082 11.465399 0.347099 10.223890 
10.971591 6.463683 11.291788 0.191272 10.225913 
11.004357 6.199689 11.381979 0.143562 10.270129 
10.951517 5.854435 11.320129 1.077589 10.580670 
10.382863 6.301088 11.241736 0.004182 11.156825 
