0.000000 0.046634
0.000000 0.044567
0.000000 0.038199
0.000000 0.067165
0.000000 0.090602
0.000000 0.041860
0.000000 0.036003
0.000000 0.044597
0.000000 0.089803
0.000000 0.089285
0.000000 0.068624
0.000000 0.071919
0.000000 0.047705
0.000000 0.082630
0.000000 0.087382
0.000000 0.067075
0.000000 0.067033
0.000000 0.038932
0.000000 0.098921
0.000000 0.044393
0.000000 0.090739
0.000000 0.075496
0.000000 0.068882
0.000000 0.096528
0.000000 0.065886
0.000000 0.116903
0.000000 0.110817
0.000000 0.071461
0.000000 0.228631
0.000000 0.075559
0.000000 0.045706
0.000000 0.128790
0.000000 0.045106
0.000000 0.157026
0.000000 0.094330
0.000000 0.049536
0.000000 0.069962
0.000000 0.059573
0.000000 0.072880
0.000000 0.100626
0.000000 0.070795
0.000000 0.086027
0.000000 0.052092
0.000000 0.086829
0.000000 0.070447
0.000000 0.077293
0.000000 0.060826
0.000000 0.071802
0.000000 0.059017
0.000000 0.061859
0.000000 0.108689
0.000000 0.057104
0.000000 0.110430
0.000000 0.063927
0.000000 0.053662
0.000000 0.075745
0.000000 0.056833
0.000000 0.088147
0.000000 0.032070
0.000000 0.047841
0.000000 0.037446
0.000000 0.038985
0.000000 0.049593
0.000000 0.075668
0.000000 0.028226
0.000000 0.113289
0.000000 0.051384
0.000000 0.064489
0.000000 0.031820
0.000000 0.049467
0.000000 0.064496
0.000000 0.053900
0.000000 0.063718
0.000000 0.143738
0.000000 0.059714
0.000000 0.061460
0.000000 0.041932
0.000000 0.059020
0.000000 0.068400
0.000000 0.061856
0.000000 0.064710
0.000000 0.073533
0.000000 0.057439
0.000000 0.041861
0.000000 0.065014
0.000000 0.068414
0.000000 0.080079
0.000000 0.064416
0.000000 0.074438
0.000000 0.051125
0.000000 0.061760
0.000000 0.074032
0.000000 0.105186
0.000000 0.090579
0.000000 0.035980
0.000000 0.042299
0.000000 0.072052
0.000000 0.059992
0.000000 0.044093
0.000000 0.065162
