11.438317 3.527618 0.452033 8.120363 8.795718 9.871027 2.524608 1.314267 0.047278 2.493501 0.081022 6.619466 6.068515 4.908959 8.457515 7.523252 4.784134 0.203512 6.225215 
11.438317 4.225989 7.042302 7.841782 8.795718 9.948395 1.935040 1.381157 0.116065 2.279785 0.081022 0.063163 5.999082 4.738842 5.886562 9.997568 11.094900 0.882810 6.532084 6.074140 
11.399393 3.331835 5.959525 7.745580 8.671440 10.099460 0.431430 1.809151 0.060427 2.008140 0.063145 6.247682 5.633847 4.572548 1.979673 9.668639 4.849124 5.156612 6.218116 
11.399393 9.600187 5.770542 7.931244 8.536795 9.843887 0.411556 1.565618 0.339430 2.008140 0.063145 5.720906 4.584663 5.624960 2.144234 
11.399393 9.445640 6.120396 8.060787 8.620090 9.821488 0.296903 1.632393 0.269522 2.087423 0.078913 6.231451 3.125622 6.110854 5.080745 6.351833 4.734313 4.110859 3.742039 
11.399393 9.755916 9.849254 8.060787 8.216358 3.981563 0.296903 1.661440 0.044323 2.139895 0.215179 6.733750 2.774440 5.875624 7.880610 5.137797 3.800247 
11.399393 5.996201 9.805915 8.060787 8.207547 4.225808 0.296903 1.228021 0.227444 2.139895 0.007607 6.733750 3.072440 6.497528 7.573681 8.821289 3.202952 
11.377501 5.113654 9.839562 7.975032 8.333781 5.129501 0.296903 1.351728 0.227444 2.309969 0.007607 7.345143 2.590970 6.467097 5.681949 9.414027 3.930087 5.143425 6.338518 
11.377501 6.589207 9.839562 7.975032 8.333781 6.209289 0.249272 0.972092 0.162849 2.134590 0.007607 7.345143 2.533934 5.166632 7.595406 9.414027 4.098381 
11.377501 2.233995 9.680244 7.876597 8.333781 6.189221 0.360753 0.823436 0.162849 2.054686 0.007607 7.207893 9.891748 5.653177 
11.377501 2.425672 9.680244 7.876597 8.333781 6.648135 0.491872 0.823436 0.317596 2.054686 0.007607 7.455023 5.767052 9.430363 6.002303 7.903042 7.969958 8.106888 7.345440 
11.441057 2.401177 9.804200 8.086253 8.333781 6.281600 0.491872 0.823436 0.317596 2.140583 0.172989 8.201333 6.472041 9.640884 
11.441057 1.807828 9.992491 7.996191 2.387909 6.024239 1.177219 0.823436 0.317596 8.081360 0.172989 6.968808 4.212525 7.853957 5.699575 6.307572 5.505526 
11.440389 2.854788 9.817112 7.681204 2.290672 7.869443 0.376084 0.451657 0.317596 8.261422 0.138464 6.942118 6.194402 6.195997 
11.016699 6.828671 10.206085 7.772243 2.084299 3.064806 0.733183 0.359772 0.132881 8.535256 0.196075 6.285682 9.748253 5.764152 
11.145778 6.868142 10.206085 5.293750 1.718049 2.020793 0.831739 0.199876 0.022308 9.562399 0.021858 5.903092 10.443348 5.940281 5.879876 
11.106747 6.898072 10.281234 4.347297 1.518001 1.566400 0.014534 0.321113 0.022308 9.233368 0.063633 7.923054 9.909388 5.522254 5.497178 5.292214 
10.807885 6.332109 10.259847 4.505838 1.179982 1.336950 0.205148 0.321113 0.108119 8.908704 0.100593 11.147788 9.502255 7.510538 5.912841 
11.312399 6.224208 10.087776 4.465331 1.306547 1.470490 0.029524 0.515530 0.098832 9.080263 0.091420 11.074908 9.584420 5.424511 11.119269 10.333900 
11.279024 6.654308 10.726119 4.024830 1.296980 1.038718 0.414636 0.640973 0.132164 8.851672 0.229014 11.246434 10.157294 5.505109 11.431958 5.138683 
10.984489 6.530408 10.826847 3.763758 1.492571 1.290236 0.273973 0.960542 0.123227 9.272668 11.381746 11.325297 10.105531 5.057397 11.496353 4.490231 10.056379 0.275860 
5.868577 10.354050 11.102476 3.330288 1.608937 1.748660 0.120330 0.788032 0.249688 8.694937 11.467930 11.064352 9.909332 5.060417 0.110079 7.974761 2.860126 
1.247213 10.106122 10.337855 8.427345 6.259798 3.462407 0.014322 0.627449 0.209703 8.928992 11.443355 9.020128 9.894465 5.391861 0.603849 6.286618 
1.165316 0.171929 9.859533 8.543329 5.971281 2.933209 0.709655 0.593925 0.090768 8.780501 11.414986 8.818674 9.826976 5.607242 
1.413919 0.037953 10.029572 8.062683 5.845520 2.935442 0.219080 1.062273 0.159257 11.382821 11.230473 9.073252 10.083971 5.280322 8.226235 1.389985 
8.176494 0.107005 10.525418 1.439483 5.759279 2.056262 0.766804 0.942035 0.034600 5.450746 10.944846 8.977204 10.134514 6.426245 
8.182456 0.183878 10.651683 1.769208 5.621030 2.163788 0.865685 1.237548 0.002727 6.106601 11.460170 9.273818 10.268549 6.017202 4.888484 
6.696730 0.318424 10.297726 1.685331 5.853251 1.627056 0.343647 1.275790 0.156112 6.893043 11.183256 8.662508 10.196569 7.754602 7.155716 11.444278 
6.694978 0.954108 9.860036 1.319665 6.436443 1.526484 0.665045 1.119941 0.352037 10.659273 10.933153 9.086669 9.146120 11.377850 6.710982 0.041897 
6.671988 0.208807 10.222282 1.742581 6.446190 1.658673 0.549835 0.975950 0.682029 10.742866 11.347064 9.580674 9.316740 11.353645 6.903364 9.432690 1.328526 1.216234 
5.800185 0.563779 10.158689 1.886850 6.573945 1.883682 0.723824 0.938547 0.702959 10.742866 11.063240 8.767936 5.557903 11.395044 7.257315 9.308278 4.306666 7.922801 7.906680 0.248586 
4.372560 0.621674 10.576678 6.312219 9.044166 1.979416 5.529744 0.831628 0.529979 10.791884 11.052055 0.563322 0.195454 11.418140 7.239541 8.680324 5.457590 
4.372560 0.710256 10.461830 7.507980 8.464884 1.979416 5.815206 0.810799 0.469658 10.791884 11.270612 8.223796 0.195454 11.343542 6.805116 11.021546 
7.425642 0.650468 9.758568 4.191311 7.948372 1.943153 5.202237 0.804426 0.471415 10.926927 11.233905 9.597677 0.195454 11.456543 6.897806 8.753027 1.194714 
7.049122 9.015142 9.758568 4.569507 8.074305 1.444775 5.362515 0.400849 6.637008 10.758269 11.233905 0.965287 0.692550 11.456543 6.901136 0.074355 9.106474 
6.430977 8.790828 10.273374 4.819480 8.803757 1.382545 5.221300 0.564670 6.373418 10.621691 11.189494 1.139071 0.273580 0.256435 8.516840 8.647737 
6.768481 9.036281 9.905812 5.174546 8.156610 1.137796 5.201899 1.261640 7.321251 10.621691 11.448812 0.993418 0.267655 0.149907 9.723582 8.047302 
6.768481 8.958923 9.847003 5.174546 8.343304 1.137796 5.201899 0.886473 6.671178 10.496473 11.181489 0.993418 0.494066 0.149907 9.723582 6.709081 0.398767 11.265419 
10.081859 8.892722 9.441496 5.121646 8.733543 1.137796 5.201899 0.886473 5.992036 10.545821 11.181489 0.993418 0.471635 0.149907 7.307329 
9.864030 8.253942 9.441496 4.750305 0.149907 1.104173 4.996567 0.886473 7.137453 9.152633 11.181489 0.993418 0.471635 6.540617 10.541336 
9.864030 10.665773 9.441496 4.850650 0.188725 1.236819 5.539260 0.886473 7.102833 8.438826 11.181489 1.229642 0.961016 4.922207 6.444555 0.161648 10.820118 6.216219 
5.033729 10.795854 9.441496 4.908870 0.188725 2.402278 6.749774 0.886473 10.350224 8.438826 11.433479 1.283661 1.064722 4.978031 
5.227120 11.286160 6.158050 4.908870 0.382475 1.590935 6.340757 0.835670 10.280807 1.283661 11.276821 1.505781 
5.022419 11.306908 5.959933 11.012865 0.122384 1.590935 6.498813 1.599342 10.280807 1.283661 0.153390 6.013572 
5.202000 11.445369 6.179612 11.377169 0.122384 1.526913 11.106778 1.437872 10.163280 1.295471 0.009332 5.690482 5.029945 1.787389 
6.324571 11.062666 6.773484 11.363657 0.501383 1.525928 11.033960 1.525752 10.007572 1.486272 1.086552 5.894580 4.661772 5.138391 
0.576528 10.655118 6.415610 11.359037 0.334995 1.868247 0.428603 1.429632 10.007572 2.268522 0.157950 5.861911 6.163412 5.394371 1.106885 6.910589 0.742606 6.075345 
7.528554 11.291341 6.601297 11.359037 0.609695 2.245455 5.676325 1.542399 10.097752 1.848731 6.727011 6.049751 0.401370 5.492015 
8.768013 10.585916 6.667098 11.431444 1.063130 2.608996 6.357151 1.457313 9.892164 2.865845 6.718671 0.468134 0.330179 6.307304 3.881879 
8.989621 4.295885 6.491156 11.431444 1.155778 2.435137 2.830881 1.392353 9.776460 6.220748 6.553050 5.563814 0.119171 10.506232 5.539224 6.192635 
8.401822 2.975927 6.923724 11.418539 1.155778 2.374131 8.233395 1.680841 9.791320 6.004995 6.403888 6.006664 0.748121 11.472668 4.978442 6.050010 4.765363 8.854562 6.920104 0.455902 
6.443041 2.602817 6.835238 11.295892 0.808908 2.248576 8.012876 1.014044 9.908296 7.370716 6.380260 5.737359 0.316427 10.808491 5.860826 6.224896 9.733395 
5.602882 2.757807 6.562491 11.107725 0.674912 2.219993 4.948049 1.254724 10.620566 6.272512 6.211715 6.016709 0.313380 11.427138 8.213181 6.242938 
5.937266 2.072043 6.667324 11.075792 0.587422 2.161256 5.286829 1.779139 10.275122 11.163539 10.720188 5.295463 0.115375 11.272637 8.934059 6.315710 6.039941 3.883115 9.163873 0.029899 
5.952926 1.516373 6.214994 4.952292 0.529245 2.312413 5.157697 1.806509 10.491977 8.757560 11.002577 5.323605 6.134039 10.981965 8.209374 6.965343 11.384897 1.560617 
5.291641 1.535822 6.546007 1.170668 0.490511 2.163955 5.457970 1.811459 10.680046 9.224788 11.147772 4.711881 5.765629 11.215248 8.552807 6.249820 9.457933 7.874148 
5.343977 1.513275 3.149065 1.389466 0.013661 2.254793 5.890508 1.891448 10.567564 9.388732 10.878417 1.077974 5.849445 11.128805 8.613277 6.001167 9.631726 
6.188535 1.714593 6.640549 0.933536 0.240894 1.854583 5.846018 1.413973 10.843926 4.437130 10.878417 0.003037 5.622502 10.855562 8.657914 0.441248 9.441674 
5.544084 0.619150 6.833783 1.003310 1.082672 1.968495 5.700325 2.628540 10.217503 10.409350 10.878417 0.076892 2.644733 10.099678 8.761972 1.514897 5.199778 4.710422 3.516548 5.913444 6.585590 7.512277 
5.394940 0.400366 7.563119 0.854713 1.082672 1.968495 5.476165 3.078079 10.193152 7.388485 10.670883 0.272452 3.051583 11.472887 9.023507 1.326640 4.322013 6.867506 5.053573 5.633221 4.922480 11.171082 10.653353 10.582110 8.908852 6.233418 
5.505149 0.730190 7.007153 11.422433 0.475864 1.968495 5.112905 3.200209 10.059064 6.180230 11.413027 0.272452 2.973273 3.883277 8.916489 1.633486 4.803034 6.300540 5.030227 8.357616 5.898510 10.536979 7.307228 10.803750 4.832412 
6.512072 0.730190 6.246276 11.484282 0.592866 1.968495 5.145433 4.721911 10.059064 4.987414 11.457312 0.033059 3.207204 5.166421 9.229137 1.205689 5.202700 2.791536 5.756232 4.664381 5.311147 9.949309 9.571000 7.276782 4.877349 5.787890 6.135734 
6.247706 0.460119 6.247003 10.919235 0.625926 2.042726 6.394349 3.058048 10.423152 3.697339 11.457312 0.058409 2.860785 7.652306 9.098677 0.665216 5.160987 2.731646 4.864948 4.892742 3.570321 10.547882 9.953318 6.820603 4.595163 4.214507 5.998807 
0.547925 0.154632 4.941453 10.974107 4.632504 2.258650 7.593132 4.345829 9.995614 10.789441 11.347933 0.041077 2.499583 6.820603 8.611247 0.067559 5.139808 2.114170 4.482824 5.193509 6.085194 5.303451 0.421929 6.478265 7.486641 
1.121965 0.154632 5.539229 10.838821 4.908778 2.258650 6.580700 4.496277 9.995614 10.965164 11.347933 0.041077 2.304245 6.716508 8.973701 4.297784 7.787498 2.143577 3.722765 5.579773 6.004044 4.339661 5.159988 0.771118 
0.209964 0.154632 1.298365 10.824788 6.083003 2.258650 2.641123 5.305943 9.769699 10.965164 11.347933 0.041077 2.304245 6.549127 8.803344 6.191234 0.553919 
0.190299 0.222550 1.988542 11.043625 6.073028 2.258650 4.669603 8.387833 9.538240 10.965164 11.484012 0.041077 2.852731 6.983044 8.820713 5.981094 4.386849 5.102829 4.887259 4.950700 
0.190299 0.222550 1.694594 11.043625 6.467439 2.345942 7.429276 6.172299 9.538240 10.965164 11.484012 0.041077 3.039827 6.506441 8.820713 5.762841 11.208044 6.627655 4.983455 7.483607 
0.438942 0.262817 1.411572 11.043625 6.062525 2.345942 5.667122 6.361577 9.538240 10.965164 11.484012 0.041077 3.039827 6.506441 8.820713 5.981083 11.208044 3.345986 6.153466 4.675588 5.470640 6.352700 6.631319 4.819781 
0.438942 0.262817 1.411572 11.043625 6.062525 2.238242 5.153769 6.194042 9.256258 10.984113 11.484012 0.041077 3.039827 6.506441 8.850256 4.669812 11.208044 4.887509 4.185563 3.561361 6.613248 
0.307730 0.262817 1.415719 11.043625 6.682650 2.238242 11.347156 5.702603 9.256258 10.984113 11.484012 0.041077 2.408595 6.789065 8.850256 6.454850 5.190851 
6.233013 0.262817 1.415719 11.129267 5.805220 2.105902 6.906430 6.109959 9.154643 10.984113 11.484012 0.041077 2.408595 7.169376 8.850256 0.236644 6.569450 0.423722 5.734534 
6.416362 0.476145 0.990158 11.129267 6.239097 1.783157 6.376433 6.336628 9.342724 10.984113 11.484012 0.084900 1.666997 0.616531 8.850256 
6.274737 0.535706 1.428186 11.129267 6.104256 1.783157 6.672808 8.850256 8.816177 10.984113 11.484012 0.225153 2.259882 0.560239 
6.392290 0.494164 1.428186 11.129267 6.240891 2.197841 6.742363 8.850256 8.890653 10.984113 11.376245 0.215568 2.526442 0.560239 
6.446776 0.410911 1.437025 11.446583 6.112479 2.197841 7.096343 8.850256 8.939467 10.984113 11.376245 0.215568 3.103637 0.201550 6.389526 8.361384 6.280163 7.414819 3.267370 
6.826421 0.049793 1.387192 11.173213 6.231672 2.251132 7.467778 8.850256 9.638883 11.066376 11.468977 2.574089 5.972560 0.550473 8.118855 6.982983 1.230406 5.459292 0.117056 6.912894 
6.004044 6.570313 1.387192 10.959294 5.931868 2.297716 6.020964 8.789823 9.540062 11.066376 11.468977 2.391029 4.665655 7.312650 5.967432 6.859381 4.022916 5.068729 5.764471 6.001550 6.133819 8.882205 0.464905 
8.347444 3.569680 1.299334 11.427925 6.056941 2.454318 0.385412 8.852768 9.926824 10.850797 11.468977 2.391029 3.770694 3.951022 1.197956 7.465965 7.276150 6.690293 
6.181378 7.468069 1.641423 11.260568 6.587152 2.173470 0.279993 8.982049 9.651149 10.850797 11.468977 2.035492 6.423288 5.388687 9.216235 
7.360060 6.490936 1.375232 11.386887 6.075333 2.640159 0.486441 8.514060 9.960362 10.919955 11.351927 1.985126 6.948386 6.417932 8.106277 
6.249636 11.413750 1.287249 10.767050 6.039778 2.640159 0.423811 8.395123 9.659005 11.047055 11.466580 2.096607 6.122160 7.100219 
6.232341 11.366853 1.219573 11.150340 4.021717 2.257095 0.475431 8.801850 9.520169 11.081417 11.318769 1.499076 6.088737 6.545596 5.938486 
6.319902 11.374211 0.977743 10.950311 6.728614 2.858633 0.180289 8.238048 9.879071 11.081417 11.318769 0.983925 6.158567 6.759718 4.270490 0.022753 6.960602 
6.488844 6.625285 0.990027 11.241240 2.139694 2.204617 0.318240 8.889389 10.022703 11.081417 11.318769 1.034778 5.948551 
6.614374 6.420212 1.103016 11.428800 2.902804 2.299132 0.445643 8.081823 9.796137 10.910135 11.429107 0.164882 5.620999 8.345142 6.710990 10.799872 
7.153512 6.277645 0.963535 11.019676 2.207617 2.416926 0.099370 8.852575 9.547242 10.891961 11.429107 0.435625 5.487569 7.661682 7.596183 7.021150 5.748161 3.440090 5.486851 
6.790517 6.468636 1.575064 11.255725 2.738864 2.030971 0.013661 8.575971 9.606849 10.891961 11.239667 0.880153 5.400211 4.181640 4.427472 
6.347002 5.945633 1.527538 11.080964 2.737260 2.152248 0.078133 8.529895 9.091718 10.891961 11.295017 0.903811 5.555144 3.840013 4.344699 9.073271 4.484126 
6.491168 9.557977 1.224659 10.658592 2.413728 2.262294 0.082782 8.250663 5.799083 10.891961 11.432166 0.350468 5.523905 4.508412 5.459559 8.443721 
6.369934 9.471009 0.712647 10.840024 2.074112 1.981452 0.296833 6.120061 0.948728 10.741239 11.432166 0.077240 5.232129 4.910309 6.513302 8.233157 6.936954 
6.887725 9.676897 8.697217 10.905674 2.461347 2.619260 0.159277 8.008784 1.180467 10.741239 11.432166 4.520366 4.890092 0.009330 
5.939171 10.038459 8.307334 10.643154 2.388526 2.320597 0.095394 5.053487 1.036930 10.664553 11.432166 5.798037 0.522732 
6.460696 9.608058 8.690646 11.450314 1.742398 1.859927 0.095394 5.446452 0.983337 10.784861 11.473039 6.183570 7.683915 
5.737422 2.010986 8.459366 11.334577 2.240977 2.352378 0.434425 5.987482 0.998226 10.985301 11.473039 4.244069 6.925717 2.603527 6.765420 5.716470 0.376573 9.108715 6.164886 4.461421 4.628795 4.292644 
5.571804 2.089814 8.499352 10.925213 2.287422 2.255336 0.318365 6.426017 0.751370 10.766507 11.473039 1.521899 7.037307 8.691627 7.330318 4.407470 0.713590 8.950878 1.811095 4.240592 4.669296 5.972618 1.214211 9.059429 
5.466984 2.516200 8.761309 11.305362 2.360961 2.455594 0.270570 5.735652 0.439587 10.823093 11.473039 1.122780 7.243424 4.291744 0.516757 3.991785 4.465567 9.524430 3.382867 4.814044 
8.600851 0.343324 7.998314 11.364918 2.128503 2.213269 0.065525 5.676005 0.415912 10.694330 11.252132 1.403479 7.152745 4.879402 2.367969 5.436116 4.559882 9.202929 7.323112 10.422690 
8.268984 0.127817 6.300631 11.495853 2.328879 2.462617 0.189662 6.120103 6.971425 10.691557 11.252132 1.045830 7.118149 10.126659 2.227986 5.135180 5.395923 8.932861 2.897273 5.850352 4.211103 6.533544 
8.514692 0.352965 8.160896 11.495853 2.328879 2.364299 0.232813 6.681021 9.205674 11.111157 11.324892 0.973115 7.009107 9.498224 4.451348 5.276404 5.510097 9.493709 
