1.097081 1.153757 1.175998 1.108686 1.170374 1.159584 1.113962 1.173663 1.135357 1.213575 1.062252 0.939733 1.102897 0.971100 1.132768 1.002227 1.102090 1.169512 1.052825 
1.089172 1.150225 1.013489 1.108686 1.170374 1.167867 1.113888 1.173663 1.135357 1.215339 1.044394 1.119088 1.077244 0.947319 0.992653 1.106680 1.073736 1.169512 1.114531 0.901895 
1.077865 1.189419 1.015047 1.111439 1.172277 1.169014 1.186906 1.173663 1.111576 1.215339 1.083390 0.850458 1.044332 1.034465 1.114038 1.118175 1.072077 1.162275 1.023321 
1.085935 1.118480 0.995480 1.106641 1.155088 1.169014 1.159787 1.178097 1.099607 1.222227 1.040698 0.872493 1.020149 1.070663 1.110628 
1.084591 1.118018 0.983142 1.124087 1.153456 1.147291 1.163639 1.174392 1.122430 1.211691 1.070894 0.864226 1.146266 1.022133 1.049670 1.008550 1.056098 1.150667 1.250852 
1.061634 1.134602 1.165864 1.124087 1.150069 0.818623 1.168119 1.184503 1.111349 1.207842 1.080791 0.885822 1.095298 1.012250 1.086124 1.031480 1.152057 
1.061634 1.038279 1.172298 1.103192 1.156049 0.944634 1.157177 1.184503 1.121878 1.199896 1.067007 0.850985 1.131946 1.005930 1.041779 1.129068 1.194552 
1.052740 0.987089 1.154998 1.103192 1.146468 1.235699 1.153788 1.170200 1.078380 1.198529 1.034647 0.834635 1.109641 1.047894 1.027665 1.110881 1.122531 0.834762 1.016192 
1.054497 1.005803 1.154967 1.099930 1.141711 1.210083 1.153788 1.161735 1.101951 1.203842 1.031318 0.857195 1.135708 1.005981 1.024785 1.100006 1.127898 
1.087139 1.094582 1.153594 1.104238 1.147052 1.005058 1.153795 1.162271 1.109437 1.198052 1.046496 0.930195 1.107118 0.994617 
1.070378 1.127977 1.172349 1.036838 1.149839 1.021079 1.169499 1.173130 1.109437 1.198052 1.021341 0.868562 0.991543 1.108697 0.816961 1.101594 1.233710 1.057264 1.009998 
1.075128 1.103091 1.151317 1.104539 1.149839 1.017316 1.159606 1.171963 1.092460 1.198543 1.049986 0.898119 0.879579 1.107943 
1.082546 1.133866 1.151317 1.104539 1.207387 1.030168 1.177808 1.181466 1.118378 1.152187 1.074888 0.864388 0.918569 1.197497 0.932401 0.954706 0.893954 
1.092595 1.125596 1.163389 1.137034 1.202679 0.980981 1.179422 1.197881 1.125641 1.180005 1.088129 0.887446 1.083119 1.031492 
1.093647 1.040946 1.163355 1.087258 1.213847 1.133547 1.171977 1.185934 1.115966 1.187089 1.067123 0.918590 1.111819 1.003336 
1.092900 1.027261 1.146833 1.142244 1.213847 1.184378 1.177077 1.189364 1.123484 1.171547 1.062831 0.965218 1.113711 0.985686 1.048297 
1.090040 1.031458 1.146582 1.181851 1.227161 1.197124 1.169245 1.190909 1.132714 1.188834 1.084335 1.079315 1.147453 1.053428 0.875805 1.009642 
1.056631 0.973017 1.160076 1.083919 1.224632 1.162554 1.175375 1.191292 1.120127 1.179668 1.096096 1.099701 1.122462 1.103236 0.899701 
1.054761 1.042889 1.135964 1.120665 1.206663 1.139706 1.170442 1.184738 1.126434 1.184106 1.058092 1.098566 1.111745 0.887268 1.036706 1.113952 
1.038548 1.038844 1.142006 1.148758 1.220314 1.158742 1.141933 1.184738 1.106664 1.173830 1.048202 1.108027 1.111745 0.888919 1.014121 0.956624 
0.968442 1.014874 1.178560 1.116778 1.210742 1.149180 1.162452 1.177456 1.106664 1.167806 1.076417 1.098040 1.111455 0.883336 1.013420 1.076647 1.117710 1.082457 
1.014282 1.119033 1.166253 1.164844 1.196252 1.151950 1.156315 1.169024 1.100570 1.174399 1.036185 1.088633 1.109262 0.880032 1.022618 1.080190 1.199742 
1.156582 1.103212 1.165402 1.121682 1.000337 1.199742 1.165368 1.190584 1.141581 1.172177 1.066097 1.164833 1.109262 0.946244 1.061764 0.951316 
1.158396 1.067837 1.155067 1.102602 1.032725 1.208820 1.174669 1.190584 1.116744 1.181810 1.067560 1.219856 1.122638 0.870672 
1.140360 1.088635 1.156370 1.066056 1.010109 1.208917 1.162361 1.173457 1.107554 1.078796 1.092618 1.173207 1.122638 0.883289 1.082943 1.135044 
1.087283 1.049108 1.152490 1.153309 0.988095 1.209988 1.165754 1.181597 1.120579 0.872907 1.073331 1.171826 1.113870 0.966162 
1.110959 1.045020 1.161455 1.173970 0.979788 1.220428 1.182290 1.201734 1.129531 0.886892 1.076144 1.181582 1.123309 1.060664 0.954065 
0.946024 1.024768 1.156311 1.150062 0.979999 1.219528 1.182290 1.187710 1.133416 0.889734 1.072761 1.194253 1.131504 1.039605 1.054545 1.073575 
0.929112 1.102463 1.175717 1.133386 1.062503 1.219528 1.190942 1.198016 1.127512 1.138711 1.093650 1.190556 1.132337 1.052246 1.098378 1.174666 
0.931898 1.057282 1.173452 1.137773 1.057498 1.229726 1.174913 1.203879 1.127981 1.138711 1.085518 1.193762 1.129390 1.043074 1.095685 1.165752 1.210046 1.179068 
0.857715 1.135190 1.206127 1.129422 1.014052 1.210580 1.166384 1.187590 1.114936 1.142191 1.085348 1.185653 0.951639 1.084872 1.118702 1.138048 1.131310 1.188198 1.256751 1.145192 
1.122778 1.140662 1.190038 1.024523 1.157218 1.208397 0.846541 1.196592 1.118809 1.136851 1.096101 1.120710 1.181460 1.059111 1.072282 1.166223 0.849059 
1.086669 1.119640 1.165489 1.005514 1.139021 1.217768 0.879552 1.190935 1.126219 1.129771 1.081047 1.194498 1.164164 1.047455 1.086563 1.101741 
1.095840 1.096915 1.208090 1.145072 1.202679 1.217768 0.911019 1.202847 1.142431 1.137806 1.088562 1.179913 1.188864 1.073461 1.093258 1.143558 1.127265 
1.030097 1.153355 1.181549 1.184253 1.217963 1.217391 0.951524 1.184667 1.081841 1.139504 1.083336 1.143964 1.150201 1.084516 1.067337 1.132125 1.175807 
1.058575 1.132876 1.183449 1.172655 1.174156 1.213440 0.916434 1.186579 1.054018 1.117251 1.080163 1.122899 1.173392 1.120255 1.174788 1.088962 
1.012413 1.133413 1.205512 1.186417 1.195667 1.225976 0.922613 1.196762 1.040075 1.129554 1.083372 1.146221 1.172791 1.116449 1.189929 1.107088 
0.974408 1.146520 1.192068 1.235272 1.214158 1.227483 0.943625 1.192606 1.076139 1.127107 1.084357 1.145679 1.162024 1.130091 1.195619 1.039812 1.154987 1.052081 
1.182334 1.163744 1.187037 1.210324 1.212973 1.241028 0.942617 1.207638 1.028923 1.138134 1.096572 1.147757 1.185363 1.159560 1.075964 
1.189776 1.137906 1.189605 1.216107 1.125318 1.212051 0.965171 1.191769 1.045417 1.189960 1.081181 1.142517 1.185610 1.092693 1.134949 
1.173890 1.120317 1.142139 1.227784 1.127661 1.230976 0.890660 1.196014 1.057316 1.178650 1.071182 1.146972 1.168984 1.040198 1.019513 1.179133 1.200481 1.107950 
0.884970 1.120317 1.139982 1.048790 1.130000 1.225386 1.051557 1.195877 1.176816 1.191283 1.084629 1.132926 1.166794 0.933502 
0.904298 1.122256 1.093722 1.138237 1.141500 1.223385 1.068042 1.200692 1.196427 1.148387 1.102290 1.189179 
0.916558 1.140682 1.106795 1.084482 1.144883 1.237548 1.067608 1.212233 1.180432 1.147029 1.172730 1.036073 
1.119601 1.133645 1.105599 1.094384 1.137755 1.248718 1.123724 1.215073 1.202668 1.146637 1.175006 0.895386 1.070295 1.243844 
1.080745 1.149251 1.123511 1.095298 1.155763 1.243414 1.136113 1.212390 1.201068 1.129075 1.200578 0.908450 1.117426 1.001776 
1.192908 1.156364 1.112920 1.116108 1.139028 1.254892 1.120780 1.217035 1.197998 1.186089 1.187701 0.889739 1.067316 1.069351 1.232277 1.118088 0.993706 1.127584 
1.146066 1.156364 1.107129 1.121989 1.150183 1.250082 1.173068 1.210878 1.201087 1.148563 1.029359 0.942029 1.175150 0.924666 
1.133266 1.134672 1.108524 1.113655 1.137197 1.235283 1.059877 1.210878 1.195669 1.177639 0.962385 1.165378 1.183684 0.943956 1.157577 
1.148449 1.170174 1.116406 1.109587 1.147785 1.250233 1.133596 1.220507 1.211073 1.109067 0.959544 0.904640 1.177866 1.139197 1.212017 0.885815 
1.167731 1.171305 1.096249 1.105544 1.143983 1.251194 1.213639 1.225802 1.185354 1.071781 0.966000 0.844729 1.203484 1.147809 1.057220 0.848516 0.922048 1.227943 0.871411 1.159515 
0.887585 1.169669 1.109264 1.126090 1.178059 1.258864 1.221077 1.236726 1.198985 1.041594 1.177965 0.909489 1.221668 1.156887 1.037144 0.844556 1.181306 
0.911418 1.164297 1.128410 1.118200 1.166501 1.258864 1.083384 1.238840 1.215781 1.083260 1.037303 0.949558 1.226413 1.165011 1.213790 0.836374 
1.047155 1.199328 1.121191 1.100314 1.168721 1.258864 1.227362 1.238840 1.202726 1.101996 1.133104 0.910961 1.198381 1.166981 1.219766 0.889125 0.846411 1.166520 1.169281 1.184282 
0.918687 1.156129 1.107550 1.141788 1.168835 1.250027 1.067338 1.224648 1.209790 1.192185 1.117068 0.974346 1.109527 1.167082 1.244690 0.891790 1.143508 1.222659 
0.935746 1.142661 1.119777 1.219222 1.178481 1.252707 1.071206 1.219370 1.217545 1.193820 1.123927 1.065857 1.098291 1.167082 1.241936 0.801993 1.173592 1.112827 
0.931145 1.145950 1.176490 1.220309 1.172912 1.253298 0.898411 1.219370 1.217545 1.190342 1.123927 1.227871 1.069841 1.172921 1.238181 1.158495 1.168752 
0.892975 1.145950 1.120566 1.233402 1.181947 1.243857 0.863883 1.219370 1.217545 1.134026 1.123927 1.103294 1.031362 1.167560 1.231755 1.210866 1.185229 
0.901303 1.253190 1.125074 1.211384 1.154428 1.256507 0.875867 1.219370 1.196187 1.144543 1.105351 1.121289 1.189645 1.167560 1.221863 1.239185 1.123775 1.051137 1.205575 1.117452 0.908276 1.050742 
1.163824 1.222144 1.130140 1.211384 1.146499 1.254654 0.842303 1.219370 1.179706 1.075316 1.098289 1.080513 1.182906 1.100036 1.209014 1.204325 1.160698 0.952957 1.037636 1.055966 0.846281 1.151611 1.166404 1.108630 1.181566 1.045145 
1.030328 1.198659 1.124542 1.104924 1.153371 1.242659 0.844050 1.213344 1.188149 1.056410 1.121598 1.155947 1.171921 1.218252 1.217098 1.228369 1.038299 0.888797 0.974148 1.238011 0.814892 1.151611 1.044366 1.113986 0.802092 
1.006664 1.198659 0.892650 1.104924 1.140953 1.242659 0.878780 1.196045 1.187171 1.108855 1.091150 1.116758 1.147963 1.123600 1.217098 1.219679 1.117061 1.200324 0.795554 1.212443 1.105085 1.151611 1.135774 1.107099 1.032018 1.116689 1.087336 
0.960698 1.198659 0.969406 1.104924 1.139434 1.242659 1.082305 1.174470 1.191498 1.023238 1.120674 1.099929 1.177059 1.127523 1.217404 1.219679 1.107390 1.199130 0.939649 1.178939 0.960295 1.151611 1.162684 1.123247 1.162648 1.037721 0.906524 
1.141848 1.198674 0.800406 1.109018 0.827465 1.243563 1.021143 1.172476 1.166128 1.157806 1.053070 1.089319 1.164743 1.085696 1.217404 1.188493 1.023990 1.224564 0.896611 1.002718 0.924539 1.151528 1.215605 1.109827 1.028996 
1.137468 1.192807 0.828598 1.109018 1.105731 1.243563 1.039342 1.195689 1.166265 1.157377 1.091633 1.066033 1.153564 1.124790 1.217404 1.190433 1.115515 1.224564 0.935981 1.204787 0.907068 1.111084 1.078003 1.208529 
1.143543 1.192765 1.208947 1.103433 1.126673 1.251869 1.171151 1.013945 1.188523 1.157377 1.081554 1.116464 1.153564 1.133960 1.216961 0.903921 1.159040 
1.139559 1.211087 1.226797 1.123604 1.060694 1.251869 1.192720 1.235076 1.188523 1.156390 1.078955 1.131066 1.166867 1.133960 1.216961 0.917228 0.840873 1.030395 1.111450 1.124175 
1.139559 1.214874 1.223568 1.114461 1.020551 1.248642 1.109372 0.867101 1.181219 1.159706 1.081124 1.058871 1.147389 1.101372 1.214004 1.147061 1.039821 1.123781 1.149778 1.130079 
1.144283 1.181083 1.221020 1.132026 1.090677 1.250828 1.005405 0.902365 1.178725 1.151974 1.031893 1.145415 1.147286 1.092506 1.212937 1.028534 1.041896 0.848299 1.074130 0.951290 1.017977 1.158396 1.109350 1.108902 
1.154646 1.195075 1.221020 1.132026 1.065990 1.250828 1.116948 0.849445 1.165487 1.156734 1.056395 1.068419 1.157616 1.103039 1.218992 0.904994 1.055096 0.988939 1.205992 1.171475 1.026798 
1.149952 1.210837 1.201498 1.108407 1.024770 1.250828 1.082581 0.889730 1.167284 1.147390 1.039459 1.085670 1.159432 1.015291 1.219252 1.106652 1.096227 
1.042583 1.219577 1.230666 1.131981 1.244440 1.243409 1.098831 0.896995 1.185580 1.152021 1.069553 1.063556 1.174018 1.040814 1.211026 1.174459 1.090516 1.212853 1.056184 
1.111515 1.205403 1.230666 1.124547 1.068656 1.250662 1.099302 0.916932 1.184248 1.173482 1.057527 1.118026 1.137405 1.169123 1.211348 
1.108270 1.205648 1.210872 1.124046 0.901157 1.250662 1.083525 1.211051 1.171416 1.146421 1.035655 1.090147 1.179678 1.155696 
1.099167 1.199751 1.219445 1.120643 0.919733 1.256137 1.043284 1.212808 1.153390 1.162385 1.040689 1.086273 1.170077 1.160103 
1.104597 1.230076 1.219445 1.120668 0.917629 1.256137 0.998477 1.211757 1.192205 1.172830 1.053981 1.172048 1.134917 1.145607 1.069549 1.237582 1.139950 1.102183 1.133342 
1.137907 1.188680 1.219445 1.127540 0.885238 1.252529 1.050374 1.220701 1.180918 1.163466 1.065674 1.138193 1.084886 1.138313 1.136032 1.064973 1.222937 1.132833 1.197064 1.013409 
0.957610 1.074402 1.219445 1.101569 0.909889 1.243235 1.154064 1.220701 1.189771 1.168676 1.039574 1.166905 1.220726 1.028823 1.050660 1.110417 1.063249 1.024469 1.114586 0.894080 1.157646 1.164421 1.150759 
1.188906 1.213463 1.217727 1.111449 0.904748 1.230661 1.140141 1.215592 1.171691 1.150605 1.066850 1.150688 1.043870 1.033086 1.210348 1.119888 1.107793 1.066741 
1.055900 1.101355 1.213248 1.125253 0.906606 1.221535 1.137241 1.215957 1.181472 1.150605 1.041630 1.168665 1.017483 1.075023 1.137855 
1.098875 1.009258 1.198402 1.096640 0.833516 1.234152 1.149391 1.201444 1.167975 1.153054 1.055503 1.165111 1.039591 1.002468 1.127933 
1.107221 1.055838 1.204092 1.125783 0.871523 1.226704 1.143347 1.195020 1.162814 1.146778 1.054647 1.172723 1.082385 1.024958 
1.113682 1.070968 1.199344 1.110751 1.097164 1.226537 1.137832 1.208367 1.167215 1.141961 1.068293 1.163768 0.918705 1.030683 1.158309 
1.130322 1.012166 1.197919 1.106153 1.097110 1.223615 1.116979 1.208367 1.157328 1.141204 1.027777 1.155462 0.877649 1.055043 1.174596 1.197632 1.068334 
1.069414 1.020896 1.197848 1.094749 1.161451 1.221400 1.139530 1.191047 1.158587 1.140952 1.051790 1.159955 0.897692 
1.077430 1.002110 1.194798 1.100252 1.124550 1.225084 1.147369 1.169155 1.144841 1.139678 1.020659 1.158530 0.873882 1.074544 1.047620 1.105899 
1.121095 1.116186 1.199169 1.089753 1.140702 1.229463 1.149854 1.195334 1.169933 1.144075 1.033878 1.172295 0.893174 1.092531 0.899639 1.026763 0.942465 1.177028 1.083583 
1.094493 1.058386 1.207986 1.112822 1.158134 1.239558 1.156763 1.218105 1.162566 1.152267 1.060654 1.181734 0.897295 1.119631 1.089660 
1.064726 1.053606 1.202596 1.111613 1.170056 1.242997 1.145527 1.191026 1.142596 1.142443 1.058041 1.162031 0.855042 1.027331 1.126540 1.183750 0.986738 
1.002865 1.160377 1.203740 1.103505 1.141817 1.236860 1.140873 1.186500 1.001216 1.142443 1.061525 1.189293 0.917704 1.061043 1.062596 1.205337 
1.040604 1.155724 1.193110 1.095620 1.141814 1.226867 1.139816 0.802573 1.199678 1.142443 1.037861 1.185175 0.878917 1.090346 1.038809 1.205537 1.023381 
1.030768 1.171789 1.210650 1.103218 1.146777 1.234101 1.137551 1.080073 1.209727 1.146906 1.078046 1.161991 0.882548 1.131046 
1.055272 1.162150 1.216838 1.114560 1.138730 1.226383 1.124436 0.886739 1.224941 1.153271 1.036433 1.058518 1.204850 
1.056419 1.186037 1.224884 1.122906 1.179262 1.236814 1.148179 0.910595 1.220881 1.167156 1.084355 1.005318 1.149819 
1.061910 1.213018 1.213730 1.113186 1.176148 1.249490 1.178935 0.874211 1.249768 1.164674 1.061454 1.158283 1.124055 1.242008 1.034381 1.244555 1.201845 1.180508 1.030624 1.019817 0.921379 1.185912 
1.063098 1.191663 1.216339 1.123071 1.170609 1.252382 1.150248 0.906982 1.226458 1.162445 1.077914 1.247950 1.121414 1.215854 1.072632 0.947575 1.157371 1.183563 1.256958 1.225696 0.799750 1.161051 1.202184 1.172300 
1.079620 1.219292 1.225091 1.115587 1.160454 1.238962 1.157201 0.897154 1.219639 1.160243 1.067168 1.247950 1.101327 1.120154 1.192565 0.854514 1.249234 1.161641 1.219598 1.068070 
1.209468 1.202094 1.243346 1.097027 1.166064 1.252804 1.133516 0.920790 1.213919 1.152270 1.045454 1.258641 1.067779 1.028777 1.206122 1.082387 1.167311 1.158870 0.978046 1.162760 
1.198233 1.202094 0.862675 1.105468 1.169338 1.240825 1.145767 0.890131 0.894145 1.155596 1.091774 1.228454 1.146437 1.150752 1.194055 1.053622 0.935760 1.181960 1.247887 0.972736 0.869363 1.031956 
1.199053 1.178859 1.136926 1.112507 1.169338 1.224470 1.147305 1.034878 1.199288 1.155596 1.077546 1.216164 1.052819 1.150929 1.211732 0.875351 1.104675 1.184449 
