 0.287055  2.011993
 0.368902  0.474467
 0.151472  3.167897
-0.004289  0.503265
 0.024133  0.519876
-0.061875  0.248799
-0.139697  0.743299
-0.149563  0.303059
-0.275836  9.238202
-0.578291  1.850367
-0.674193  6.160158
-0.684029  0.664667
-0.807190  0.795474
-0.790564  1.664266
-0.771650  1.212469
-0.706484  0.748707
-0.900629  2.149985
-0.942907  3.731264
-0.761634  1.120247
-0.580432  1.614370
-0.482414  0.638649
-0.768219  0.571268
-0.789739  3.169299
-1.012299  2.371842
-0.854966  0.418764
-0.906451  0.852211
-0.975345  3.224069
-0.955607  2.675118
-0.895885  0.508719
-0.916786  0.581889
-0.780534  0.858222
-0.731334  0.817230
-0.747977  0.294562
-0.632114  5.914473
-0.654047  0.974854
-0.835017  0.706238
-0.812375  0.642473
-0.718912  4.001733
-0.702132  0.816541
-0.790688  0.319031
-0.713421  0.843280
-0.679248  0.408069
-0.741263  1.500431
-0.845257  0.483539
-0.724681  0.361810
-0.678141  0.756359
-0.534118  0.603075
-0.713624  0.414722
-0.576330  0.600267
-0.452586  1.391882
-0.310029  1.183120
-0.353798  0.744061
-0.397614  0.511913
-0.467268  2.319967
-0.480641  0.525687
-0.552343  0.229075
-0.455997  0.564230
-0.500245  0.297413
-0.470525  0.336039
-0.550601  0.379271
-0.786495  0.383654
-0.809679  0.470867
-0.720090  0.758091
-0.612243  0.379408
-0.595828  2.796337
-0.644552  0.335185
-0.813120  0.348015
-1.005369  4.842202
-0.986786  0.392530
-0.965864  2.541374
-0.830891  0.332093
-0.897488  1.103454
-0.953379  1.620166
-0.836880  0.948745
-0.992359  0.652228
-1.004352  0.566839
-0.907187  0.490018
-0.829000  1.058894
-0.688463  2.490973
-0.651960  1.067137
-0.635476  0.933859
-0.658326  2.304131
-0.831757  5.461386
-0.760482  0.490138
-0.664062  0.224616
-0.671223  0.382836
-0.805583  0.485913
-0.855734  1.128721
-0.764850  0.529769
-0.768037  1.627135
-0.588123  1.319432
-0.682475  1.072266
-0.704356  1.415083
-0.689889  1.067509
-0.711428  0.453491
-0.859622  0.559810
-0.929902  6.672925
-0.900986  0.961129
-0.954314  0.791330
-0.947413  1.598908
