1.035910 1.348086 1.900841 
2.103109 2.114521 2.561279 
1.804032 1.790250 1.975770 
2.156853 2.168642 2.729203 
1.959259 2.084534 2.717669 
2.236376 2.140026 2.971086 0.742451 
2.236376 1.975520 2.479101 
2.868987 2.620869 2.918564 
2.868987 3.192582 3.518778 
2.860721 2.693151 2.775499 
2.828190 2.684304 2.819511 
2.339546 2.705906 2.978678 
2.561677 2.256688 2.570263 
1.661647 1.876519 2.437299 0.528364 1.703720 
2.232079 2.612006 2.778000 
2.752061 2.951629 3.081644 5.428592 
2.700365 2.344839 2.724022 
2.765384 2.705372 3.017371 
2.660359 2.733551 3.065735 
2.436583 2.288153 2.410464 
2.869829 2.945991 3.295197 
2.582368 2.597593 3.019722 
2.932339 2.747272 3.066079 
3.653800 3.132222 3.595934 
3.197325 2.991083 3.358911 
1.962528 1.895199 2.068251 
3.077676 2.777603 3.111868 
3.279200 3.173362 3.518223 
4.019642 3.964892 4.256847 3.859886 
3.306929 3.897012 4.023925 3.207021 
3.877721 3.953435 4.043109 3.851128 
3.185038 4.404170 4.979577 3.147131 4.360866 
3.018976 4.681360 5.125300 3.002685 6.099656 
3.695045 3.817740 4.695883 4.314337 
3.283244 3.525081 3.964641 
4.503353 4.487339 4.736234 
5.053109 5.067644 5.199861 
4.932402 4.515299 4.955648 
5.098411 4.568301 4.817034 
3.712067 3.779124 4.013494 
3.805779 3.862930 3.940759 
4.191926 4.269850 4.761762 
5.740438 5.387137 5.711523 
5.157185 4.864440 5.461528 6.098473 5.940645 
5.641610 5.403803 5.531578 5.839656 6.072852 
5.142916 4.897239 4.996916 5.473326 5.498925 
4.057339 4.308909 5.082311 5.422703 6.002439 
3.892906 3.800029 4.871677 5.397950 4.579565 
3.888868 4.250995 4.586209 4.727536 4.735338 
3.989634 4.102144 4.517074 4.838425 4.772457 
4.072737 3.722136 4.725828 4.505997 4.577940 3.833545 
3.613014 3.764890 4.514791 4.564498 4.583232 5.947007 
3.334264 3.321330 3.917448 4.334448 3.844329 
3.240937 3.087669 3.541453 3.615624 3.484384 
2.509680 2.554036 3.515851 3.354275 3.600758 
2.779244 2.817711 3.670492 3.704684 3.527274 
3.383097 3.352890 3.733279 4.466996 4.214194 
3.433022 3.437321 3.470938 4.024519 3.626710 
3.280852 3.369332 4.049108 3.790381 4.039759 
3.087087 2.907667 3.318266 3.543462 3.326785 
4.976555 3.541878 3.542773 5.092109 5.883201 5.375306 4.823502 5.220411 
4.408751 4.280661 4.199403 4.996045 4.879715 4.047233 5.240183 4.541771 
3.071654 4.682105 4.565229 2.957246 4.602152 5.008386 
2.516259 4.533647 4.572348 2.531197 4.628814 
2.116653 3.825276 3.993786 2.365084 
2.623746 3.217718 3.568243 2.720488 
1.840115 3.103109 3.196962 1.857941 
2.766637 3.422487 6.069105 2.668389 3.146588 5.723190 
1.940716 2.546824 1.930726 1.956811 2.883559 
1.940716 1.799501 1.930726 2.017097 1.442288 
1.940716 1.983227 1.930726 2.228288 
1.940716 2.022851 1.930726 2.391265 1.635839 
1.940716 1.964250 1.930726 2.393280 
1.940716 2.096901 1.930726 2.310325 
1.940716 1.832911 1.930726 1.881360 1.819020 
1.959199 1.739647 1.930726 1.695051 1.666617 
1.942293 1.736440 1.928302 1.980488 1.816902 
1.950712 1.752116 1.928302 1.847631 
1.950418 1.752116 1.932556 2.072380 
1.952402 1.649690 1.932556 2.024201 
1.952402 2.027195 1.919961 2.159393 
1.704906 2.058638 1.936716 2.302496 2.186836 
1.932860 1.678659 2.258788 1.714611 2.756583 
2.051251 2.031322 2.061661 2.219336 2.617268 
1.642091 2.303812 1.712163 2.536474 2.727764 2.337636 
1.569416 2.465509 1.596890 2.656253 2.458279 
1.745907 1.477979 1.722078 1.731796 
1.747694 1.370654 1.715141 1.708124 
1.750421 1.370654 1.720076 1.424303 
1.771578 1.370654 1.763057 1.648003 
1.808177 1.868434 1.785591 2.240092 
1.663827 1.984916 1.667023 2.274573 2.887459 
1.436908 2.020480 1.532240 2.352728 2.137338 
0.410864 2.200751 1.026926 2.740336 2.151009 2.676200 
0.605838 2.075434 0.812825 2.483201 2.577039 1.866410 
0.139661 1.813140 0.388718 2.164511 1.707523 
0.452540 1.465506 0.390659 1.813347 1.611706 
0.092298 1.350101 0.177334 1.869304 1.433250 
0.389169 1.525981 0.718211 1.553263 1.552189 
0.346513 0.470512 0.912546 1.081668 0.968035 
