4.186715 3.405641 0.410039 0.645549 3.029762 4.912010 0.287941 4.423344 5.974104 1.334723 0.249308 0.663455 4.272877 3.378006 5.784469 3.102057 1.200613 1.063479 4.820209 
4.186715 3.192168 3.131224 0.681256 3.029762 4.883003 0.105624 4.363866 5.833096 1.133260 0.249308 0.366571 2.933207 3.502376 3.111194 5.925181 5.076176 0.815174 4.689444 0.388944 
4.286414 3.748858 4.045395 1.014862 3.084641 4.182110 0.646481 4.619067 5.907554 1.304094 0.360599 0.799609 1.081168 3.388957 0.280582 5.820300 0.066352 2.646724 3.578985 
4.286414 6.033076 4.234322 1.146474 2.625446 4.184938 0.707019 4.563742 5.823367 1.304094 0.360599 0.516287 0.834300 2.778800 0.147040 
4.286414 5.365021 1.923567 0.206915 2.816937 4.634891 0.698237 4.550049 5.791386 1.367615 0.482036 0.285484 0.195952 5.065972 0.526101 2.055883 1.193776 1.797374 0.937276 
4.286414 5.190082 4.386084 0.206915 1.993294 0.355294 0.698237 4.410349 5.909136 1.448369 0.616358 0.465503 0.093256 4.574608 0.387660 2.952579 2.403719 
4.286414 2.207769 4.184722 0.206915 2.144959 0.522807 0.698237 4.437963 5.978002 1.448369 0.139531 0.465503 0.253856 4.981502 1.184300 5.699085 0.638902 
4.214047 1.548283 4.287669 0.919188 2.487592 0.936341 0.698237 4.384154 5.978002 1.114028 0.139531 0.022941 0.179754 2.012483 0.555732 5.427027 1.145071 2.472023 4.603995 
4.214047 4.722157 4.287669 0.919188 2.487592 0.593476 0.334227 4.503648 5.490390 1.289824 0.139531 0.022941 0.027651 1.985395 0.704565 5.427027 1.300052 
4.214047 0.167370 4.407632 0.946018 2.487592 3.479828 0.548623 4.574176 5.490390 1.155556 0.139531 0.243590 4.905719 1.182690 
4.214047 0.203554 4.407632 0.946018 2.487592 2.918353 0.396423 4.574176 5.171162 1.155556 0.139531 0.408806 2.255855 5.615305 0.250243 0.775259 2.920330 2.345683 1.215035 
4.259437 0.234180 4.505715 0.606044 2.487592 2.894045 0.396423 4.574176 5.171162 1.004181 0.079095 2.575693 0.224670 5.455517 
4.259437 0.069462 4.137748 0.626822 1.304409 3.221234 1.013264 4.574176 5.171162 1.804721 0.079095 0.254438 0.762637 2.763095 2.249949 1.802880 0.036729 
3.891964 0.460353 3.763479 1.017466 0.996070 2.989810 0.588906 4.954195 5.171162 3.012712 0.004236 0.203178 2.607067 1.613124 
3.809388 2.663708 3.740540 2.816127 1.315415 0.495043 0.294714 5.241775 5.437399 2.961412 0.069715 0.724997 0.269740 1.842788 
4.163500 2.537310 3.740540 0.432542 1.414766 0.816110 0.632702 5.180558 5.534350 2.798638 0.331366 0.056410 0.273600 0.982603 0.574222 
4.553673 2.667171 4.491921 0.503591 0.810734 0.192699 0.746307 4.815079 5.534350 2.765241 0.484115 1.478070 0.161935 1.333548 0.212534 0.054731 
4.920850 2.490581 4.849786 0.214925 0.794429 0.178298 0.850649 4.815079 5.206189 2.767691 0.102512 5.478764 0.811220 1.604896 0.465839 
4.630120 2.318788 4.773697 0.134138 0.717600 0.044626 0.901843 4.665712 5.242732 3.001472 0.563867 4.884890 0.325015 0.398138 5.604713 5.485563 
4.762696 2.809424 4.729736 0.020379 0.776383 0.331064 0.828385 4.708117 5.245353 2.771239 0.673287 5.402453 0.289985 0.064321 5.661406 0.454609 
4.522634 2.794454 4.384776 0.079817 0.745996 0.393321 0.808172 4.525225 5.506196 2.646475 4.035650 5.500013 1.109908 0.022238 5.614325 0.229086 5.516864 0.654574 
2.447422 5.185898 4.241134 0.323561 1.067727 0.073169 0.755912 4.754982 5.517450 2.547426 4.059883 4.743602 0.816230 0.388030 0.439333 1.875205 2.263767 
0.087454 6.072975 3.713940 1.774445 2.649350 1.822433 0.949070 4.792023 5.377295 2.389411 3.983540 1.693754 0.265728 0.046762 0.367590 1.942481 
0.116562 0.432733 3.915487 1.643185 2.463177 2.217378 0.922232 4.670294 5.563495 2.866993 4.205234 1.982148 0.786689 0.576852 
0.105104 0.631287 3.929847 1.618891 2.858221 1.934646 1.152738 4.447288 5.669794 1.404443 4.203852 2.003777 1.114965 0.174896 1.404365 0.204223 
1.519709 0.284795 4.051420 0.064668 2.985623 1.259893 1.249158 4.302731 5.705794 0.269461 4.175915 2.406189 1.088046 1.681487 
1.577975 0.282064 4.285302 0.065361 3.249533 1.244596 1.198456 4.352360 5.476025 0.625641 4.104432 2.387960 0.977803 3.147067 0.605617 
1.468496 0.412608 3.620658 0.065472 3.092157 1.383976 0.956212 4.373066 5.438609 0.156009 4.041123 2.654639 1.035922 2.074361 1.409769 1.958073 
1.045182 0.570027 4.260146 0.334792 3.093069 1.245529 0.982595 4.973170 5.619220 1.560123 3.822563 2.863133 6.049417 1.791240 1.094528 4.415283 
0.570518 0.061538 3.924740 0.140031 3.283282 1.230264 0.692031 4.937083 5.409117 1.594700 3.863366 3.025844 5.569908 1.649735 1.214182 4.288380 4.168511 4.159545 
0.172635 0.153177 3.670641 0.072330 3.457895 1.651858 0.429264 5.364554 5.697107 1.594700 3.752435 2.728595 2.810500 1.778364 1.616311 4.910354 2.282441 3.522086 3.489141 4.191520 
1.160382 0.494959 3.475646 3.700821 4.510420 1.513914 0.654074 5.246382 5.780582 1.659595 3.594523 5.640470 0.939091 1.766057 1.870293 2.990872 0.722183 
1.160382 0.299350 3.616091 4.407090 4.618613 1.513914 1.404162 5.104281 5.643645 1.659595 3.729336 3.106291 0.939091 1.778649 2.041490 3.396759 
3.920863 0.376591 3.647829 0.715751 4.107095 1.571312 0.641047 5.420574 5.686794 1.717266 3.605373 2.834451 0.939091 1.675344 2.325991 5.734454 0.051362 
4.415663 5.665478 3.647829 1.413932 3.187843 1.395901 0.180396 4.921109 3.302528 1.714164 3.605373 0.285103 1.122638 1.675344 1.965107 5.988189 2.899700 
4.540668 5.176437 3.344066 1.763700 4.562390 1.301785 1.615780 4.952219 2.542450 2.025010 3.460720 0.281745 1.469785 5.469630 3.298629 5.012043 
4.051014 5.100413 3.242587 2.056913 4.193125 1.097060 1.760903 4.615117 3.311747 2.025010 3.488505 0.356781 1.356201 5.737826 2.976567 4.943260 
4.051014 4.616709 3.441773 2.056913 4.092896 1.097060 1.760903 4.553866 4.211630 1.637906 3.442462 0.356781 0.608628 5.737826 2.976567 3.131944 4.504314 3.171963 
3.020234 5.615469 4.019564 2.095047 3.015393 1.097060 1.760903 4.553866 2.657636 0.652233 3.442462 0.356781 1.413191 5.737826 4.323146 
3.000653 5.887165 4.019564 1.489359 5.737826 1.086766 1.631355 4.553866 3.264609 3.590372 3.442462 0.356781 1.413191 5.614873 1.635530 
3.000653 1.067160 4.019564 0.925674 5.431614 1.193065 0.623907 4.553866 2.747779 3.433629 3.442462 0.205267 1.000538 1.742059 3.866481 4.099949 3.399702 3.450230 
1.294463 1.193648 4.019564 1.908597 5.431614 2.051966 2.950856 4.553866 3.357422 3.433629 3.526003 0.227635 1.175884 1.358405 
0.380290 1.114367 1.702586 1.908597 5.793220 1.389642 4.097389 4.475654 3.390220 0.227635 3.512251 5.770754 
0.732718 0.482868 1.871894 3.467506 5.799409 1.389642 4.743816 4.596671 3.390220 0.227635 1.999372 4.959969 
3.432173 0.963635 2.104917 3.963474 5.799409 1.104302 5.463216 4.431817 3.635461 0.341643 2.187972 0.139363 1.254375 1.362101 
3.282070 0.137824 1.394466 3.917284 5.941417 1.444680 5.004842 4.562601 3.669833 0.030045 1.345243 0.164657 1.931508 0.277657 
4.784124 0.273102 1.134412 3.959070 5.684611 1.284866 0.370026 4.528021 3.669833 0.087821 1.171056 0.282735 3.414154 2.345735 0.266304 5.435981 0.277759 4.246228 
5.871286 0.830609 1.599389 3.959070 6.037038 1.120573 3.016438 5.041859 3.625301 0.130358 4.555622 0.304896 0.321156 0.032173 
5.848020 0.014638 1.693335 4.271671 5.865741 0.942432 3.221703 5.274072 3.773851 0.220476 4.834609 4.984437 0.539443 0.544205 0.080574 
5.653755 1.294846 1.652263 4.271671 5.936223 0.917774 0.206676 5.533939 3.779978 3.222911 4.706714 0.236785 0.191903 0.113618 0.220651 0.026877 
5.110599 0.322864 2.011392 4.411689 5.936223 0.984290 3.170525 5.434225 3.894074 3.344064 4.776903 0.737491 0.843742 0.120277 1.249895 5.605820 1.035924 4.258167 5.295949 0.002502 
1.809025 0.421370 1.921456 4.375325 5.867654 1.110796 3.649699 4.674706 4.395061 3.198580 4.698094 0.648717 1.018385 0.369654 1.504235 5.253404 5.551770 
2.504622 0.442767 1.015639 4.664513 5.974996 0.954196 0.916281 5.084794 4.648330 2.979038 4.585709 0.456639 0.420906 0.171931 4.038692 4.783726 
3.119934 0.064520 1.985229 4.822005 5.957643 1.493009 1.150932 5.144161 4.875914 6.072832 5.018167 0.126389 0.312362 0.031752 3.859077 4.830266 1.686827 1.170838 4.947832 3.894743 
1.264788 0.363745 1.666997 2.901290 6.058409 1.723253 1.338740 5.175461 5.107587 5.554700 5.469147 0.299511 3.608612 0.538248 3.608737 5.092886 4.707689 1.201201 
0.503664 0.325237 1.918832 1.172625 5.969370 1.580721 1.744848 4.880700 4.715290 5.098968 4.685115 1.242835 3.430065 0.575239 3.576740 5.363956 5.374328 5.562846 
0.300429 0.004742 0.884924 1.225354 5.288118 1.320004 4.694477 4.922520 4.795940 4.800039 4.762626 3.611320 4.300298 0.152078 3.680335 1.454630 5.432062 
0.038099 0.211690 2.028650 1.231144 6.089843 1.371599 5.214535 4.760241 4.760413 0.164127 4.762626 0.325976 4.649081 0.347425 3.522813 1.816780 5.461093 
0.013975 0.157902 1.389644 1.204470 6.044149 1.262007 5.444119 4.808084 4.717005 0.354269 4.762626 0.423989 0.003602 0.078643 3.455091 5.128432 4.450905 4.328534 0.011658 1.111533 0.878556 3.242834 
5.251189 0.208074 0.879125 1.324693 6.044149 1.262007 5.532630 5.355038 4.736349 2.635781 4.996440 0.288587 0.495130 3.281759 3.275685 4.434933 1.535610 0.620045 0.692824 4.337431 5.980659 1.226885 2.190982 5.219191 5.530346 3.657819 
4.341932 0.659290 1.906711 5.673567 5.998403 1.262007 5.380034 4.710619 4.900505 2.132130 0.905410 0.288587 0.180554 3.481209 3.361896 4.846020 1.727280 0.522397 2.161080 3.741147 1.831992 0.510951 3.490806 5.730360 0.092413 
4.648831 0.659290 0.736522 5.048694 5.649195 1.262007 5.946760 4.205931 4.900505 1.530260 1.287139 0.017977 0.318130 5.300076 3.329458 5.297484 1.584115 5.713796 4.695297 1.414249 0.640008 0.261687 5.238976 1.030494 0.998240 0.275948 3.298772 
4.735636 0.646046 1.311342 5.122907 5.259838 1.392773 4.271374 5.924701 5.018503 0.166704 1.287139 0.318001 0.204921 5.939678 3.267389 5.188034 2.755327 5.732538 5.193691 4.253772 0.040350 1.193034 4.798681 1.505631 3.462076 1.149637 0.998647 
5.692489 0.496580 1.082718 5.345864 0.384596 1.077901 3.267372 4.422704 5.056829 1.320025 1.353246 0.262459 0.321186 1.505631 3.092596 4.974309 1.444317 5.150189 4.643100 0.543543 0.380112 4.105352 5.038143 5.750122 2.815242 
5.825052 0.496580 1.054467 5.721570 3.314963 1.077901 3.581734 4.111864 5.056829 1.346738 1.353246 0.262459 0.574839 1.328620 3.143842 2.344682 5.585118 5.019560 0.793723 1.392859 0.879559 5.036480 1.988311 4.939548 
5.899368 0.496580 4.853838 5.731002 3.676189 1.077901 5.683356 4.750153 5.350494 1.346738 1.353246 0.262459 0.574839 1.196051 3.261584 0.265165 5.308679 
5.973937 0.432203 4.796874 5.467714 4.446290 1.077901 2.410595 3.354520 4.929983 1.346738 1.272177 0.262459 0.529767 1.602684 3.678518 0.621232 1.794013 1.911239 0.441756 3.124534 
5.973937 0.432203 4.339326 5.467714 4.570527 1.248266 5.577816 0.219109 4.929983 1.346738 1.272177 0.262459 0.189821 1.402062 3.678518 0.657981 5.526718 5.653038 2.323635 4.648748 
5.741232 0.323942 4.713235 5.467714 4.840017 1.248266 2.843593 0.562217 4.929983 1.346738 1.272177 0.262459 0.189821 1.402062 3.678518 0.793361 5.526718 0.485931 2.808648 0.933478 1.355483 1.255628 3.956521 2.216407 
5.741232 0.323942 4.713235 5.467714 4.840017 1.054646 0.102293 0.734836 4.520198 1.333022 1.272177 0.262459 0.189821 1.402062 3.750130 0.445498 5.526718 1.942168 2.010016 0.492429 5.824661 
6.093331 0.323942 4.749565 5.467714 3.722382 1.054646 5.809984 0.961637 4.520198 1.333022 1.272177 0.262459 0.375410 2.649735 3.750130 1.778860 1.752797 
1.948722 0.323942 4.749565 6.041236 0.511827 0.660431 1.290378 0.142691 5.475945 1.333022 1.272177 0.262459 0.375410 3.564399 3.750130 5.743353 1.839923 0.618116 4.744494 
0.831079 0.538605 4.956494 6.041236 0.472135 0.860356 4.339899 0.233581 5.091048 1.333022 1.272177 0.226742 0.535991 5.994379 3.750130 
0.689040 0.650546 4.836859 6.041236 0.201934 0.860356 3.719673 3.750130 5.607272 1.333022 1.272177 0.408407 0.048065 5.592257 
1.561384 0.503943 4.836859 6.041236 0.508641 1.399382 3.978140 3.750130 5.181190 1.333022 1.359100 0.190314 0.238274 5.592257 
1.314463 0.893734 4.642590 6.022651 0.692077 1.399382 5.879424 3.750130 5.583101 1.333022 1.359100 0.190314 0.221970 5.820297 2.872646 5.334481 5.908453 5.914608 0.236747 
0.961124 1.100432 4.589143 5.836801 0.357041 1.470361 4.577639 3.750130 4.645532 1.093046 1.259572 0.200084 2.493209 5.961618 5.315628 4.263232 0.636689 3.072443 5.021548 5.637473 
1.261648 5.257620 4.589143 5.367415 0.667434 0.747033 4.735928 3.358058 4.833112 1.093046 1.259572 0.145170 1.713106 3.827169 4.736343 1.089434 0.627872 1.440083 1.847615 0.147086 1.435575 5.534094 5.946998 
3.898733 2.096758 4.825750 5.193511 0.468912 1.309020 5.810392 2.706583 5.059227 1.270909 1.259572 0.145170 1.592520 1.607958 3.747413 2.041898 4.289335 3.343756 
3.714388 1.783186 4.570343 5.210250 0.065089 0.938561 5.915606 2.544592 4.674173 1.270909 1.259572 0.107041 2.420923 2.989823 5.837666 
2.486100 5.480863 4.506512 5.334754 0.218626 1.090009 5.855940 3.116268 5.103911 1.422206 1.385925 0.167330 2.270766 2.641719 5.691077 
1.715555 5.923931 4.985563 5.802916 0.246547 1.090009 5.949886 3.373057 5.097706 1.356506 1.383225 0.282987 5.011334 3.692562 
0.867444 5.836742 4.822620 5.696124 1.711710 1.576983 5.821536 3.566543 5.308124 1.381135 1.356642 0.105452 0.162958 3.431738 0.818370 
0.740442 6.016787 4.687476 5.639152 2.071319 2.325707 5.966083 3.029141 5.549432 1.381135 1.356642 0.035983 0.384525 3.101058 0.626966 1.365510 3.539297 
1.761181 3.581062 4.530059 5.578540 0.395152 1.169421 5.654263 3.320586 5.340230 1.381135 1.356642 0.053326 0.228641 
2.033218 4.230293 4.496231 5.534471 0.103847 1.145136 5.758569 3.350872 5.479196 1.316342 1.326133 0.512522 0.060008 5.853250 3.292578 5.718903 
2.597490 3.099834 4.478609 5.865181 0.000661 0.884775 5.861789 3.423035 5.278186 1.335693 1.326133 0.018642 0.269499 3.515237 3.639830 3.974635 2.857530 0.563333 2.244465 
2.308004 4.069175 4.555352 6.026691 0.147326 0.826309 5.892461 3.441941 5.206736 1.335693 1.322496 0.073462 0.134594 0.782049 2.339173 
2.466639 4.786282 4.171624 6.047324 0.170442 1.430938 5.889895 3.539643 5.292278 1.335693 1.346072 0.154746 0.054444 0.060015 1.978567 5.212905 1.860381 
2.735139 5.270074 4.444137 5.887569 0.102757 1.401730 5.637921 3.512709 3.651937 1.335693 1.336515 0.015008 0.086288 0.996826 1.906683 3.457231 
2.586369 5.240418 4.448996 5.784705 0.066239 1.241023 5.281433 2.780853 4.599373 1.373508 1.336515 0.505857 0.341193 0.805917 3.400508 3.163806 3.897697 
3.243184 5.287263 3.230312 5.872962 0.195169 1.154054 5.362872 3.095364 4.412135 1.373508 1.336515 1.177918 0.704572 5.646109 
3.507845 5.336925 3.291141 5.562940 0.151277 1.229295 4.930384 0.217500 4.271912 1.311878 1.336515 2.222128 3.970247 
3.223082 5.254044 3.044405 5.366939 0.325321 1.248675 4.930384 0.495183 4.314579 1.249747 1.199851 2.206500 2.719244 
3.430257 4.692470 3.256031 6.027689 0.241930 0.546666 4.900443 0.028061 4.581126 1.221189 1.199851 2.351774 2.404196 3.394539 2.694052 3.016944 3.972022 5.425808 4.021953 2.006228 0.097817 2.502748 
4.708271 5.110096 2.807229 6.093384 0.191707 0.970768 4.777523 0.067715 4.787359 1.193999 1.199851 2.934521 2.096526 3.692774 3.075954 2.707582 4.014294 5.136303 3.669337 2.618728 0.247688 2.768746 3.370438 5.856649 
4.872361 5.071340 3.333435 5.761202 0.258552 0.967222 5.336704 0.522205 4.746368 1.237740 1.199851 3.576118 2.130196 2.522687 3.509999 0.023908 1.916462 5.227300 3.190610 1.340917 
2.638488 3.987530 3.535839 6.047123 0.401497 0.977625 5.567674 0.681734 4.800836 1.437310 1.255244 4.133034 1.765842 1.722136 4.747859 4.104230 2.199611 5.019299 3.850529 0.717475 
2.648688 4.137235 1.182909 5.854389 0.208596 0.629546 5.198795 0.327513 2.416358 1.319134 1.255244 4.393043 1.776342 0.859292 4.356641 3.489808 4.232879 5.021706 2.039572 0.744004 0.439364 2.778872 
2.422492 4.105133 2.105842 5.854389 0.208596 0.863381 5.715218 5.147642 5.272564 1.273284 1.273198 4.397702 1.821545 6.006502 0.420105 0.020503 2.503141 5.281959 
