   0.122534 1589.846266
   0.122213 1598.509409
   0.122871 1602.564501
   0.122629 1611.095179
   0.122668 1612.621531
   0.122392 1607.471747
   0.122893 1612.875177
   0.124302 1605.811948
   0.123974 1592.342141
   0.123763 1610.621942
   0.123172 1603.599936
   0.123722 1595.876063
   0.122325 1600.119088
   0.121225 1618.377473
   0.121760 1624.203454
   0.121590 1613.949606
   0.120450 1599.894645
   0.121632 1626.303502
   0.122048 1598.639188
   0.123103 1622.270830
   0.122508 1600.371506
   0.123346 1600.239748
   0.122101 1625.148653
   0.122188 1609.625945
   0.122541 1609.312424
   0.122564 1600.283514
   0.120664 1592.068408
   0.121961 1587.516457
   0.121071 1599.867819
   0.121218 1605.500604
   0.121670 1604.214360
   0.121063 1609.639201
   0.122034 1621.308541
   0.120244 1599.063337
   0.120427 1616.894258
   0.122112 1594.238839
   0.121136 1602.376529
   0.120892 1606.770496
   0.119533 1615.966807
   0.120228 1610.474838
   0.121348 1611.038211
   0.121239 1592.838041
   0.120272 1604.097171
   0.120050 1598.438068
   0.120368 1605.968499
   0.118933 1598.241321
   0.118785 1593.137446
   0.119499 1589.634199
   0.119773 1600.475749
   0.118508 1605.280053
   0.118739 1608.912583
   0.117800 1605.288837
   0.117333 1599.022813
   0.118108 1605.021713
   0.116823 1609.888483
   0.117951 1584.311306
   0.117136 1609.750492
   0.118105 1609.334204
   0.118272 1599.687916
   0.118638 1607.403022
   0.118539 1592.341911
   0.119311 1608.166439
   0.119507 1600.491260
   0.118438 1609.773271
   0.119342 1601.818909
   0.118705 1598.733187
   0.118300 1620.248305
   0.119282 1595.248754
   0.119146 1600.060141
   0.119216 1601.050599
   0.119709 1602.212430
   0.118487 1591.135768
   0.117988 1586.847797
   0.118904 1609.700938
   0.118263 1583.673626
   0.117890 1613.561811
   0.118462 1612.487558
   0.118572 1612.396038
   0.119191 1620.416145
   0.119638 1602.780984
   0.120060 1608.979694
   0.120463 1619.245314
   0.120023 1591.464420
   0.120771 1604.080526
   0.120731 1607.304960
   0.121427 1597.057087
   0.119950 1608.210886
   0.118828 1608.863134
   0.119793 1619.614410
   0.119923 1582.641026
   0.120094 1601.750884
   0.119108 1605.614024
   0.119465 1605.600778
   0.118278 1611.805484
   0.118438 1590.502346
   0.118275 1603.491516
   0.118577 1598.613426
   0.119393 1617.296446
   0.119853 1588.579764
   0.119490 1622.671851
