1.428720 0.152750 1.288149 
1.409102 0.156480 1.331339 
1.290891 0.150611 1.395170 
1.374136 0.151457 1.284557 
1.373521 0.155523 1.273560 
1.353606 0.156667 1.299409 1.290551 
1.372854 0.152504 1.331592 
1.409371 0.155140 1.354711 
1.396220 0.150808 1.362580 
1.358507 0.151460 1.328967 
1.332953 0.148289 1.335385 
1.362705 0.148900 1.334756 
1.425236 0.152356 1.303903 
1.448606 0.160825 1.339347 0.164640 0.110808 
1.353895 0.147146 1.306429 
1.383860 0.150110 1.329385 1.303695 
1.422865 0.148146 1.297384 
1.454302 0.145655 1.305307 
1.402898 0.147373 1.309287 
1.380766 0.147623 1.330116 
1.400054 0.154131 1.261167 
1.411766 0.151767 1.293426 
1.359348 0.146929 1.289660 
1.454257 0.145661 1.288776 
1.409957 0.152504 1.301263 
1.432025 0.146425 1.311894 
1.367572 0.151533 1.255457 
1.364592 0.144276 1.296016 
1.363485 0.131871 1.317319 0.161183 
1.381346 0.141208 1.339979 0.160712 
1.397161 0.138616 1.297736 0.154205 
1.307198 0.124542 1.267526 0.160353 1.346461 
1.243186 0.144955 1.286480 0.159800 1.542335 
1.339474 0.174684 1.314154 0.101975 
1.303406 0.151484 1.311622 
1.341035 0.158943 1.323883 
1.438964 0.145014 1.279781 
1.430486 0.137219 1.285293 
1.337762 0.145167 1.306187 
1.293867 0.157059 1.219496 
1.404770 0.153008 1.238550 
1.374607 0.154654 1.291646 
1.359458 0.152789 1.283493 
1.370101 0.157817 1.246304 0.053506 0.335954 
1.433336 0.162173 1.278581 0.011985 0.440989 
1.337856 0.166036 1.253065 0.003323 0.421565 
1.364793 0.149943 1.303276 0.068148 0.617230 
1.394257 0.173096 1.289676 0.090282 0.104993 
1.377615 0.164907 1.272662 0.032149 0.248497 
1.344605 0.174179 1.240820 0.014596 0.219518 
1.355227 0.152330 1.202062 0.085169 0.193234 0.079639 
1.301324 0.160984 1.293011 0.056889 0.182736 1.518470 
1.296639 0.167073 1.242853 0.080793 0.154941 
1.290622 0.162304 1.293741 0.071168 0.180852 
1.348200 0.157092 1.232319 0.095294 0.222920 
1.341440 0.162586 1.227206 0.074226 0.164750 
1.367593 0.159246 1.215048 0.071119 0.165181 
1.385578 0.173322 1.222053 0.056841 0.178718 
1.294674 0.174714 1.204259 0.069962 0.217212 
1.333167 0.163667 1.234114 0.072845 0.211192 
1.358516 0.161604 1.279956 0.091403 2.390703 0.956045 0.299277 0.132835 
1.338606 0.205122 1.278978 0.463254 1.331471 0.169246 0.243108 0.024883 
1.391342 0.104521 0.784228 0.153866 1.355393 0.123840 
1.346151 0.117796 0.602966 0.151212 1.312504 
1.411549 0.119731 1.274680 0.157834 
1.389550 0.119296 1.253972 0.168966 
1.342482 0.121522 1.214801 0.175739 
1.360347 0.138075 1.332850 0.151871 1.196079 1.165862 
1.380003 0.102930 0.115281 0.163402 1.248137 
1.340689 0.135014 0.428916 1.322346 0.147382 
1.501147 0.148237 0.030442 1.255986 
1.421055 0.147345 0.002820 1.273377 1.107444 
1.449009 0.141435 0.003417 1.275406 
1.441103 0.145126 0.064599 1.210663 
1.457717 0.138385 0.098483 1.264122 0.826739 
1.453157 0.135771 0.058009 1.251068 0.909413 
1.428890 0.140359 0.435946 1.315485 0.974350 
1.425502 0.144898 0.128937 1.156264 
1.432540 0.148702 0.108119 1.311869 
1.446326 0.144259 0.066028 1.229868 
1.387479 0.139509 0.262787 1.224487 
1.426075 0.149223 0.025231 1.287554 1.572743 
1.421686 0.150026 0.106399 1.297899 1.542892 
1.369144 0.152574 0.048046 1.296672 1.311146 
1.429818 0.152418 0.029497 1.280910 1.382004 0.405895 
1.593493 0.149164 0.054219 1.326032 1.404433 
1.381794 0.141343 0.074542 1.225476 
1.432975 0.149660 0.124518 1.222354 
1.468278 0.144737 0.070546 1.361278 
1.470506 0.147184 0.030592 1.309215 
1.477696 0.140415 0.020671 1.295295 
1.439743 0.149070 0.010746 1.276184 1.323650 
1.461101 0.142089 0.003850 1.295724 1.323936 
1.870891 0.143438 0.068132 1.244267 1.002668 1.464910 
1.705583 0.128437 0.008076 1.280357 1.401428 0.155136 
1.975292 0.140676 0.090368 1.293647 1.387290 
1.616236 0.154507 0.051197 1.245862 1.376121 
2.259385 0.149218 0.008005 1.243030 1.366038 
1.880960 0.150761 0.225266 1.263947 1.464831 
1.468478 0.154020 0.003392 1.279342 1.464923 
