     0      0      3
     1      0      3
     2      0      4
     3      0      4
     7      0      2
     9      0      5
    10      0      4
    11      0      4
   0.5  0.866      9
   1.5  0.866      3
   2.5  0.866      7
   7.5  0.866      1
   8.5  0.866      4
   9.5  0.866      5
  10.5  0.866     10
  11.5  0.866      5
     0 1.7321      6
     1 1.7321      3
     2 1.7321      5
     3 1.7321      7
     5 1.7321      1
     7 1.7321      1
     8 1.7321      1
     9 1.7321      5
    10 1.7321      7
    11 1.7321      5
   0.5 2.5981      7
   1.5 2.5981      7
   2.5 2.5981      4
   3.5 2.5981      1
   6.5 2.5981      1
   8.5 2.5981      4
   9.5 2.5981      4
  10.5 2.5981      3
  11.5 2.5981      2
     0 3.4641      2
     1 3.4641      5
     2 3.4641      6
     3 3.4641      4
     6 3.4641      1
     7 3.4641      2
     9 3.4641      8
    10 3.4641      4
    11 3.4641      3
   0.5 4.3301      5
   1.5 4.3301      3
   2.5 4.3301      5
   3.5 4.3301      1
   4.5 4.3301      1
   8.5 4.3301      5
   9.5 4.3301      5
  10.5 4.3301      7
  11.5 4.3301      4
     0 5.1962      6
     1 5.1962     10
     2 5.1962      8
     3 5.1962      5
     7 5.1962      1
     8 5.1962      1
     9 5.1962      2
    10 5.1962      6
    11 5.1962      7
   0.5 6.0622     11
   1.5 6.0622      3
   2.5 6.0622      6
   3.5 6.0622      1
   4.5 6.0622      1
   8.5 6.0622      2
   9.5 6.0622      4
  10.5 6.0622      4
  11.5 6.0622      4
