4.815779 7.222578 6.759273 0.894309 6.322037 4.519520 0.278967 5.374118 5.435419
0.446761 4.776074 4.762712 6.246251 1.381847 3.043274 1.330783 3.792825 4.785521 4.347065 1.573407 2.578017 1.503902 4.063007 6.096990 5.413278 1.805666 3.617888 3.002349 5.192944 5.411287 5.922000
2.362144 1.783496 7.044080 3.716971 5.384046 1.533214 4.286188 2.021267 0.659036 0.546856 5.367546
3.257412 0.480759 2.863933 7.077536 0.160235 2.101889 5.915697 3.447397 3.682792 2.719146 2.898589 1.217476 4.184954 2.440139 0.396688 0.784737 6.050534 2.016450 6.668455 3.198827 1.059943
4.755163 3.422599 1.920676 7.089135 6.507922 2.924679 0.310578 4.156050 0.435501 4.095608 2.183430 7.261139 5.186201 2.780476 5.468081 7.357142 3.926487 0.715276 0.171339 5.575865 1.825519
2.361274 5.595652 1.738346 4.181406 3.572337 2.211902 6.105034 1.354259
0.026898 4.618479 0.804787 4.012309 0.639027 6.946914 5.318656 5.435317 2.753834 5.385540 0.036092 5.136104 1.588908 7.078375 0.822596
7.173691 5.520983 3.837918 1.074056 4.082703 3.294082 3.679214 0.864138 6.129258 6.128452 6.114356 6.853457 0.734141 3.291813 0.081691 4.306625 6.901255 3.817783
1.418029 6.309847 3.064510 0.396329 2.694972 1.937735 6.965669 2.004169 0.374178 3.536062 6.337823 3.980211 2.217726 5.009238 5.048142 2.947009 0.614808 5.248288 0.728829 0.522176 6.883516
4.871719 1.419053 0.161453 6.801304 4.273162 7.338703 5.738356 7.092532 1.085910 5.680890 0.527402 2.249826 3.540169 5.591588 1.295850 1.679345 3.300302 2.348832 3.842851 2.518618 4.504878 2.008678 5.259679
3.131033 4.814133 1.696053 6.705627 1.848262 2.061706 0.186588 0.991528 1.758902 1.199846 7.328222 1.850109 4.885117 4.424130 5.160888 3.245957 1.934669 1.206106 3.174163 5.711822 1.459616 1.310528 0.453314 2.824154 4.265825
0.635944 3.601296 1.065504 2.810012 5.092155 2.190119 6.071796 0.120171 6.925599 1.598374 3.743648 4.877817 6.747024 1.688452 0.678876 5.370345 4.241020 4.540915 2.081353 1.567510
7.420117 5.431659 1.228024 7.012932 1.155763 7.198274 1.924105 2.881833 2.134855 4.193141 3.349615 3.181547 4.353718 7.043183 0.358953 0.859641
5.958507 2.534835 5.876733 4.813739 6.153925 1.927668 5.291318 3.225251 2.035162 6.714642 7.137405 2.728157 0.188326 1.952416 6.578322 7.380178 5.466042 5.479526 0.445731 2.882313 6.977493 4.553988 6.447604 4.940596 2.776427 2.901057 2.058019 4.119905 1.576653 3.951003 2.472203 0.507596 5.073224 4.269484 1.368076
2.889535 6.861654 5.147140 6.045403 6.480436
6.872657 1.787631 4.132872 2.268364 1.500153 3.338537 6.084080 1.546483 6.001481 3.007090 4.047334 2.180124 5.823270 4.433290 2.555187 3.122180 6.909739 3.628688 3.973737
0.364397 4.144195 5.315577 4.359050 1.853414 0.972625 6.434812 3.125255 2.012513 4.946779 0.284460 5.729535 3.835457 6.184649 5.276801 2.170340 1.120017 0.234853 1.184928 4.480901 5.397132 4.859241
3.490811 5.985681 0.773014 5.856201 6.831656 4.185786 6.457090 3.812475 3.835484 5.585194 3.469953 5.675810 6.399076 4.758773 5.584029 6.107673 4.602084
4.480751 1.241287 2.415842 6.036038 6.689595 5.981799 6.455785 1.488082 3.823870 2.876600 0.718039
0.538494 6.151975 3.417755 3.762508 2.152993 5.561583 1.279277 5.795860 3.275381 6.697410 4.248850 6.982955 6.796397 5.840779 5.012175 6.482056 6.696605 2.951966 3.272777 0.474878
0.821194 1.205566 6.371816 6.410945 1.999875 1.380907 6.165898 2.980035 6.740983 5.178833 7.040794 6.160940
1.325772 2.431919 3.558281 3.421680 7.443244 2.359191 1.551844 2.786220 4.383403 0.449682 6.209158 1.551591 3.022916 6.222480 6.441318 0.072488 0.108589
1.356442 6.939667 7.222097 2.635817 6.353280 6.039042 4.897792 0.059360 6.588089 5.070601 6.584203 1.258206 2.571812 4.409927 2.756059 5.908360 6.106899
7.476018 6.458874 4.289879 3.154536 0.294972 5.660604 5.523993 0.583448 1.114707 6.273012 5.797302 2.322002 6.431192 2.844532 0.552990 2.691642 7.243998 3.507608 7.168322 4.094643 0.800012 7.365605 0.477254 1.691522 0.204203 4.339079 1.195164 0.046215 2.907654 3.893999 2.017567 0.207439 6.271150 7.028247 0.534866 6.296756 6.364438 4.871041 7.001395 4.948106 3.895153 4.457892 0.681320 4.809992
4.835860 2.694222 2.161379 6.839006 0.760700 2.307142 1.238393 3.387896 1.189985 0.646128 5.322499 4.526347 2.111307 4.697728 2.945088 6.101495
2.227486 6.656387 0.292395 1.946593 1.256308 4.153033 2.348235 3.883344 3.497003 3.679154
3.913795 1.056198 2.451512 0.589846 3.355992 3.613293
7.196914 1.263424 1.477203 0.063866 6.532828 4.994926 0.587853 5.322507 7.205252 5.505154 1.963201 0.401821
4.548961 2.798893 3.723772 6.461427 1.630775 1.531912 4.370103 4.680925 7.275637 1.314650 7.024148 6.972126 5.000511 1.647939 3.406644 4.563244 7.216329 4.095247 2.216288 5.074048 6.003526 4.593964
2.182088 4.651222 0.724940 2.342590 4.787128 6.878219
5.921808 6.600387 6.228582 6.452747 3.378248 2.133896 2.028274 2.818803
6.988313 6.046209 3.262589 2.005619 2.046680 0.967005 4.092302 6.913782 6.314633 3.985524
6.216747 0.012012 4.028280 6.787134 2.767418 7.136826 6.284525 7.299320 2.797490 0.416977 0.506105 1.260783
0.697648 2.795998 0.867224 4.814936 6.359581 5.726977 6.755513 3.564292 1.647578
4.723408 1.426375 7.240788 6.891838 4.781911 3.655785 1.096511 0.280355 0.519674 5.901827 6.412162 1.095261 1.283687 3.169040 2.441700 2.211856 2.601756 0.245067 2.058580 0.561969 0.968039 6.246165 2.695668
0.133205 2.569225 5.770065 1.930808 0.622405 3.283654 0.893744 3.790682 6.416600 2.518404 2.184253 2.456234 6.836983 5.941786 0.741497 3.833451 5.422205 2.120470 6.646225 5.465217 4.647776 3.949180 3.403738 0.872450 3.441155 4.341399 4.420699 1.268743 6.529539 5.144533 5.652656 3.664776 1.632951 0.075958
6.439218 2.263811 2.560227 2.048526 2.890632 0.265435 6.538949 5.645271 1.331625 1.973682 5.799741 2.835960 0.050555
4.807493 5.457727 7.479560 1.483093 6.951519 3.372604 1.233204 2.761420 3.298633 0.884900 1.517171 3.089281 4.502560 6.552471
5.460176 0.866483 2.161725 3.063815 7.023839 4.190783 3.505156 2.582454 4.099461 0.585367
6.650679 4.804886 6.631735 1.091282 5.813558 1.389428 0.351798 3.270920 4.765446 7.247747 4.607028
6.800194 3.242150 5.704367 4.952934 4.866500 6.434393 6.048614 2.579665 6.618468 4.391775 4.440913 1.556388 0.420887 4.760135 6.508120 7.430806 4.155430 6.001013 2.010568
3.222255 0.631099 3.904286 1.567986 6.158811 4.851093 4.513973 3.328096 7.364325 5.827656 5.677235 3.616410 0.753283 0.456185
2.513774 6.057621 4.193363 1.474128 4.572496 4.816752 4.804565 0.763906 1.371834 5.902422 1.465366 5.655150 4.093714 1.744531
2.513313 6.539921 4.576478 4.418573 4.527556 4.750126 3.077595 6.761391 3.755347 2.191723 4.388398 0.488144 2.399454
5.738011 3.781856 4.296163 5.224261 0.228206 0.498981 4.379810 4.373074 6.617528 6.573764 2.078819 7.354940
3.520212 7.300809 3.427965 0.838426 5.080904 4.722980 2.441833 1.901696 0.082274 1.652459 0.847672 4.546713 5.521563 4.966234
6.212263 4.837745 0.452864 5.034306 6.608237 3.642352 2.310626 5.186984 1.691060 2.425061 3.171950 3.765716 6.440443 4.726435 5.602203
3.394611 1.552860 4.675538 2.126269 6.057407 5.780693 0.488789 0.550537 0.416189 1.268771 1.688092 1.972352 1.458171 1.573756
1.639661 0.051447 7.350342 1.506240 1.045049 5.220073 3.961895 4.031028 5.306973 3.862627 3.987021 3.407289
6.604008 5.183160 3.269047 2.568483 3.908687 1.054184 4.675578 4.553950 0.323551 6.492115 0.170620 3.679773 4.177278 3.059301 1.840456 0.506569 2.182498
6.550177 0.015661 4.931279 2.677386 0.479654 1.474151 7.033405 0.982145 4.077777 1.945164 4.274745 5.143144 5.792812 3.172219 5.106160 3.708036 5.615315
7.312250 2.715936 2.272607 4.344078 2.851172 1.118585 2.407103 2.685891 6.257360 2.637855 2.702077 2.077519 3.407043 5.305016 0.208232 4.986446 3.144984 0.286272 2.639339 0.135369
6.658090 1.243014 0.422022 1.836653 5.759806 1.806988 2.915726 3.535598 5.173769 1.913753 6.673810 6.481413 0.204004 5.994551 0.011242 2.532222 4.227006 6.893604 3.885445
3.016647 1.677067 5.266095 5.224493 1.234481 4.583710 0.746139 0.407522 4.540386 4.815643 5.299821 6.783601 6.017652 1.454813 5.011039 7.187899 3.684071 3.183396 2.227407
6.852089 6.903251 6.752166 1.846982 6.062270 0.028708 5.113860 1.406367 1.994521 6.843196 3.266578 2.800298
7.190025 2.426614 6.271900 2.101408 3.502049 3.316030 4.318423 4.212696 3.022861 3.412381 3.795175 0.216390 5.336388 2.361232 2.562433 0.362254 2.215352 5.144897 1.172666 4.851575 2.721853 3.570102 6.540408 0.815896 2.642452
5.886995 1.212219 2.086532 3.211867 3.693676 1.876605 6.387673 6.521440 2.865310 4.772052 3.902286 6.124022 4.289359 0.081358 3.923063 5.864153 7.079936 0.954272 7.095647 2.929991 0.632090 1.327794 5.882889 4.852817 3.058997 3.182465 1.049997 3.172924 2.737795 1.232745 4.175890 3.476972 5.608061 2.903593 6.614290 1.323700 1.544688 3.860767 0.077032 2.442559 2.899953 2.817996
7.427564 2.232026 0.924784 1.663784 5.842589 0.314138 2.633735 4.210988 6.485222 3.426634 5.373793 1.134555 5.745477 3.980611 2.780978 3.691943 4.696358 3.763091 4.423406
6.561623 3.116021 1.603334 1.912837 6.263556 6.641102 1.380987 1.982803 0.948979 2.662023 2.645724 4.766537 2.159576 6.965476
6.866076 2.207676 6.251765 1.972890 3.798143 4.221613 0.358433 2.245229 1.658363 5.237706 4.936247 7.351183 7.369924 1.536750 0.326597 4.406330 2.971555 0.628687 1.663726 3.216717 3.057582 5.335458 6.676267 4.199824 1.082793 5.890935 4.192275
3.164518 7.269247 3.573156 1.507843 0.874679 2.806466 0.564762 6.871975 5.602190 0.588143 0.686946 0.476459 0.236696 4.191174 3.435703
1.878252 1.068956 2.124521 0.748197 2.968242 0.027244 2.236170 6.370678 1.787649 0.980752 4.309769 6.032751 4.793628 4.841697 2.406923 2.134387 5.787421
4.861938 0.585784 2.740589 1.563763 2.750262 1.023996
2.311198 5.302486 1.197023 0.563081 2.686815 6.371560 5.540668 2.963673 2.776074 4.084544 4.881504 6.686931
1.929548 2.785111 0.181151 2.898904 6.646139 2.592292 3.089933 3.252497 5.868978 3.296219 5.435696 4.804585
6.038564 4.730068 1.501294 6.139389 6.947279 4.238390 5.326231 6.588112 6.288187 4.145363 2.661192 6.389021 3.122384 0.630872 6.905609 3.935717 0.966902 4.760994 4.655014 4.023658 2.512591
0.478974 2.829283 6.957753 3.980271 3.020349 3.127913 5.042661 1.823386
0.622090 2.662477 6.316990 2.268046 0.020480 0.519207 1.336052 0.110457
1.634297 4.581593 0.670385 2.975841 2.919190 2.104500 3.627751 6.541839 6.735190 0.077827 6.325001 3.891107 0.585133 0.830242 4.093121 0.300713 2.333161 3.749225 3.587375 2.981054 5.536856 2.415685 1.702407 0.780914 2.672971 0.535168
6.951207 1.123704 3.463871 6.864844 6.374877 0.105064 1.488120 6.216569 0.380016 4.938925 7.432314 7.322634 2.068558 3.889388 3.161256 4.717387 6.183488 1.262233 4.311351 5.284701 3.847914 3.257585 2.808736 1.732017 5.036794 1.251803 2.631381
1.847451 1.068871 4.696172 5.636982 6.367725 0.321671 4.645609 0.451364 3.928692 6.377894 5.321750
6.586932 5.567026 4.344206 6.463875
1.869238 3.332419 1.073023 1.947736 1.899594 6.971378 2.770357 2.468607 1.468958 2.898180 5.296249 4.777162 0.483328 4.382473 4.875600 4.607385 2.675127 1.051608 5.345692 0.077801 4.341766 5.278892 2.750740
1.641513 7.203977 5.315123 4.959200 2.769902 5.938400 6.686280
4.534933 5.681944 2.464408 4.181221 0.049912 7.072151 7.446787 5.291343 6.103714
6.182677 6.767507 1.391480 5.023037 5.360040 4.170227 3.982181 7.073710 0.951957 4.119845 3.310413 5.769891 0.998401 4.148981
5.121557 0.425301 2.801682 4.502019 0.011021 3.573397 7.469970 5.177540 2.708768 0.982730 3.315912 6.809653
2.340329 5.662861 3.547115 6.466407 4.357991 4.144518 3.160529 0.723459 6.362921 3.910084 0.692978 5.283872 1.118839
6.878164 6.921158 1.299198 1.872583 6.956248 6.015996 1.740901 4.039154 4.733786 2.647390 6.633523 0.240613 1.124774 4.634259 3.867572 6.054795
0.931616 5.751253 1.189012 5.202121 1.343378 1.755899 6.441850 0.757710 2.418837 4.836490 5.548067 4.070830 4.694799 2.008937 6.301435 4.576741 5.950021 1.421917 0.184446 4.556673 1.865313 1.169314 5.770507 4.967771
6.709963 1.035894 2.237682 6.749810 6.658439 1.949114 7.107914 6.379995 2.764216 6.759302
1.269098 1.627542 6.440170 6.542390 7.269872 6.545705 5.134006 4.569494 3.896554 4.113253 6.361925 0.022013 6.385103 1.150857 2.252772 5.365264 2.143698 1.080966 0.936948 4.573979 2.264098 5.965264 3.928607 0.651715 6.977155 1.087539 1.134583
6.666428 0.206566 2.419870 6.126529 1.756717 1.766096 6.540133 3.501415 4.103269 3.641641 2.153062 4.745490 3.815004 3.417149 3.676635 4.371950 2.685401 6.829688 1.120504 3.832463 5.370582
7.267275 3.421511 4.705056 6.073488 7.318629 4.792030 1.118428 1.602730 0.848555 0.801793 6.473715 0.276224 2.213110 4.748871 4.740476 1.924890 4.797191 5.744139 5.216580 2.087964
2.543222 0.886743 2.802932 0.551295 4.437583 6.011450 3.372699 1.904699 7.461876 1.768946 1.129078 2.551296 5.210637 4.465686 2.356318 5.494501 3.570709 5.532365
2.463972 1.415598 2.464839 3.454009 5.284111 3.642415 3.334238 3.678181 4.648744 0.752173 6.465926 3.307000 3.885190 0.217187 0.336115 0.154067 4.777291 3.412148 3.341477 5.008968 2.522388
6.262017 2.852560 1.467225 4.534723 0.479900 2.705577 1.995337 0.335583 6.623945 1.956661 2.981593 3.575279 0.123000 4.830583 1.955763 1.302942 5.322187 1.033197 7.422123 5.589419 0.417009 4.792036 3.961798 7.023675 7.210305 1.323861 0.358195 4.681559
3.230499 5.876078 3.749086 5.807754 2.571120 2.068126
5.252747 0.794437 0.757559 1.010865 2.106058 6.587885 4.613198 1.122438 7.288378 4.771797 4.804235 5.179750 3.939359 6.406824 4.872629 6.470347 2.504967 4.525032 7.253133 5.493470
6.721082 4.037411 1.064605 3.585876 1.040323 0.328792 1.482572 6.268247 2.502116 2.158144 0.185269 5.128068 7.417124 1.856381 0.529477 5.431783 6.479238 4.072018 1.235999 0.062587 6.563888 3.090565 2.757355 3.241347 3.133989 5.206871 2.706981 5.917217 2.601567 3.048241 4.129527
2.003770 6.691283 7.250173 3.888394 5.263645 0.393604 4.957001 0.466582 5.959166 6.007523
3.541722 2.129543 5.451848 6.893123 3.970517 5.538189 7.280137 0.731605 0.767416 4.968899 5.789520 5.870330 5.136718 3.150157 4.038749 5.390273 1.703948
1.760141 5.599231 0.128713 1.182085 2.364186 7.191223 5.656936 3.877500 3.028736 1.044701 0.147073 6.096441 0.909811 1.411918 5.585337 6.987684 0.444277 6.315738 0.412882 5.167547 6.203892 5.453291 4.992614 7.212287 6.901960 5.671236 5.842345 5.707540
2.646515 4.368359 1.785491 4.326335 3.211188 5.906970 6.040765 6.147753 1.066183 6.096717 1.697577 4.652984 4.782517 3.987193 2.365622 5.136176 0.684574
5.609317 4.675040 2.022201 1.191042 0.041437 2.129765 0.876796 2.136447 1.550698 1.101452 3.452056 4.118479 5.146776
0.116729 2.191868 0.734222 7.019143 4.768086 5.150819 5.830443 3.382999 6.298313 3.359991 3.552000 3.736144 5.887158 0.965462 7.399853 5.823035
2.192260 1.679459 7.345624 4.479805 5.388087 7.393774 4.761225 1.196746 2.551323 5.307528 4.735798 5.418892 5.643546 1.937747 6.272573 1.924333 4.806992 4.259479
7.266679 5.013424 0.030347 4.972197 2.505161 1.071989 2.404878 1.426155 3.997308 6.536811 3.416184 0.075798 3.762977 6.218445 1.337505 6.022581 2.317509
2.007005 3.271209 7.257790 1.410265 2.286663 7.131001 5.236011 5.814841 2.685133 1.732752 6.407068 4.020928 0.735323 1.802259 5.906072 4.269250 1.370490 3.176918 0.634602 4.124017 0.653045 5.514828 4.114624 6.300749
