2.062122 4.842958 0.397844 1.238443 3.340385 1.638380 3.632719 4.814877 2.790482 0.807275 4.710287 4.954295 4.903894 4.365969 2.998035 4.558041 3.435439 2.975099 3.582592 4.399808 0.872067 0.078304 3.187947
0.419751 4.788330 0.576810 1.765677 2.003752 3.655538
3.017562 3.771732 1.323303 1.654651
2.619010 2.400216 3.401843 3.680663 0.078739 1.961191 3.129807 1.766177 4.167127
2.095579 2.872651 4.877363 4.585192 4.933159 4.677621 0.429053 4.025930 2.255159 0.593890 5.164297 1.520299 4.820846 3.117344 0.426405 2.803594
5.055747 2.493698 4.340864 1.676968 2.568797 2.546325 3.476322 2.925009 1.112799 0.443853 0.399379 0.968188 2.531124 1.555759 3.973493 3.807904 4.591918 0.482552 2.714386 2.624825 3.815969 3.090615 0.388236 3.033358 4.957395 0.807418 0.964812 0.518806
2.484642 0.213906 2.450097 4.085475 3.249503 4.840173 1.685823 1.940722 0.465941 0.362128 4.598660 1.932319 0.385023 0.138521 2.843678 4.625410 1.302986 3.876660 3.118138 5.033430 1.116981 4.581968 1.521017 4.303415 0.100352
3.936494 1.884968 1.702071 3.124955 3.960193 0.146436 3.904192 1.980983 4.451767 4.866370 4.874050 0.489369 0.464583 1.356377 0.191564 0.338583 0.861645 0.117336 5.183641 2.855871 3.689007 1.522585 3.888137
1.726955 3.498539 1.378883 3.806709 2.013391 3.602086 4.621402 5.168865 4.709679 3.798770 4.409191 4.480634 3.790580 0.720828 3.910651 2.070543 2.495573 0.705279 0.299380 1.846129 5.144638 4.946954
1.534966 3.234393 0.542509 4.058809 1.791037 1.369005 5.036128 4.735200 0.611521 3.839591 4.805067 4.210532
3.850817 3.437677 4.769224 3.081185 3.517560
4.831542 3.553556 2.477515 2.477488 1.228488 4.716702
4.366831 3.136054 4.556151 3.259123 1.272068 1.341614 1.132479 3.929527 1.216311 1.008877 0.724584 0.692452 0.349683 2.249378 2.562304 3.164546 2.998831 1.476685 2.669392 2.171581 4.397780 3.512907 4.020251 1.897165 3.026183
4.142000 4.909897 2.541198 4.006701 1.577489 3.422130 1.863356 4.296089 1.919314 5.190211 0.553499 4.748321 3.886941 1.970888 3.026378 1.053926 3.394396 3.707313 0.450797 1.611392 0.748477 2.438250 0.213468 1.367234 2.511267 3.300043 1.750955 2.938245 1.220160 2.207073 4.931733 4.228962 2.643964 3.904550 3.859043 0.298295 2.265847 5.146505 0.809443 2.927398 1.509700 4.098048 4.429603 1.621536
4.138089 0.042623 5.188175 4.067539 0.208834 4.951714 3.718576 3.358373 1.448168 2.169426 3.311886 1.186555 4.672379 3.293855 1.601997 3.294581 0.682086 3.598025 0.343761
1.361578 4.110625 0.896057 3.452956 2.235836 2.863430 2.507764 3.677462 0.923462 4.549483 3.327171 4.859468 2.893150 4.758235 0.702731 1.328930 0.499487 4.571164 0.208218 3.835585 3.206142
0.311840 4.483397 4.610349 2.803324 4.812760 0.777767 3.195973 3.237403 5.141450 0.925062 3.078507 3.331528 4.301387 4.216088 0.177674 1.819730 4.155059 4.697808 4.054268 1.632138 1.285482 2.421481 2.291988 2.257038 0.862290 1.305156 0.594662 3.582069 2.107384 1.716437 4.911507 2.991560 4.459247 0.099205 3.984136
4.338631 2.664763 4.592796 1.593297 4.250160 3.525986 4.346690 0.015396 5.128649 1.666626 0.478242 1.485158 4.960207 2.705607 0.407578 3.246819 1.371736 0.865228 0.857875 3.283113 2.799466 0.050006 3.817403 4.330901 0.106687 0.252297 1.426242 1.794687
1.440681 4.632717 0.794609 1.427493 3.025728 0.558261 4.546182 2.268715 3.761536 4.349580 1.688096 4.557681 1.798327 3.342982 3.181775 3.511370 3.455088 3.532777 3.492718 4.761326 3.462868
2.768326 1.465817 5.079346 5.027505 3.520795 1.491427 0.803193 4.379669 0.964258 1.458574 2.287722 2.232198 1.362489 0.366311 1.228777 1.547963 4.596842 4.545576 4.219731 0.243522 2.003541 0.901759 1.803461 2.650205 3.354668 3.500716 2.101811 5.118194 3.251557 1.947035 2.356585 3.996708 1.047320 1.302322 3.423449 4.722585 0.474129
5.172251 3.630909 0.586564 4.743544 1.473824 0.508852 3.028268 2.517244 2.525092 5.163810 3.015877 4.739093 5.143813 1.984584 0.186976 0.178900 4.277426 2.196708 2.070110 0.638965 3.684336 0.871276 3.159886 0.115929 2.298401 2.444541 4.335193 4.349534 2.049158
4.390990 4.719495 0.063708 0.370480 2.370136 3.807562 1.642557 2.733249 0.530469 1.250858 0.371726 2.265689 1.831424 0.426973 1.421272 0.016187 1.593740 1.621968 4.928724 4.871235 1.545948
1.194699 4.023760 0.203249 1.391453 3.519588 0.895237 3.442219 3.269527 0.274800 3.969252 3.852289 3.672716 3.430013
0.180449 1.574390 3.010814 1.239087 0.972238 4.289335 2.336491 1.855266
1.216111 0.369418 3.599489 2.166677
0.692997 0.535372 2.458170 0.738038 4.099983
1.060024 0.757258 2.335316 0.934368 3.569167 1.866084 0.941862 0.854576 2.698439
1.365518 1.933751 0.389887
0.934118 2.204594 0.280440 1.227100 1.619588 0.144142
1.621051 3.550558 0.099732
1.462128 5.036447 0.036819 3.130587 1.224646 0.190551 1.835955 0.369348 2.420511 2.447404 1.332611 3.565242
2.501713 3.734876 0.967881 4.981191 2.824441 0.733684 1.758998 3.559699 4.727884 1.160713 2.244306 3.546935 0.868338 0.570823 2.373112 4.389621
2.431544 0.701673 1.724601 4.529884 0.248327 2.065737 2.856462 1.612346 3.813070
1.194118 0.740685 3.622006 4.445342 0.243895 3.988385 2.219558 0.214363 0.708587 4.640433
2.168882 0.201199 2.938718 0.135309 0.327536 3.042681
2.719978 2.361435 1.193212 0.681933 4.727263 3.191126 2.756512 3.552324 3.129675 2.432837 3.363231 2.320976 0.108688 4.113182 0.946710 5.074043 5.157982 4.182703 3.134054 5.157748
4.344643 4.804603 1.483157 1.384149 0.960810 2.133990 5.160801 2.551032 3.026486 4.908583 1.675994 2.274729 4.753449 0.686090 4.464449 2.955971 4.357222 3.677298 3.672199
3.353413 2.704069 2.203305 1.689934 2.499636 2.651378 0.053304 1.665416 0.437318 4.495537
3.234890 3.062570 2.419650 4.244486 3.433418 3.733923 4.643078 3.109952 3.382995 4.350089 4.923159 2.244341
1.013411 0.046841 1.562061 2.039582 4.081922 1.504714 4.512860 3.633231 4.155277 2.986098 5.009947 3.726174 1.849979 0.393828 2.630004 0.522192 0.013435
2.118015 0.232875 0.823125 2.825096 3.241714 4.713352 2.205719 0.351927 4.662024 4.625549 1.875805 3.163756 3.794280 4.028571 4.421354
4.089266 4.019785 4.593119 3.498078 1.779262 1.910499 3.881133 3.395249 0.226642 0.355186 4.806119 1.623080 2.969896 2.778265 2.827565 4.668959 3.059326 4.352410 1.860884 4.756206 0.543659 4.251090 2.528166 2.626405 4.013575 4.286672 0.892517 0.573753 0.471141 1.771276 5.052010
4.336463 1.438550 3.205791 0.136091 5.127455 4.276612 2.634630 4.310726 3.583186 0.354278 2.472944 3.868340 4.903625 1.575710 1.389516 0.237804 3.817864 0.946460 3.301877 0.319047 2.688651
1.238326 2.952135 1.095108 2.281265 2.818973 4.387716 0.325060 2.713119 4.977348 2.185107
4.167715 4.144902 0.670644 4.394946 0.245157 1.415760 2.002478 2.246709 0.793004 0.428123 2.255188 1.988850 1.262936 1.510045 0.550893 3.694230 1.741107 1.664187 2.044159
4.621889 0.119612 3.289061 2.448341 3.957353 2.557392 2.497681 4.847839 3.552051 4.912254 3.690530 1.437791
3.086324 2.223475 0.914078 3.918961 1.715118 4.488422 2.621968 3.311037 0.120984 4.095122 3.018997 0.741326 0.190395 5.148520 0.481289 3.219441 0.611539 0.645892 2.686213 1.581559 0.407076
0.216333 4.423419 3.699422 2.619895 4.141507 3.226374 2.627433 0.008538 3.417409 0.967886 3.085604 1.184463 4.177686 2.305013 4.344997 3.728593
3.107756 3.542802 0.443514 0.477501 3.247514 3.394707 4.725389 4.909736 2.995114 1.594848 0.887397 0.617185 5.032026 2.446036 5.185342 2.534112 4.333135 1.404964
0.278103 1.787076 0.160466 5.064462 4.608342 3.774093 4.712450 1.864832 4.153883 4.692731 2.983003 1.047819 3.822549 3.004241 5.131957 3.330483 1.545878 1.556710 0.821760 0.905574 0.326796 0.592316
0.556308 3.942944 2.928313 3.121545 2.828106 3.902720 1.506290 2.804742 0.103032 4.729176 1.065722 3.487683 2.291474 5.143676 1.794433 2.978411 2.588483 3.811922 1.315709 2.920171 1.215936 1.143143 1.109367 3.817613
2.165978 2.105746 2.683422 1.619449 3.099910 5.078675 1.769064 1.314411 1.592866 1.971344 3.768858 4.589741
1.667506 4.417689 2.893472 2.722159 0.267072 0.214357 0.350124 1.673306 3.935935 1.873815 2.839459 0.478699 0.610014 4.935007 1.552465
0.189947 3.545804 0.523376 0.032669 3.148288 2.440015 1.421726 4.187502 2.498750 4.890842 2.493926 1.477701 0.100264 1.825023 3.315381 4.143349 4.543337 0.354225 4.923403 4.999838 1.860137 1.618165
0.900959 3.291373 2.586529 1.097897 1.857633 3.095964
2.435793 1.622802 0.819487 0.269129 0.083271 1.259172 2.372816
2.853254 2.688303 4.169251 4.743102 4.556237 4.632293 4.985437
1.507481 2.676295 0.412593 1.729929 3.126759 3.434853
3.260463 2.644803 0.824077 1.401302
0.419716 1.477009 3.980457 1.391975
3.316650 1.943011 1.801277 2.405708 1.629348 2.627415 0.065434 2.029598 2.944359
3.414485 4.890210 2.088184 0.718094 3.131299 3.680489 4.094089 4.196844 4.407482
1.330472 0.014568 4.490587 3.736019 4.782584 0.112207 1.232849 0.073282 4.814493
0.505574 3.129394 1.871193 1.065056 2.585613 0.947628 4.755554 0.723252 2.496100 4.850572 1.413982 2.792200 0.959498 0.597102 2.927939 4.284025
4.369565 1.971478 3.257774 1.335091 1.835120 4.928060 4.550227 4.560390 3.542053 2.609036 1.738811 0.662914
1.251510 3.807562 4.508326 2.411139 1.373376 2.757576 4.095949 5.034522 1.367423 2.688015 0.263964 0.092193 1.617581 0.396409 1.341026
1.509074 3.036846 3.526029 4.576938 0.773640 3.833936 0.056938 3.642448 2.045929 4.565503
3.711449 2.871970 3.752026 1.423199 3.489278 2.275140 0.462499 1.063302 0.750114 2.270573 1.048741 4.302573 1.752012 3.034012 1.270869 0.848967 0.776057 4.964664
1.395600 0.491487 0.850091 4.806783 1.226069 4.447568 0.285965 3.318239 1.062557 4.947898 0.200692 1.590854 4.812127 2.311910 0.830117
0.105998 3.835527 3.107958 4.345432 1.238769 0.558102
4.207092 3.078374 4.159831 4.743011
3.330630 4.312370 3.320291
4.703959 4.265634 4.463695
4.847706 4.547556 4.603048 5.005088
3.978898 2.836418 4.955140 4.854560
2.051747 4.721773 3.023056
2.765711 4.146640 4.679398 2.169701 3.588177 3.204733
2.705060 2.799891 3.948134 1.974334 5.113970
1.818370 1.936121 5.124857 3.013392 3.497380
1.098871 1.656982 3.406399
3.835407 0.528795 1.853507 0.825545 0.706229
1.262197 3.025775 2.339982 2.829654 5.068460 4.899299 0.458209 4.000048 1.173609 4.898028 4.483588
0.798782 0.359921 0.451311 0.833370 2.555024 1.344152 0.223051 2.267391 1.406767
1.126314 4.115456 4.371864 4.059030 1.999351 2.714159 3.028332 4.793896 4.023174
4.273349 0.245528 0.000709 3.058646 0.710274 4.503727 0.983536 3.243577 1.797860 2.032413 2.045981 1.052603 0.494952 4.767077
3.110686 2.120304 3.775379 2.496101 1.508922 0.148701 3.755858 4.501622 3.139278 4.608481 3.653863 0.973142 0.420725 2.468653 2.848103 2.262131
1.241868 1.006961 1.345857 0.507353 5.141404 2.199600 0.324279
4.214165 1.241118 3.433101 2.775242 0.243922 0.185308 2.266116 2.085154 1.473140 4.468673 4.528993 1.909019 0.147709 4.634397 2.838282 3.394780 3.637217 2.591586 4.734389 2.414619 4.235279 4.358149 0.929691
1.718859 0.710097 2.300989 0.467179 4.405461 4.820591 0.829166 3.602998 5.079590 2.951525 0.315022 4.254526 5.098764 3.463583 1.061974 0.094417
4.715362 4.711633 2.341218 1.931108 1.009828 2.374796 4.701885 4.797468 1.050063 2.667114 5.167173 1.840155 2.373961 2.746451 0.570276 5.108812 3.813746 5.025740 1.235636 0.645591 0.107599
4.810017 1.647185 2.960731 2.089457 0.130482 4.902794 3.794063 4.859549 3.085171 0.718559 4.138797
3.936416 1.512770 0.138941 4.592418 1.584538 4.018949 1.862067 1.753256 5.077517 0.578081 3.681363 2.047640 1.477777 2.263283 3.146117 1.939263 0.317830 4.007155 4.201913 0.353574 5.140033 2.351355 4.914797
0.114895 2.189484 2.105226 3.557654 1.840697 3.942049 3.230912 0.487920 4.829085 3.918295 4.254598
1.845656 0.317909 1.757317 5.119795 5.066584 1.733249 4.249244 4.467158 2.657889
1.758334 0.783263 4.906608 2.249214 2.891783 4.395419 1.080394 1.298351 3.966234 3.623131 2.847973 4.175644 2.021275
1.814850 2.602008 1.166012 2.430179 4.446602 0.009513 3.994581 4.761446 1.218681 2.781296 3.381684 2.105118 0.963471 2.723778 2.328273 2.995647 2.844446 4.235334
4.566237 1.611048 0.121306 0.903159 3.652401 0.788947 0.395776
4.436318 1.148814 1.481037 1.883097 5.053968 3.584400 3.967904
1.571868 0.990370 4.165256 2.451069 1.914368 0.593863 1.865779
