90.615294 24.165999 10.706283 23.789230 12.295840 12.581492 6.285906 5.932796 59.998827 36.906127 252.073024 19.121905 32.633559 9.453043 157.138910 23.522587
88.433632 24.923681 9.116835 14.391630 12.168915 11.745864 5.554385 6.508019 51.550898 36.360537 209.921315 15.558019 30.327053 10.529197 138.029924 25.207223
111.426651 24.546257 10.771053 20.322921 15.129067 13.654692 5.583259 6.179973 57.610602 40.302281 218.036050 18.716589 38.452886 12.857117 141.613543 19.543816
109.203891 18.513031 11.654888 13.955938 13.113936 9.609122 5.740694 6.797866 64.033929 46.212267 210.086269 14.817874 36.104763 10.520406 117.129472 18.127468
87.336013 18.297241 9.474037 17.015872 10.693816 8.489311 6.789479 5.083335 40.490922 38.837292 235.858445 15.392033 31.418348 8.836582 103.683914 17.312729
108.826827 26.889603 10.531827 17.599019 13.677336 11.352817 5.905011 5.950671 55.242869 47.042292 179.259982 19.514818 30.698374 11.096669 129.093657 18.905633
83.353008 20.253379 9.215903 15.398838 12.262355 9.632341 6.024438 6.251508 56.341214 41.022755 258.006329 16.891455 35.019711 9.560422 114.876706 19.329729
95.842282 19.271506 7.920456 17.062500 10.032566 10.953019 6.934977 5.867101 58.168246 33.254469 173.084018 17.742146 29.730172 9.159187 120.780410 18.961795
100.477273 22.030958 10.756946 19.920173 11.957821 12.094670 7.063106 8.338693 57.891899 44.488899 179.116789 20.737736 38.765518 8.873427 122.671535 18.845101
115.172573 22.859590 11.178554 19.420866 12.986284 11.631491 4.930724 5.786165 45.696633 40.130227 182.717141 22.405969 34.335161 10.745690 149.283126 19.802055
83.552659 20.427253 10.144307 15.851499 12.709889 9.670056 5.022694 6.646121 47.764268 36.692934 262.884033 14.873905 32.052768 10.801073 131.272329 22.955987
78.034517 19.889255 6.963122 15.797605 11.705341 12.403190 5.148160 5.581862 52.303950 35.158713 213.286521 16.267334 25.338985 11.021170 140.302568 18.518692
89.498600 21.548410 9.395840 18.690365 10.709682 11.185267 6.359665 5.984392 50.405174 33.110050 224.060558 14.847520 24.946825 9.909540 126.664529 19.562670
99.749390 20.979250 9.907605 18.107998 10.925141 10.079647 5.344246 6.059417 43.754330 39.641437 248.686328 18.867453 38.435657 8.921702 123.866012 23.398683
89.897876 18.031863 9.350946 18.308039 9.755905 9.690211 6.518975 5.906488 42.840519 31.129341 249.677769 19.648378 30.104040 7.857615 147.731934 17.216997
107.670728 18.383939 10.985228 13.892039 13.341063 8.768744 6.316263 6.567162 49.425247 38.155242 172.457496 15.336506 30.296852 8.650295 113.325296 20.927015
87.842725 22.575840 9.481863 14.483705 12.725567 11.686415 6.152215 5.802280 66.730382 40.655583 251.035606 14.954328 27.213967 7.387812 141.417448 14.927639
92.236484 16.473756 7.741350 18.977580 10.366784 10.721501 5.721202 6.312805 48.219965 40.622044 177.059043 13.612070 21.873940 10.221958 156.017090 19.070777
69.230528 20.040812 9.246422 14.526832 10.827675 9.707545 5.181850 5.530155 59.086482 28.891725 188.667586 16.292640 27.130069 8.795701 105.177986 20.196823
85.941514 17.834274 10.815700 15.093624 9.036130 8.494474 5.356219 5.273409 64.822149 36.696243 174.299682 19.576857 28.139289 7.393633 113.811928 17.255781
93.636153 17.647887 9.482360 16.011403 9.675712 12.855042 6.495848 4.959748 47.973726 40.310968 199.242885 18.814525 30.878250 9.089046 152.770504 21.252816
84.663817 21.025714 8.819103 16.580161 13.993489 9.276280 6.682602 5.536890 65.759178 35.788444 182.193115 18.035910 28.234469 9.474353 121.848254 21.226457
111.535606 19.145063 8.450533 14.552792 12.145846 12.256184 6.047392 6.618871 55.008869 36.674690 207.323977 14.055176 30.775428 9.913513 124.827113 18.817626
86.583512 20.364662 8.405294 15.094372 11.755985 9.341373 4.359895 5.793640 50.742185 30.975101 209.313714 15.852111 38.034827 8.654367 126.533921 21.278678
84.003583 24.473892 7.618993 16.982658 14.366611 11.767155 5.987018 5.501536 59.982809 39.697895 247.189253 18.268698 33.956781 10.025409 114.219584 21.875248
100.794304 22.539603 12.493805 22.438886 12.152141 10.292577 6.043696 7.054057 61.332049 38.666547 213.621388 16.273591 38.151323 10.524761 145.471547 19.563553
95.186849 21.082398 9.742389 16.383148 14.298128 10.592421 5.735094 7.410923 52.794203 35.667637 183.028865 18.183282 38.390778 8.547802 157.955512 20.634706
98.190857 22.721779 7.053813 17.012449 12.758933 9.960239 4.552177 5.629692 54.407559 32.986026 202.511313 14.965784 31.046418 9.867622 117.735137 15.891088
97.463975 27.975311 9.332392 17.471259 11.456719 11.033601 7.226127 6.288217 58.270225 37.454357 193.455132 21.032847 32.813161 8.920853 139.305746 21.498574
107.850412 21.048715 11.708887 20.003910 13.973234 12.248697 6.362843 6.096881 63.941585 44.237286 192.066044 18.705998 29.522751 9.311299 127.492440 15.805165
88.282447 24.108782 9.433121 16.814189 10.519721 10.132793 5.700251 7.250104 52.936882 32.757646 214.290117 18.813186 28.962417 9.405495 145.369383 19.715857
92.773391 22.539107 7.910492 16.705364 10.759630 17.320878 5.526611 8.144078 62.709954 33.544698 245.625334 18.565667 34.131687 8.400385 137.822824 24.009900
104.374867 21.321204 10.720065 18.108982 9.698962 11.079757 5.622445 5.428835 53.712840 36.230230 226.533512 18.349615 29.650277 11.442406 120.094707 23.841330
100.989825 22.177122 9.831061 14.457682 11.308577 9.299300 7.172714 6.060481 45.917370 35.388938 195.520425 16.854664 29.327296 9.976178 129.908710 20.911167
84.814871 20.798079 9.102009 18.223292 12.051290 10.030976 5.299729 5.580295 58.680778 40.439332 179.960886 14.834536 25.022950 9.713421 162.722088 17.629819
79.827975 26.202756 8.965451 15.267719 13.537678 11.213151 5.228465 5.551033 61.796905 36.342528 217.438547 22.265193 31.989444 9.487662 115.567187 17.286345
89.261599 20.982051 10.982541 21.758653 10.759832 10.081486 6.896683 5.720768 60.943809 33.083985 227.403632 18.929736 35.303205 11.658862 142.607306 26.754559
85.260909 20.370772 10.108028 17.719729 10.897211 11.855345 5.580011 7.844578 56.814444 46.891855 225.951523 14.207821 33.847601 9.638421 125.408339 19.974746
95.991095 23.717665 12.538204 15.276362 13.378917 14.420426 6.922103 7.395882 57.671203 29.206198 235.729002 14.030504 31.940947 10.433369 141.934408 22.541477
111.257188 20.023858 10.258667 14.792600 10.875608 8.433606 6.810419 6.191344 60.959627 34.838258 182.939126 14.274835 33.795274 8.635301 130.448771 27.130301
96.582976 26.400353 8.673872 18.514710 12.785241 9.848745 5.340404 7.090160 67.160377 39.597505 238.252320 17.374048 28.811987 12.885791 150.997810 22.545522
95.737441 21.613373 7.452571 13.260824 9.493212 11.279103 5.188572 5.212884 54.653906 33.170206 179.827320 17.133780 27.325478 8.618338 107.651196 15.712648
80.708329 24.150625 8.417354 14.963345 12.092533 12.330723 5.192383 5.099490 60.837335 35.853244 174.443249 16.622424 27.660242 9.466846 146.061886 16.507099
97.665546 21.130875 10.103200 19.346809 14.293877 12.348362 7.210185 8.009627 70.140994 45.500461 230.599611 18.914839 45.852415 11.089609 171.810960 26.397607
78.006027 19.716878 9.580416 16.558911 12.925136 8.922606 5.407779 6.436390 58.860562 38.357200 203.510125 14.179019 28.340977 8.589216 119.525550 22.737367
99.814967 22.275780 8.972855 21.316831 10.323621 15.432814 5.558062 5.678931 55.202687 33.373529 218.568765 16.172040 33.275206 9.991238 127.805941 19.370014
93.035990 21.262067 9.332821 19.441839 10.319353 9.286381 5.992764 4.783697 51.623260 29.800143 199.700377 13.858502 31.478093 8.330857 118.119551 17.570252
90.781419 22.384191 8.850676 20.670675 11.208871 11.590445 5.788217 5.817844 59.651652 46.227297 186.814085 16.741968 30.443022 9.419443 126.153710 19.797680
106.059058 17.354530 9.050629 15.868506 12.371397 10.884477 5.871060 5.941757 67.972167 41.987352 179.342672 17.231548 32.525034 13.071319 117.832274 18.451022
93.504851 20.902629 8.898221 16.115069 11.639036 9.370691 5.918509 6.203446 52.092581 33.756756 173.184065 18.265043 33.332066 7.766406 115.841601 23.361501
109.056862 22.987815 11.662883 18.038106 11.175724 12.559719 5.358507 8.840942 62.836790 33.953056 224.646099 15.245864 30.662696 11.522120 146.228642 24.890294
113.377545 24.415283 11.358321 17.639580 11.825597 14.725239 6.708812 7.372279 55.260153 42.975822 195.978004 18.902366 35.255821 9.457795 147.813293 21.788228
120.666543 22.478071 9.744705 20.758212 12.208300 9.828230 5.590054 8.044140 71.179662 40.731729 198.028047 19.326974 35.373700 9.959249 144.041695 21.636527
87.978457 21.282438 9.524969 20.727301 9.836510 11.854001 5.027623 6.205643 53.778579 42.158318 177.396358 16.010211 31.786815 9.622096 131.483328 17.462605
93.907129 18.622907 8.609630 17.471922 10.519934 11.720364 4.092943 5.959746 49.284578 29.581995 262.640287 15.837993 29.119292 8.962906 142.961700 16.586846
106.754707 19.429937 9.922061 16.815799 10.812966 10.082009 4.899868 6.342188 47.544746 41.322292 198.150068 15.405441 33.949711 10.151100 138.143660 19.845466
90.404816 22.820656 9.073248 18.359425 12.426508 9.331027 5.673154 6.762568 49.002117 39.331068 166.065335 15.050545 31.679217 8.868480 131.711765 21.072280
83.364881 22.644743 9.415210 17.580458 11.163251 11.604485 5.849249 7.071481 54.542954 36.549981 197.924663 14.199869 34.410696 9.502081 146.601392 19.950120
99.358227 21.910900 10.416848 19.540077 10.593834 11.656377 6.087023 7.788315 70.179082 39.745424 248.413119 18.752392 35.681163 10.819778 129.473459 20.758133
79.312395 22.351619 10.255349 17.960659 11.763079 11.327328 8.342894 5.604023 51.555806 41.839193 183.736335 14.305758 42.073748 10.570939 116.326954 16.439416
106.460266 20.077483 11.257521 20.000280 9.119282 11.455147 5.131321 6.756366 53.620675 38.735547 191.645103 16.613946 30.883243 8.936901 152.244837 19.161508
87.225531 20.770181 7.387118 18.845237 11.620948 11.156606 5.820475 6.001451 62.055764 37.134423 233.236349 17.385510 25.695347 9.863547 136.712190 19.079449
98.936396 18.899629 8.557877 20.051247 11.554164 10.731371 5.572539 6.362192 63.233954 41.794741 214.003323 18.384942 42.669344 8.519733 139.458954 21.189681
86.224480 32.006527 8.797917 23.987859 10.380159 9.148904 6.281672 6.883440 58.794522 31.946874 222.724560 15.866922 35.346350 11.922642 119.614757 15.043309
104.585941 22.284965 9.172999 15.839286 12.830113 13.092112 6.008009 6.172213 52.108135 39.960035 261.283179 19.993766 27.162651 10.377585 153.996009 19.110580
94.703574 20.970286 9.156085 15.374569 10.177622 8.776510 6.154428 5.267408 61.122907 35.401939 227.609839 15.721319 34.200952 8.971225 125.574600 17.905892
83.245240 19.942909 10.475479 20.176042 12.068742 9.821761 4.933574 6.303295 46.693227 41.989311 212.998163 19.921964 35.622711 8.439658 141.457777 18.325563
96.212162 25.455698 9.838307 16.951556 13.302771 11.280390 5.724579 6.997195 56.373307 31.131839 238.358487 19.660239 35.393352 9.015825 143.016912 25.084067
107.119818 23.665562 10.692514 17.923332 11.726642 13.709972 5.933046 6.311103 68.823109 47.734724 206.305132 20.871527 36.752242 7.757033 115.057983 20.847366
83.805222 22.115175 9.136282 16.249324 10.497837 10.055626 5.361778 6.074503 43.477201 32.660130 194.478525 18.516827 24.565061 8.903239 118.854022 17.799204
108.347142 25.210975 8.998991 21.424717 11.795432 13.124714 6.299221 6.496062 64.130215 34.739239 222.615605 16.455094 35.280521 11.597986 117.867297 19.841628
109.663464 21.104314 9.781319 17.034843 11.593694 11.983236 7.357978 6.670897 74.436173 44.957888 249.048774 17.871679 29.776731 9.724558 125.723201 23.855067
94.958141 21.719308 10.301720 19.967017 13.091891 11.761706 6.023943 5.084876 54.186438 42.413784 180.206234 15.524513 27.111154 10.247740 132.690356 21.903079
104.171674 19.816345 12.064651 15.648931 11.314595 10.457968 6.196840 6.714102 65.945598 41.238838 207.482271 17.627353 38.263497 9.711762 135.617837 18.358871
99.529564 21.771017 7.703785 18.416029 12.732919 11.075869 4.579788 5.924453 54.169703 32.485559 225.789720 14.775469 26.071391 9.011777 120.592668 18.025059
86.204896 31.122054 10.261268 21.266975 10.978442 11.336869 5.679842 5.930914 50.610103 33.743493 174.892142 18.164727 36.742022 12.484376 162.760643 18.550245
113.289760 25.340565 10.033302 20.565731 12.514170 13.020259 6.501070 6.899264 54.266581 36.204498 226.498667 18.152176 30.071594 10.449422 149.809619 22.454267
81.313334 24.742911 9.198005 17.611715 11.332118 9.703273 4.719351 7.311131 77.948616 45.405376 209.033526 15.544249 34.265269 9.813086 130.907874 20.549927
104.022704 20.480120 8.951248 21.546962 10.805289 11.569652 5.893022 5.442765 66.112917 48.063573 213.657172 16.492029 37.557346 10.500931 144.173073 17.898579
126.079432 21.965012 10.875188 21.297396 12.564036 11.692076 7.388902 6.561365 56.342581 36.260551 198.784170 14.783434 25.204984 9.215832 114.663493 27.586498
108.031211 19.294746 7.866607 13.468177 10.781203 8.746895 4.402154 6.056339 44.944661 30.659390 190.489751 12.999745 29.949232 8.359290 122.684891 18.065394
110.488531 20.639940 10.636190 16.051589 9.994391 11.081462 4.566181 5.069298 56.070083 30.581144 160.094108 16.784527 28.818318 9.386922 113.684305 19.085002
88.693767 22.322385 11.316243 18.224190 10.277114 11.588402 4.348722 5.788373 40.630691 43.246310 282.629751 16.150198 31.892628 12.258769 132.981494 16.905123
102.100377 23.603361 7.534488 18.774115 10.133612 11.300538 5.869036 6.789157 58.463619 36.100240 207.752510 17.454118 42.306132 8.676346 105.263905 22.219617
97.169610 25.534262 10.055617 15.972866 12.193718 12.029905 6.786663 6.279186 63.616515 40.279826 302.613414 19.393664 39.609915 11.312014 146.911083 24.163324
98.711821 21.201803 9.731426 19.246283 9.361850 8.786743 5.656662 5.991201 52.524910 32.771626 177.972513 14.331823 32.457726 8.591179 146.259309 20.716740
95.462453 21.138556 8.645082 16.377218 15.630940 11.570433 4.784419 5.894169 47.180730 32.469004 181.815118 20.697665 32.724514 10.953233 153.646681 23.614928
108.501015 20.175867 8.959133 21.814490 10.113150 11.794010 5.551824 6.438460 45.084248 29.861306 217.544106 16.548333 32.391140 9.264503 111.150756 16.608087
96.621744 17.367212 7.829890 14.554032 12.025695 9.799299 5.411767 8.109641 63.509458 30.763782 199.814613 15.636435 29.987357 8.070885 125.128498 18.279362
90.989392 23.943567 8.670467 22.333436 10.610503 10.721009 5.437529 6.000049 54.763480 40.534825 222.947205 16.807324 30.607572 11.216442 133.382305 23.759574
134.034709 21.636691 10.217979 17.900987 11.931735 15.171205 6.139502 5.091890 63.195090 32.508700 201.535682 14.808144 33.751764 10.298091 132.326710 25.749194
107.943628 25.168589 8.059206 17.301294 12.961518 9.867007 6.621298 8.497644 68.207957 53.147346 205.212870 19.072794 39.193623 8.767156 110.857209 19.673671
99.917353 20.320120 8.669882 17.081962 10.223508 9.276163 4.850698 5.450391 57.187717 32.765740 168.818959 15.367398 33.253229 8.352938 121.946567 16.413258
88.880724 17.615425 9.123081 14.695461 12.221157 11.162325 5.834660 5.712198 67.833235 31.927203 193.888379 14.577443 31.274030 9.342333 146.016590 16.197406
93.832241 18.971605 7.502097 16.223832 12.981709 10.827036 4.873665 5.058989 59.994111 29.614780 228.640353 16.172964 27.108630 9.410060 131.356569 17.530388
92.800222 18.750546 9.933714 13.354565 11.189428 11.033230 4.163724 5.503857 59.128089 28.361212 193.716089 16.839610 32.684250 9.841018 101.626382 18.555026
86.813084 18.888775 10.126783 14.083794 11.752572 10.668553 6.166958 5.296089 57.032316 37.804057 177.534759 17.612207 24.762244 9.517961 168.299226 22.610485
105.757232 16.746476 8.790267 16.655596 12.692168 8.470714 7.016184 6.351687 54.193342 38.760911 236.861825 18.576771 32.132609 10.915495 135.636523 20.417925
76.774665 17.246323 9.765783 14.238366 10.970348 12.537638 5.646106 5.995338 48.045442 34.361605 222.402996 12.141156 33.200906 7.769779 125.393244 19.101066
