3.801816 5.642736 1.455790 5.454745 0.200309 2.075313 7.068904 1.615874 6.438195 7.111970 3.459808 2.169030 2.910822 5.970709 1.265438 1.158383 1.814802 6.206111 1.448824 2.497195 7.156836 7.218822 5.813776
4.160350 5.281713 2.351277 3.736059 6.230857 6.877435
3.840872 6.022352 1.724933 2.141625
4.182906 1.400082 6.948745 5.184294 2.182762 0.242510 6.296579 0.855989 1.093725
4.731986 6.641653 6.847152 5.281124 3.395437 6.023439 2.827366 6.158057 0.282682 3.053230 0.076158 0.277424 3.234113 1.780017 0.320821 4.381566
3.801041 0.899075 1.717198 0.600556 7.339108 6.162621 4.987882 3.742517 4.392034 4.127066 0.573292 3.210067 5.748324 7.027901 1.392748 1.162387 4.340417 3.525100 4.475121 2.306487 3.819917 5.738386 3.236061 5.540821 4.378585 6.381983 1.414307 3.626034
3.740908 1.734699 3.222336 5.095988 3.789658 0.070427 7.421327 1.866864 6.644177 1.711070 3.918463 6.537272 7.164634 5.459533 7.438613 4.475849 6.284803 4.118236 4.980691 0.736520 4.488509 3.888080 7.326954 4.117156 2.012160
7.432725 4.621198 3.936414 0.286214 2.056784 5.947320 6.707388 1.486773 7.485429 3.675158 4.943462 6.290704 3.066758 2.721224 0.553366 3.566910 0.964244 2.074957 1.747251 5.100452 0.924449 1.414747 3.944656
4.188496 3.538555 1.626230 2.506171 5.980507 3.501071 0.402209 1.787601 0.284665 4.680997 1.070054 1.057051 2.246616 4.646598 7.007741 5.155230 5.723032 5.601921 5.612929 0.069618 3.313499 1.270676
0.041127 7.128190 4.440609 6.102760 5.745505 6.553335 2.951203 4.280510 3.251261 2.885136 4.937249 3.024515
3.372987 1.535392 5.365581 0.913435 3.456934
2.088864 7.365396 0.395613 0.569925 0.224196 0.265274
6.117821 0.262758 5.081932 2.588821 5.417752 5.184741 0.396511 2.787250 5.889479 2.534985 3.356070 3.155103 5.739691 6.495998 6.299365 0.314745 1.775760 3.377623 4.704369 6.725111 0.109363 0.224441 3.032143 3.640442 5.311439
5.450100 5.308769 6.556894 4.241134 1.111407 5.333840 6.609090 1.189101 3.319649 7.304157 6.023020 3.719695 2.873284 4.056511 3.197040 5.106003 6.595773 3.861268 4.357199 2.168088 6.669922 0.822439 7.419178 4.505397 2.635661 5.351422 6.099114 1.470216 7.049317 4.312944 0.950478 0.551540 1.649225 5.297599 5.416861 6.126922 4.695828 1.814976 7.038028 5.705652 5.427046 4.524309 1.181479 4.631553
1.117664 2.485387 4.849584 5.516280 2.410085 4.518840 3.656294 1.838553 3.134116 2.953272 5.738010 7.455496 1.510593 2.627963 4.844379 3.584797 2.820270 4.966263 4.079364
7.164698 6.495029 1.699512 1.737589 4.169005 3.004687 6.156003 0.193539 6.299539 2.854215 3.844454 6.611973 2.994913 1.748410 6.657441 0.232272 4.283865 1.079745 2.517127 2.116767 1.958076
1.811831 3.745378 0.798046 5.055151 3.521929 7.395398 2.145528 2.468146 6.058659 6.278034 5.563772 6.225063 6.094558 3.759566 6.611608 4.966349 2.362196 0.983370 0.818674 1.022462 1.408586 3.068332 0.285127 3.032907 1.918655 1.959372 4.824228 4.994564 5.452240 3.345121 4.428516 1.469945 4.924003 6.396664 6.810882
4.492570 1.622060 6.713802 4.674236 6.828027 0.069437 1.643723 4.602283 7.329200 2.637211 5.539626 2.643313 0.213897 6.712110 5.076807 3.470553 6.499382 6.339858 1.845324 3.873650 4.363480 5.462381 2.236134 3.550820 6.522406 6.866621 5.204940 7.133409
1.881279 6.494104 1.726615 1.342925 6.274599 5.628396 7.056727 0.083786 2.907512 1.008251 4.556687 2.228759 5.222503 3.421508 5.472777 7.015984 6.468723 1.878320 3.380133 0.666247 2.547152
6.831352 0.546506 4.944958 6.526054 0.169879 3.344638 0.382969 5.886017 5.661761 5.583101 2.012324 0.025391 3.837505 1.862573 7.041225 7.207710 0.310949 7.044972 7.011390 4.628098 6.562045 6.140937 1.015960 4.604805 2.171135 2.238716 6.423943 1.424213 6.692491 3.203694 5.232247 3.339594 4.856202 6.239933 2.289575 0.082543 1.061291
6.140513 0.626484 2.327169 6.971763 6.485123 3.292522 5.264068 3.631958 5.518982 3.349857 5.693524 4.351706 7.116502 2.256548 2.738776 4.476370 5.568096 3.251065 1.517669 5.624244 2.159177 5.553136 1.128112 4.650562 2.291103 4.050324 2.593959 1.372139 4.492870
6.347120 7.354825 3.492921 0.468470 0.313107 3.484555 2.774155 4.259686 3.525625 1.757748 1.404170 3.154168 2.783900 5.664297 3.821915 1.701260 1.989977 1.498454 0.736054 1.580200 4.107504
1.566085 0.100352 6.142669 2.951600 4.042232 4.841203 4.532280 5.496318 3.426047 3.693337 0.322592 1.280716 3.712797
5.674707 1.326281 2.223506 3.924114 2.742086 6.182848 3.830621 4.595205
4.046650 3.304410 6.615008 6.622852
3.188897 3.027152 6.697689 1.228278 1.624992
3.156963 2.846049 6.445120 1.085002 1.392733 2.131746 5.958224 6.139344 6.624342
3.731308 6.802462 1.500240
3.914200 6.114753 0.110414 2.058119 4.890085 4.606038
4.080552 6.770036 1.059753
3.783777 1.163503 0.338402 5.825411 1.661250 2.282968 1.029033 2.331665 0.094264 0.236864 5.278158 0.086517
3.585762 4.723460 6.898150 6.750785 0.863787 4.073747 1.241516 5.727790 7.072276 4.510755 5.714263 3.401854 1.409622 5.696814 1.351434 4.108061
2.692671 5.730869 0.251606 5.640914 4.761570 3.518671 7.348175 0.217270 3.718801
2.696861 6.920570 4.327624 6.779038 5.701168 0.243378 3.696346 0.566278 0.556556 7.320657
4.189313 1.095549 3.971944 0.035412 5.386170 5.122725
0.121666 4.179572 0.789181 0.624700 7.281771 0.685843 7.087507 4.485391 3.959176 2.649093 0.667337 7.035773 4.235152 1.830567 5.313820 2.053525 7.493521 5.814997 0.678000 2.725066
5.564916 4.432547 1.802759 6.611284 5.569327 3.437521 0.561891 2.909656 1.307919 2.283161 7.043634 0.369456 4.999348 0.351382 5.775146 1.044666 4.696785 5.323475 4.127225
1.520005 4.842491 0.097346 1.805181 2.706666 6.832501 5.088836 4.278295 6.933504 0.283599
6.800388 0.811722 3.271886 4.479940 2.796898 2.896154 7.326285 5.610868 1.021847 3.955939 3.231441 0.617945
1.491732 5.347703 1.358750 6.176340 4.734536 0.189337 7.246075 1.365379 4.369574 5.087982 2.897416 7.444828 7.370385 1.302994 7.139502 6.313071 1.712638
3.262845 0.036074 1.452422 0.264634 1.731331 7.388282 5.987230 1.619866 5.759421 0.148665 1.815495 5.785257 4.188803 6.496821 0.075224
4.158791 0.831655 6.784957 4.748158 0.622453 3.994777 2.640848 0.392111 3.933950 2.271853 6.539482 1.438785 1.338249 1.381087 2.036147 3.864985 1.055051 0.407929 7.445495 0.121779 1.303336 5.595608 0.381098 4.833815 7.441413 3.472829 5.249114 1.864998 1.425593 6.180421 3.802780
6.561988 3.397816 4.759656 1.641538 6.908580 0.538985 6.101145 6.934080 5.513859 2.731476 7.220968 3.141207 1.046579 6.547920 4.905594 3.826832 6.846172 1.627716 5.660989 1.176533 4.937604
3.653393 5.497643 3.538497 0.344792 4.155414 6.459842 2.472531 1.331946 2.318579 5.618784
5.812971 3.259176 6.647790 7.218320 1.231479 7.135941 0.991317 4.772832 4.611558 5.969038 1.829690 4.938116 6.163239 4.904820 1.509169 4.735262 1.459539 6.229447 7.372350
6.945721 0.571049 0.256534 2.908368 7.160106 6.880977 1.977916 2.314673 1.122258 5.875040 6.741774 0.321868
3.245929 0.489843 1.017420 6.255643 4.120090 1.147098 2.095902 3.631450 2.812475 6.248737 7.060091 0.886596 6.985385 6.263849 5.133369 1.067311 6.919842 2.209459 0.842597 0.278344 6.086314
2.240069 7.236884 0.917405 3.171416 4.588466 7.009279 5.060659 6.601979 6.958866 7.323578 1.239858 5.038780 5.678350 1.016255 6.565948 6.190838
5.855371 6.814574 0.323912 7.066071 6.157482 7.145315 5.418856 1.655222 0.778277 4.747369 2.830845 2.389202 2.391813 6.049516 0.259057 1.133714 4.211600 4.823902
1.866758 2.174098 5.421066 1.676121 5.537661 1.740987 4.235641 3.111273 5.165703 0.870075 1.316609 0.700294 5.110869 5.695903 6.753757 0.669753 1.592130 5.882421 0.031103 4.992122 2.877895 5.834283
0.491630 4.267615 1.839184 5.451034 0.636752 1.184935 2.463991 0.415452 0.114490 1.647715 4.043951 3.642714 2.631866 0.755943 4.502652 7.410515 2.368619 4.844191 2.801681 1.365970 2.266585 3.611130 3.601007 5.885759
3.170920 2.315683 6.232812 6.782470 5.452981 0.394415 5.248421 0.487097 6.220243 0.335435 0.817120 6.390242
4.539876 5.915428 0.324395 1.589004 6.011736 0.553468 0.580691 4.676636 0.463209 7.243790 3.910630 4.435385 5.165408 0.601264 3.686254
6.479381 4.995788 0.440446 1.201749 3.847021 1.101501 5.361873 1.032568 0.322577 5.035522 5.552909 1.574347 6.953269 1.549514 3.228466 5.904140 1.983087 4.021813 2.772889 5.915662 1.400772 5.964474
0.807305 7.026279 3.707921 0.934749 1.521112 2.895592
2.743974 0.700923 6.431815 3.089942 6.641725 3.240645 6.562344
1.363880 3.516975 5.579359 3.560599 5.147376 3.120899 6.421934
3.655532 5.114916 2.323351 0.474053 1.533277 2.699280
3.596220 5.108218 0.060837 3.782284
0.980101 3.502161 6.189133 3.109660
5.859301 3.112428 2.029699 4.240402 0.799424 1.201213 2.868973 0.052212 5.438040
1.892167 2.429831 3.304570 1.921114 6.334580 0.083975 6.583977 0.396638 0.896915
3.609199 2.837359 2.100085 5.980452 0.067341 2.147420 0.814864 1.246782 4.046869
2.173516 5.686015 0.160439 2.746214 1.603001 5.915183 6.084444 4.741757 7.297325 6.358534 3.703537 5.380387 5.528470 4.319592 3.770649 1.203153
5.255338 4.995814 7.463478 1.148735 6.582734 1.667116 4.407266 4.810869 1.682541 2.099076 6.455904 3.561329
3.994996 6.731145 6.017940 6.398825 1.689742 2.130290 5.396153 6.002757 3.393706 0.654613 6.559945 7.139009 2.596854 5.065240 7.085467
3.006306 6.597296 0.201252 6.114106 2.613775 6.463853 5.363593 1.402114 4.277537 2.429267
5.266285 6.887214 7.330752 4.145085 2.074289 0.198665 3.272374 1.607460 5.303682 6.496950 5.728985 4.325366 4.756698 4.494591 0.006804 5.246012 7.305600 4.428112
1.698715 1.413864 4.536603 4.465375 7.097917 5.217149 4.636326 1.146306 1.464942 6.269196 4.485803 4.351138 6.934520 7.183377 7.404080
2.185140 3.050780 0.945640 6.551987 6.975606 4.659459
2.281383 0.673062 7.202451 0.439449
0.801588 7.339422 3.659959
7.033040 4.186329 1.648224
6.060229 3.495369 1.343407 5.794719
3.310477 0.927705 4.755620 3.699579
1.094293 4.532231 3.241067
3.297494 1.418417 6.376245 1.662100 0.023502 7.447007
3.773962 6.551169 6.112192 1.619600 2.198595
0.812582 3.115752 2.976712 5.923226 0.157856
1.952609 2.755010 7.211518
2.753426 6.571795 3.582541 1.768294 3.401965
7.425395 6.687757 3.848478 1.423652 2.551936 1.036832 5.182645 1.243222 6.951282 0.092631 0.165066
4.913752 7.474612 0.997416 5.818122 2.800511 0.370470 2.361981 6.124495 3.723391
0.150345 6.133749 0.688540 1.548858 0.965021 0.121056 4.523733 6.435488 0.146678
6.980674 6.953844 2.257384 6.997826 2.523352 5.225887 2.273571 2.314579 2.209974 5.839418 3.129034 2.188677 6.323965 1.053110
3.242856 0.319760 7.287549 6.228097 5.060413 3.024334 3.833923 2.180499 1.510119 6.244398 6.013603 1.236012 0.433383 6.099616 0.248332 5.119350
1.179417 6.873709 3.009458 5.503423 6.075684 1.992490 2.844263
6.266188 4.501819 2.064598 5.260156 1.941326 5.312959 6.587149 2.655244 2.373386 4.520458 0.386056 4.363614 7.061928 4.816894 7.030826 4.628282 4.846437 2.262351 7.293368 3.294685 7.412857 4.643159 5.866473
1.390271 4.638612 3.688039 5.166977 5.822547 1.847126 5.687895 5.027797 1.534728 4.818807 7.281677 7.241082 4.641244 4.986934 3.508113 3.845947
7.267677 1.846859 6.378676 7.210895 2.495953 7.162394 6.500479 6.805314 2.074776 4.845039 5.228893 2.612553 1.697944 4.823646 2.238618 5.361648 2.279608 0.660270 1.915427 7.144211 1.185116
6.951442 3.292556 0.758592 5.210098 2.482016 6.019179 2.061407 7.463062 0.177938 3.553994 5.740210
5.999338 1.459871 5.113380 5.097538 1.567733 1.599985 3.378752 5.023680 6.378867 2.921547 2.678072 6.946547 6.588869 6.867926 2.751462 2.720175 1.405312 2.831789 0.686051 5.548881 3.143155 7.077435 3.329169
5.359983 4.090814 2.256439 5.808657 6.408934 0.644113 3.598554 4.924274 1.053858 2.406237 4.990580
1.126885 6.388528 4.721613 3.755260 4.177600 7.377208 6.604910 3.841966 4.740946
4.758992 6.916301 3.299216 1.003279 0.399751 3.816048 5.820436 5.575674 0.498191 3.197962 6.247564 2.611826 7.319962
6.901505 2.973184 1.661032 4.026548 5.203360 5.491798 3.265413 2.229005 2.867666 3.810358 1.140972 4.715147 6.125485 4.247257 2.096450 2.190578 4.527702 3.568530
4.380161 0.806797 4.075331 6.671874 2.230877 5.941103 7.154145
6.293881 1.492812 4.427895 7.190968 1.169275 5.246970 7.487122
6.804783 5.469623 5.755389 7.471264 0.759067 0.232294 5.034664
