1.206485 0.817014 0.843648 1.029492 0.845719 0.996844 0.975646 0.835586 1.163060
0.951354 1.096276 1.020441 0.900452 1.146580 1.227879 0.939361 0.933148 1.094748 0.978662 1.122182 1.029022 1.241284 1.240507 0.931703 0.839513 0.917170 0.800338 0.848759 0.829320 0.866335 1.148754
1.201119 0.985047 0.837764 0.845394 0.852348 1.200118 1.095316 0.846590 0.999439 0.970216 0.891515
1.124208 0.812867 1.190027 0.874254 1.087556 1.192654 1.015267 1.146383 1.258473 0.911795 0.961408 0.829853 1.069382 1.102277 0.858707 0.843575 1.002151 1.034806 0.894619 0.820082 0.900886
1.234065 1.194231 1.257895 1.156241 0.802777 1.137482 1.077827 0.928640 0.938236 0.980938 1.128195 1.087916 1.016007 0.881580 1.142846 0.984284 1.066734 0.850540 1.026655 0.872136 1.054140
1.088258 0.991839 1.148291 0.868650 1.119568 0.918317 0.815901 0.970727
0.935571 1.093235 1.215257 0.870898 0.945327 0.824403 0.827226 1.164512 1.075152 0.857593 1.065207 0.971125 1.022140 0.980008 1.036748
0.804867 0.968419 0.812831 1.178531 1.156116 0.961700 1.060464 1.228239 0.904933 0.998635 0.896385 0.989613 1.049773 1.025772 1.129444 0.845328 0.992767 0.914408
1.031777 0.850639 0.895865 0.808643 1.175897 1.176617 0.871982 1.178078 0.990861 1.134912 1.079810 0.845089 0.870789 0.899327 1.147375 1.185595 0.895682 0.830310 0.917913 0.868745 0.893901
1.184845 0.930897 1.079145 0.851537 0.808642 0.801478 1.012741 0.999863 1.044130 1.025297 1.062943 0.925318 1.169136 1.199635 0.977328 0.901657 1.156179 0.798424 0.837124 0.833133 1.095756 1.071843 0.981868
1.022085 0.950128 1.248261 0.830228 0.825607 0.859809 1.037153 0.912678 1.066881 1.118148 0.845758 0.861229 1.197725 1.077038 0.802366 0.991443 1.071768 1.087595 1.130536 0.868342 1.122448 0.943932 0.796789 1.015908 1.108070
0.829154 1.234005 1.189576 0.878431 0.913439 0.868898 0.942001 0.894726 0.897884 1.002848 1.042314 0.846530 1.069665 1.137302 1.103703 0.988650 0.952549 1.171079 0.862894 0.995045
0.811239 1.012881 0.919446 0.858168 1.083523 1.067547 1.227107 1.233515 1.140122 1.187863 0.978297 0.814827 0.928572 0.885195 0.968641 1.144410
0.846167 1.178851 1.169225 0.849768 0.891678 0.897616 1.024576 1.083441 1.125251 1.212223 0.916388 1.202418 1.050381 0.909801 0.886138 0.855127 1.154696 1.024717 1.022052 0.956755 0.834117 1.210682 1.243946 1.153444 1.202264 1.170559 0.799583 1.066330 1.180880 0.901195 0.871084 1.017963 0.939193 1.225173 1.218433
1.185022 0.901279 1.107787 0.983298 0.817943
0.828885 0.867035 0.824491 0.942461 0.805920 1.039366 0.927485 0.841481 0.835357 1.215384 0.914456 0.935896 1.073202 0.923849 1.089213 1.059933 0.948025 0.878117 1.063513
0.838599 0.871249 0.860569 1.239769 1.083890 1.163323 0.939788 0.948588 1.176686 0.916092 0.808609 1.085026 0.824042 0.951190 1.165012 1.232397 0.842604 0.877934 1.098021 0.941691 0.971075 1.063974
1.142725 0.827813 1.185156 1.074147 0.888801 1.056240 0.897742 0.899549 0.963335 1.230074 0.893524 0.892454 0.914316 0.913355 0.981005 1.127064 1.086195
1.252970 1.235406 1.154886 0.970488 0.994555 1.227225 0.842127 1.073198 1.216807 1.166646 1.019295
1.160543 1.183150 0.873847 1.129318 1.084664 0.978180 1.143026 1.018338 1.153504 0.905143 0.853799 0.845497 0.922404 0.816365 1.246633 1.256348 1.081926 1.038036 1.087177 1.103635
1.084554 1.218178 1.020996 0.982568 1.242292 1.057251 1.020339 1.183664 0.872122 0.869716 0.868591 1.201778
1.080790 0.852798 1.102395 0.993614 0.951438 0.946061 1.095364 1.163955 1.165303 0.852583 1.065863 1.024140 0.901183 1.206809 0.961888 0.910137 1.062166
1.038502 0.938698 0.988188 0.961725 1.033367 0.826539 1.016440 0.986924 0.915037 0.894047 0.820564 1.071714 0.995189 0.946592 0.886331 0.819053 0.809449
0.818064 0.845738 1.187148 1.227293 0.889378 0.993349 1.087143 1.018389 1.119588 0.968117 1.216867 1.017767 0.862144 1.111805 0.857023 1.028176 1.027819 0.979194 1.123567 0.873534 1.047439 1.045993 1.219743 1.224056 1.026645 0.826265 1.236411 1.250580 1.188858 0.847875 1.139961 0.871845 0.826713 0.939339 0.896880 1.103130 0.935237 1.234165 1.042841 1.121688 1.052261 1.102831 0.940579 1.234992
0.916240 1.065508 0.974221 0.811209 1.000629 1.246721 0.950010 0.846687 1.094020 0.995070 0.946411 1.105533 0.834135 0.852556 1.035294 0.983909
1.114435 0.799647 0.836639 1.004031 1.031994 0.952257 0.836459 1.251275 0.997406 0.939842
0.802015 1.037020 1.196236 1.006145 0.841643 0.927951
0.897621 1.129286 1.178807 1.194209 0.912574 1.102993 1.054017 1.236362 0.947134 1.142354 0.986973 0.986816
1.174291 0.924999 0.824335 0.954082 0.971611 0.919895 0.996632 0.823647 0.970448 0.913126 0.802886 0.875591 0.888988 1.081783 1.018413 1.072567 1.024439 1.214031 0.803356 0.895268 0.888368 0.884045
1.103934 0.949670 0.848510 0.950079 0.817471 0.835260
0.996732 0.884685 0.827930 0.857951 1.038691 0.998195 1.041350 1.141010
0.797918 0.804726 0.818508 1.093788 0.911253 1.198347 1.026402 0.830328 0.944228 1.022043
0.833969 0.933327 0.937611 0.812932 1.126444 0.798517 0.943860 0.930227 1.026151 1.138123 0.881278 1.209533
1.220967 1.240587 1.157883 1.105209 0.957742 1.105704 0.932133 1.069260 1.040573
1.121637 1.098135 0.885011 0.974298 0.991297 0.999265 1.179936 1.021760 1.129508 0.902215 1.250616 1.025139 1.248053 0.879212 1.207554 0.912553 0.951003 0.812704 1.081498 1.119182 0.869227 0.913496 1.243614
1.070983 0.848063 1.041134 1.057990 0.898132 1.142848 1.120164 1.126685 0.811675 1.091973 1.205629 1.085568 0.949050 1.048802 0.962942 0.888021 0.836929 1.217240 0.877358 1.209053 1.014863 0.852196 1.197415 0.844085 0.978891 1.130214 1.030054 1.004781 1.004480 1.156412 0.802885 0.918543 1.003668 0.931117
0.806468 0.891818 1.141287 0.934591 0.863616 0.841567 0.828486 0.817777 1.081795 1.133746 0.858108 1.171252 1.072646
0.833662 0.891986 0.862218 1.242975 1.002058 0.802174 0.987630 0.938332 0.875028 1.149766 0.901747 1.049224 0.824098 0.845491
0.836854 0.900920 0.856729 1.094488 0.846724 0.994447 1.005995 0.907057 1.093302 1.022023
0.867019 1.025169 0.927721 0.909528 0.832965 1.077280 0.912676 1.121458 0.870445 0.878369 1.058315
0.821856 1.192129 0.799866 1.163143 1.132444 0.940575 0.882336 1.151133 0.807038 1.131207 0.856115 0.995398 0.910220 0.997331 1.026663 1.069019 1.080119 1.125489 0.943028
0.913705 1.110863 1.225695 1.096727 0.938048 1.125081 1.004388 1.172751 0.901325 1.110099 1.001035 1.035964 0.999777 1.247235
0.850439 0.802714 0.875733 1.027505 1.083883 1.131531 0.809874 0.829093 1.176754 0.816569 1.221816 0.934755 1.076374 1.119736
1.019667 0.799367 1.041645 0.960665 1.129208 0.894966 0.878353 0.880933 0.869001 0.965185 0.980444 0.891014 1.107396
0.938742 1.207980 0.890944 0.969018 1.173056 1.179661 1.187280 0.945025 0.854321 0.940656 1.069373 0.894890
0.904151 0.928170 1.117660 1.112036 0.841148 1.094837 1.065057 0.911727 1.124162 1.192411 0.905959 1.070373 0.815850 0.890066
0.918321 1.084311 0.974075 1.125163 1.081278 1.251292 1.232743 0.877028 1.107615 1.248029 1.115114 1.177863 0.979210 0.905563 0.978355
1.251752 1.011784 0.970747 0.867028 0.842180 0.989227 1.081039 0.977303 1.141507 0.806253 1.077261 0.813919 1.041485 1.258527
1.158415 1.058793 0.923606 0.946562 1.131576 0.897406 1.026904 0.845141 1.152114 0.967166 1.061845 0.882889
0.963086 0.840992 1.144647 0.916700 0.921568 1.207818 1.032463 1.093262 1.012489 0.981569 1.178788 1.077016 1.070953 0.849951 1.205011 1.010995 1.059348
0.839918 1.002012 0.817415 0.866664 0.890246 1.244062 0.847790 1.003840 1.175762 0.905415 0.864812 1.079173 0.963155 0.958048 0.981405 1.137530 1.093602
0.797660 1.233332 1.146434 0.895588 1.074477 0.866425 1.165006 0.876204 0.861126 0.795548 1.025295 0.893578 0.843718 1.087524 0.917109 1.100851 0.945802 1.021698 1.078758 0.849566
0.797873 1.149791 0.820311 0.844738 1.043739 0.834824 0.830334 1.085126 1.158128 1.017567 0.887925 0.861340 1.060035 0.833912 0.867107 1.006357 0.933196 1.048304 1.029593
1.030215 0.861076 1.052167 0.866032 1.101856 1.075560 0.930870 1.174211 1.122780 1.191804 0.849162 0.847025 1.000167 1.120211 0.868008 0.854008 1.098373 1.087460 0.970742
0.919642 0.989639 0.877298 1.161654 1.229290 1.257578 1.063336 1.064213 0.835400 0.847594 1.094071 0.963819
0.857214 1.025380 1.189836 1.135967 1.232516 0.803426 0.923745 0.918958 1.052259 0.864615 1.124497 1.018196 1.025991 0.965482 0.921589 1.046030 0.918941 1.127957 1.152435 0.978020 0.927547 1.234277 0.912201 1.025608 1.191183
1.152079 1.117483 0.887528 1.088541 1.064622 1.223164 0.838006 0.875868 1.191498 1.148155 0.967837 0.871597 0.849912 0.875613 0.875701 0.954584 0.944989 1.219539 1.147556 1.076624 0.956061 1.030201 1.039682 1.125812 1.016220 1.217107 1.023964 1.157427 1.185172 1.143538 0.888879 0.892022 1.062895 1.214704 0.862677 1.174464 1.075756 1.125637 1.225209 0.894951 1.192945 0.933018
0.873766 1.076335 1.125023 1.192315 0.967049 0.891284 0.833494 0.903567 0.988690 1.112433 0.797380 1.102714 1.202543 0.973244 1.066327 1.178129 1.035703 0.904586 1.010486
0.871930 0.960366 0.944810 1.211774 0.801757 1.116336 1.060006 0.932473 0.835627 0.866249 0.931063 1.152467 1.211431 0.847776
0.993601 0.963104 1.131477 1.205788 1.100302 1.194086 1.016630 1.227653 1.018841 0.895338 0.862431 0.969999 0.983219 0.919657 1.061929 1.118392 1.047468 1.042370 1.203187 1.109175 0.970586 1.122834 1.029510 1.030059 0.816533 1.151296 0.835344
1.215900 0.849768 0.908540 1.036308 1.008498 1.029282 1.081825 0.909041 0.993837 0.805946 1.231257 0.998616 0.830185 0.895747 0.867955
0.888482 1.253306 1.159987 0.819826 1.155579 1.110741 1.107483 0.815576 1.021817 0.842251 0.960501 1.013692 1.189690 0.862300 1.224135 0.908462 1.011553
0.937297 0.965195 1.198383 1.057128 1.083422 0.958884
1.013997 1.050608 0.974920 1.227451 1.187354 0.853491 0.944770 1.130682 1.056501 1.148904 0.847044 0.821361
1.231708 1.116197 0.933902 1.021374 0.924922 0.806252 0.850883 0.909891 0.841440 1.151305 0.966944 0.814644
0.861663 1.105643 1.071826 1.154580 0.944100 0.848849 1.029622 1.024736 1.116986 0.896987 1.161873 1.092102 0.900472 0.940268 0.935772 1.062809 1.086477 0.954772 0.860061 0.845001 0.897518
0.992152 1.092295 0.845696 0.994071 1.155741 0.995356 1.124905 1.051408
0.975537 0.836849 0.797109 1.047766 0.924239 0.955697 1.120245 1.142681
0.893846 1.062974 1.108142 1.076751 0.799291 1.193833 1.045926 0.982486 0.815131 1.213880 0.885909 1.064900 1.162783 0.938432 0.894562 1.023670 0.873105 1.022140 0.913156 1.115007 0.889825 1.231986 0.928987 0.939979 1.091329 1.204808
1.048218 1.047036 1.091459 0.908383 1.031556 1.153269 1.150598 0.828243 0.938612 1.181228 0.835933 0.919739 1.017943 0.947319 0.875356 0.861854 1.185442 1.110726 1.143106 0.888507 1.038236 0.936428 1.130815 1.044230 0.847820 0.968612 1.135452
1.064878 0.893441 0.932924 0.842299 0.812177 1.066130 1.218128 0.846477 0.898181 0.854929 1.095230
0.863722 0.892017 0.916997 0.854615
0.987401 0.955948 1.048002 1.155799 1.169085 0.802521 1.143221 0.979344 0.815296 1.198814 1.121682 0.807335 0.867915 0.910432 1.254013 0.884134 1.235928 1.113827 1.081619 1.056970 1.159907 1.028445 0.949152
1.070956 0.804451 1.014028 0.997599 1.060525 0.799723 0.835910
1.154407 0.877016 1.137604 0.837470 0.927874 0.910895 1.167583 1.115360 0.891240
0.801793 0.855618 1.113924 1.096061 1.097431 0.815983 1.044141 0.903978 0.945635 1.107048 1.243759 0.885569 1.093796 1.179403
0.815019 0.968528 0.809311 1.117137 0.971637 1.144604 0.804493 1.109272 1.222301 1.045795 1.108575 0.875737
1.205157 0.903755 1.235376 0.799236 1.014953 0.801638 0.952606 0.904466 0.924531 0.982437 1.000152 1.070107 1.052624
0.814523 1.004352 1.075372 1.050947 1.132789 0.830252 1.181375 0.863683 1.043703 0.948390 0.842612 1.025927 0.901771 1.060140 1.246309 0.951994
1.177290 0.821237 0.802951 1.086425 1.094688 0.802243 0.878409 0.839833 0.889312 0.922089 0.929408 1.168150 1.026372 0.847060 0.824574 1.095173 1.057571 1.026623 0.813751 1.005875 0.911070 1.032648 1.131466 0.991113
1.035619 1.140341 1.217650 0.804550 1.089896 1.150571 0.907892 0.834464 1.191526 1.127864
1.168072 1.127463 0.898041 0.920282 1.010326 1.226240 0.957028 1.127583 0.965757 1.153969 0.943761 1.146362 1.122313 0.953607 1.181630 1.165362 1.125093 0.852811 1.162028 1.047208 0.843556 0.878448 0.919152 0.902497 1.033970 1.024057 1.042044
0.918830 0.821386 1.148169 0.937801 1.041711 1.194598 1.013347 1.065636 1.166716 1.155539 0.825177 0.954646 0.842845 0.911315 0.970005 0.900960 1.168097 0.911836 0.818982 1.068127 1.253113
0.889289 1.238414 0.901271 0.829162 0.959516 1.138294 1.102560 0.833283 1.241564 0.988008 0.888645 1.127421 1.142419 0.975429 0.959373 0.974075 0.858147 0.957718 0.800203 0.969080
1.161218 1.171521 1.159298 0.875399 1.163699 0.824016 1.020573 1.116906 0.830828 0.881193 0.993212 1.014100 1.221358 1.070552 1.064407 1.045718 0.991519 1.029604
1.172574 1.064413 0.821805 1.014094 0.830656 1.133474 1.068733 0.805361 1.186990 1.228688 0.998783 1.177264 1.056272 0.942384 1.214460 1.144060 1.220856 1.014936 0.835780 1.084084 0.843341
0.959343 1.113446 1.100427 1.067120 0.997037 1.169597 0.829385 1.100082 0.846108 1.174415 0.888104 1.085190 1.084845 1.000695 0.945819 1.097295 0.814831 1.124462 0.967556 0.921860 0.989126 1.200785 0.887150 0.810639 1.014681 1.158781 1.076346 0.835074
1.231236 0.888020 0.995309 0.877773 1.195808 1.019099
0.967667 0.997043 1.072343 1.116403 1.073247 0.918582 0.940210 1.081045 0.900851 0.798207 1.050375 0.946081 1.112465 1.045401 0.902335 1.076751 1.181128 1.072911 0.832037 1.216009
0.909135 1.192023 1.253849 1.081674 0.981398 0.893463 0.974701 0.996459 1.240451 1.079137 0.863327 0.841771 0.805572 0.847739 0.943711 1.170771 1.028006 0.960492 1.061912 1.023538 1.105320 0.896045 1.059512 1.228693 1.090008 0.868171 0.932951 0.965892 1.050290 1.037748 0.940609
1.005037 0.898985 0.800618 1.137459 1.158831 0.839646 0.980653 1.096630 0.866113 1.211794
1.201495 0.886152 1.188835 0.920271 1.064122 1.070499 0.816155 1.030260 1.042806 1.003477 1.161806 0.851300 0.938516 0.977275 0.841318 0.964798 1.148312
0.837981 1.008098 0.943744 1.174188 0.936717 0.898605 1.203716 1.203620 0.952643 0.820823 1.099929 1.094251 1.133714 1.015655 1.065642 1.133491 0.807510 0.833047 0.847859 0.965638 0.972923 1.050773 1.191865 0.798470 1.186964 0.996374 1.225098 1.002718
1.122293 1.210943 0.964563 1.076267 1.090981 1.045871 0.991392 0.873812 0.928997 0.825634 1.258724 1.091997 1.182095 1.045140 0.826453 1.200227 0.869303
0.864469 0.965585 1.016314 1.240824 0.797073 0.841109 1.062075 1.153530 1.220723 0.805454 0.893581 1.087530 1.015116
0.998458 1.093621 1.137865 1.212428 1.170590 0.988251 1.243553 1.046307 1.115804 1.149320 1.077474 0.815126 1.023006 1.075988 0.868922 0.806339
0.957816 1.197834 0.962877 0.804879 1.146081 0.980043 1.001003 0.866599 1.215733 1.250605 1.129515 0.937917 0.834316 1.159256 1.102151 0.932450 1.157095 0.949626
0.817377 0.808835 1.120140 1.112167 0.893413 0.859199 1.166159 0.979628 1.123160 0.926770 1.243916 0.855398 1.105765 0.857273 1.113594 0.919975 0.914627
1.252185 1.254489 0.935318 1.219106 1.007237 1.199313 1.079188 0.912062 1.018400 1.240923 1.191537 0.844476 1.217818 1.094116 0.823164 0.985965 1.164429 0.851907 0.795330 0.893597 1.073087 0.814880 0.859385 0.865009
