-42.482166 -18709.993884
-11.175450 -18707.358644
-20.405990 -18707.515983
-16.331018 -18710.530751
-24.902535 -18717.213283
-41.784736 -18713.221849
-33.616608 -18709.079147
-19.587384 -18706.730686
-35.791437 -18711.586193
-18.854757 -18711.838217
-8.808974 -18706.647082
-10.013632 -18714.728825
-40.689212 -18702.636918
-61.649921 -18707.999691
-32.480735 -18709.983774
-27.256761 -18718.984234
-52.687941 -18712.046844
-44.908828 -18713.411813
-45.052762 -18704.930041
-61.117882 -18708.799534
-56.419188 -18716.609267
-34.026057 -18710.200092
-24.232972 -18710.084813
2.330426 -18704.982837
-18.084576 -18708.735098
-20.305166 -18708.111755
-27.602731 -18708.802327
-21.269350 -18709.021138
-15.420753 -18711.910985
-20.634945 -18710.254062
-32.342809 -18706.340833
-26.256448 -18714.833990
-18.566539 -18711.905390
-23.286904 -18712.495121
-11.286790 -18705.810968
-17.770526 -18715.746295
-28.327701 -18709.928725
-24.402314 -18710.196129
-23.309289 -18712.781342
-26.932710 -18716.538597
-22.511858 -18707.522874
-41.210454 -18706.980445
-35.217215 -18709.297190
-25.449404 -18707.900109
-22.541222 -18711.756148
-16.380706 -18711.080128
-26.691613 -18709.413837
-16.354911 -18704.751526
-34.946634 -18716.769907
-23.041766 -18714.052942
-27.497012 -18707.149547
-20.493779 -18712.633363
-20.804200 -18707.420233
-26.384773 -18707.354065
-16.561205 -18715.146190
-7.482501 -18705.149609
2.665205 -18705.184289
-12.802567 -18707.319635
-16.636113 -18715.611441
-5.791417 -18719.389199
-19.587654 -18708.686050
-25.350792 -18707.633172
-23.813646 -18712.035050
-30.785293 -18723.146331
-24.877550 -18710.847725
-23.175791 -18709.002836
-26.511670 -18706.875039
-47.221168 -18708.030164
-20.503112 -18714.375214
-11.766320 -18716.260585
-24.812673 -18708.530606
-25.054445 -18715.091070
-10.980499 -18715.175598
-28.612914 -18707.948418
-21.122800 -18710.011633
-19.082739 -18713.852598
-18.464199 -18704.977818
-16.583232 -18710.628227
-17.723539 -18713.281374
-8.532755 -18714.887679
-20.376993 -18709.815897
-1.382371 -18710.475675
-12.205071 -18721.569493
-15.254327 -18710.171429
-19.869301 -18713.556722
-17.561754 -18708.238960
-7.992020 -18714.182659
-33.934114 -18713.577982
-15.553603 -18713.422094
-18.442378 -18709.303391
-20.809574 -18711.391267
-25.492149 -18718.224279
-14.006283 -18708.223615
-15.754055 -18709.897568
-27.763832 -18713.980788
-24.580927 -18714.942418
-15.675349 -18717.907190
-14.718924 -18711.785525
-9.944689 -18712.321399
