0.308406 0.808453
0.436132 0.590819
0.350535 0.127666
0.449064 1.235499
0.065422 1.041216
0.009496 0.438053
-0.145415 0.522313
0.020860 0.247756
-0.150417 0.692247
0.329158 0.542512
-0.086121 0.151218
0.091513 0.225092
-0.310602 0.769563
-0.396237 0.760618
0.011415 0.308482
-0.025757 0.426193
-0.276043 1.002971
-0.575972 0.687010
-0.845635 2.346097
-0.623678 1.372694
-0.293904 1.566337
-0.531990 1.113110
-0.593114 0.884939
-0.657912 1.097827
-0.179968 3.617719
-0.015328 0.598894
-0.026436 1.509143
0.007070 8.970248
0.115780 0.517047
0.382648 0.255875
0.458925 1.389141
0.457293 0.245634
0.264776 0.296848
0.221283 0.854570
0.603447 1.406759
0.590137 0.303852
0.207767 0.360926
-0.023758 1.319560
0.288726 0.264145
0.033838 0.558350
0.332995 0.854474
0.082354 0.442801
-0.081729 0.626009
-0.132944 1.047038
0.162281 0.399313
0.080229 0.211155
0.114859 0.296090
0.246467 0.167796
0.297639 0.539090
0.313147 0.336992
0.307150 0.322278
0.206876 0.463621
0.021989 0.760221
-0.001374 0.522423
-0.347590 0.427833
-0.164357 0.281064
-0.290411 1.597941
-0.312274 0.541039
0.112803 0.087353
0.201811 0.793007
0.541193 0.350451
0.587946 2.120814
0.302805 0.409002
0.419068 0.424876
0.496659 0.677182
0.597709 0.788781
0.642450 0.930674
0.672729 3.945880
0.919326 0.773460
1.247437 1.278116
1.268265 2.345420
0.975619 0.433705
0.654182 1.026301
0.813229 2.208368
0.587142 1.356536
0.794380 0.701381
0.457968 0.176717
0.452506 0.482070
0.649283 0.873752
0.798194 0.643945
0.712252 1.454422
0.245225 0.181718
0.377260 0.452648
0.262190 0.275943
0.328708 0.416042
0.170964 0.250266
-0.125015 0.284420
-0.099538 0.242925
-0.022521 0.246258
-0.147540 0.503495
0.140230 0.336288
0.001918 0.196937
-0.166408 1.378997
-0.159761 0.527581
-0.568263 1.555476
-0.451057 0.333502
-0.409162 0.699852
-0.301970 0.421000
0.062139 0.507102
