0.000000 0.113283
0.000000 0.049569
0.000000 0.104897
0.000000 0.048941
0.000000 0.069289
0.000000 0.241562
0.000000 0.049517
0.000000 0.053178
0.000000 0.045075
0.000000 0.068797
0.000000 0.053877
0.000000 0.055611
0.000000 0.086487
0.000000 0.045291
0.000000 0.149396
0.000000 0.064803
0.000000 0.081927
0.000000 0.084007
0.000000 0.073503
0.000000 0.066270
0.000000 0.071117
0.000000 0.064409
0.000000 0.049049
0.000000 0.029184
0.000000 0.050864
0.000000 0.087083
0.000000 0.095411
0.000000 0.072901
0.000000 0.091415
0.000000 0.095621
0.000000 0.166452
0.000000 0.108021
0.000000 0.127340
0.000000 0.120284
0.000000 0.034726
0.000000 0.055577
0.000000 0.067108
0.000000 0.096068
0.000000 0.075531
0.000000 0.074985
0.000000 0.047053
0.000000 0.049617
0.000000 0.134007
0.000000 0.072086
0.000000 0.056657
0.000000 0.099325
0.000000 0.137381
0.000000 0.057320
0.000000 0.095735
0.000000 0.070630
0.000000 0.047452
0.000000 0.070060
0.000000 0.040344
0.000000 0.044694
0.000000 0.083297
0.000000 0.032625
0.000000 0.020772
0.000000 0.051658
0.000000 0.097359
0.000000 0.035213
0.000000 0.108469
0.000000 0.108218
0.000000 0.140198
0.000000 0.234155
0.000000 0.083672
0.000000 0.061905
0.000000 0.098034
0.000000 0.100763
0.000000 0.039505
0.000000 0.047613
0.000000 0.139687
0.000000 0.167209
0.000000 0.052245
0.000000 0.374952
0.000000 0.129549
0.000000 0.107137
0.000000 0.114748
0.000000 0.058293
0.000000 0.076914
0.000000 0.034763
0.000000 0.068808
0.000000 0.030592
0.000000 0.057098
0.000000 0.098068
0.000000 0.047450
0.000000 0.050183
0.000000 0.050349
0.000000 0.100789
0.000000 0.049344
0.000000 0.045438
0.000000 0.088138
0.000000 0.065179
0.000000 0.043679
0.000000 0.064666
0.000000 0.064466
0.000000 0.052851
0.000000 0.060587
0.000000 0.065173
0.000000 0.045885
