0.145909 11.213499 3.047782 0.119872 2.120962 5.667228 4.530595 0.684995 14.972254 6.984432 0.709524 47.931610 3.468070 1.378493 0.299462 12.100072 0.080288 98.134135 12.184171 4.199325 4.309284 4.731447 6.087627
0.533922 2.488707 3.325348 0.213828 1.181228 3.576983
0.348035 3.889751 6.049137 0.967450
0.231372 1.333295 2.568569 6.899508 3.626516 7.984273 2.980213 10.108359 0.164085
0.281946 3.214275 1.948656 27.778867 0.183250 7.732019 3.848491 0.524616 1.866786 1.373092 1.532227 3.225725 0.146720 0.012521 5.123816 0.925464
4.980718 3.150509 1.630614 0.117122 3.724548 4.298145 0.343984 0.126412 1.025442 0.148815 7.875688 0.118240 3.139287 3.989883 2.725359 7.818667 1.498651 2.390485 2.115676 0.529653 2.280458 3.858881 3.769020 0.689582 1.882377 2.571921 2.660991 1.567117
0.694936 12.241104 0.489463 4.223526 0.628760 4.206277 0.837292 1.916800 2.045722 2.160837 0.131939 22.585246 6.084024 1.185653 0.443595 4.942486 0.720389 1.284068 0.719709 0.255999 0.120494 25.869426 0.168993 0.271698 1.999257
0.541023 0.165953 0.368588 1.760847 0.420672 0.064199 3.782125 1.429780 0.475223 2.266788 2.847102 1.341670 1.332338 0.504698 6.039660 0.557341 0.792810 0.719044 1.333332 1.106188 0.527742 1.519526 0.238243
0.087203 0.890518 3.900454 3.263339 1.492530 0.130047 8.718788 0.004009 0.397431 4.210434 0.608988 13.815165 0.037069 0.603543 3.657793 0.020583 2.202479 6.940331 0.546242 3.781052 0.565071 0.013768
4.054470 7.786289 0.378066 2.375518 1.261377 3.949355 0.843835 0.606334 0.786373 0.975691 99.614505 0.315813
0.376907 0.519716 4.224339 3.576782 0.381273
0.731393 3.483481 6.447887 0.326043 2.340046 0.389664
2.119891 7.120000 9.247144 1.082651 7.515123 0.020104 8.255093 0.274605 5.581240 0.717447 0.051722 1.922312 0.261417 0.185124 0.293483 1.684417 0.232095 0.019945 0.634582 19.562115 0.344092 0.389475 0.257558 0.024625 0.488183
0.769123 65.637119 15.726902 6.917363 1.900247 2.003500 0.790954 0.625970 0.031842 0.624260 12.475754 0.507717 0.190757 0.069323 0.004176 0.098701 0.375624 0.010610 0.736034 1.092655 11.556669 5.297209 0.203739 0.986563 1.804198 0.160138 0.035479 0.352515 0.008266 0.523302 0.376540 1.223324 0.212636 0.024957 0.030741 1.615591 0.533164 2.738581 0.138928 0.021753 7.400426 3.204759 6.280963 0.110081
0.455674 0.429836 23.617845 1.536001 4.313456 0.871835 0.934101 2.965956 0.409714 0.059467 2.161903 1.783419 0.188042 0.120815 0.661866 0.435921 3.435953 3.973182 0.252398
29.146249 4.102572 3.065508 1.291488 0.108628 0.078184 1.811056 4.372253 0.443614 1.495262 0.782617 4.215859 0.750692 0.185331 0.273084 2.135136 0.202828 0.065233 3.254534 0.668907 4.361163
3.347504 0.124705 0.027567 2.910703 0.303386 2.468281 0.173351 0.105161 15.462727 0.111282 0.200421 8.749559 0.553218 36.817368 2.746749 0.195436 1.478466 0.006715 0.542129 5.123888 0.617021 0.183904 6.293159 0.230421 0.280037 1.032445 0.342309 1.856605 0.172780 0.232962 1.699451 0.056558 4.168777 0.080710 0.447481
6.811242 5.284496 8.436121 0.018316 0.204779 1.525931 0.226072 0.432721 0.941747 0.004235 0.058526 0.558930 0.046354 9.800324 0.131521 0.972746 7.739629 0.367219 2.411205 0.297238 0.092704 0.264961 0.154991 0.040245 0.488652 0.166238 0.106975 8.016744
1.166805 5.118698 1.205889 0.000837 6.431386 1.169649 0.124503 22.633116 2.286359 0.007745 0.041426 1.712465 0.001912 0.695240 1.001130 0.019846 0.618739 0.207996 0.004292 0.188847 1.068787
8.501837 0.571331 15.125643 2.755845 2.289664 0.477531 6.620848 0.003976 1.574961 0.378766 2.214498 10.818294 1.685266 2.590437 14.452643 1.155775 0.107978 0.188930 0.087777 0.979415 1.205352 0.163134 0.070863 0.564069 0.063678 9.978173 8.936061 0.600419 7.708841 0.194516 0.074921 0.070434 14.951366 0.627406 0.051270 0.976183 0.544752
66.327940 7.107041 2.106616 2.056758 2.590447 5.118192 78.749597 0.121790 1.709669 1.130405 7.322169 0.200045 0.154274 3.094984 0.022227 0.002833 0.027596 0.594118 0.851920 93.997773 0.016249 0.077882 1.028431 0.081793 0.400157 0.056873 1.908887 0.979278 0.014260
4.833111 1.060005 4.644830 8.178301 6.773293 0.368387 0.089788 0.729548 0.526769 0.061808 3.590561 0.077146 8.964038 2.128704 0.102078 0.183645 0.338346 0.166019 0.150093 0.417313 2.330651
3.314635 8.976768 1.124739 0.076957 0.105683 0.448973 1.246461 2.592792 2.934370 1.626095 21.156172 0.749581 0.036549
1.794158 1.585922 0.991909 0.133802 2.575019 2.590789 0.318774 0.234892
0.209240 4.190441 3.535402 1.250523
0.116972 1.401569 2.429254 6.344847 2.440727
0.031621 2.257840 2.776352 3.017264 2.567112 0.779067 0.689107 4.952146 2.289431
0.428617 2.670742 4.589151
0.205323 2.243851 2.782560 1.753861 0.441504 1.846788
0.389791 3.010676 3.669631
0.116573 0.317037 8.303718 3.123528 0.157669 7.921772 9.605415 0.217548 92.805034 0.286541 0.568432 21.303802
0.163279 1.267666 2.528783 2.979292 1.447354 0.430122 1.633134 10.089935 0.515584 1.383673 0.820265 0.450855 7.851573 1.279612 1.490236 2.521478
0.864534 1.551517 4.476853 1.593147 1.121519 0.244444 3.190509 3.187598 0.604153
2.042032 4.167738 1.582577 5.919459 0.458936 4.100886 0.183999 3.358793 2.137885 0.906345
0.061853 2.634850 0.301929 9.211966 1.578474 3.334939
3.851509 0.504049 0.474995 9.750514 5.633964 1.227636 3.294095 0.775347 0.199356 0.662818 3.050480 6.364627 0.894794 0.472240 0.844407 3.363705 6.808235 3.000374 0.730571 6.684598
4.204992 3.000101 3.035903 0.624762 0.574695 0.133741 1.188772 0.107305 8.676109 1.009615 6.086625 3.180261 14.272605 5.788782 3.214633 4.415187 0.130206 0.850308 0.375700
0.463975 1.605365 13.107251 1.775477 0.473826 3.792413 0.379106 0.033162 3.305759 0.856658
4.384084 1.721739 0.329833 4.839038 8.870439 0.085671 4.109172 0.379843 1.884333 0.837637 0.560767 2.799765
1.651469 0.182244 1.522553 17.338759 10.321818 2.396134 1.625120 9.403334 0.173715 0.235968 2.557893 2.311764 0.687770 1.720301 3.816227 6.783358 1.583553
0.172136 4.527151 0.579965 7.851100 0.745743 0.278651 25.713028 1.485146 9.711051 0.534310 3.818851 0.613167 0.968688 3.828152 20.656930
0.837557 0.024833 2.597878 2.170742 1.876531 0.260053 0.069873 6.591235 0.515866 3.571794 8.436200 0.025306 0.374248 6.558897 1.294829 0.499116 0.332930 11.342950 6.856396 0.266186 6.427781 2.978020 1.376816 0.463676 0.224773 2.209453 3.043345 0.090893 0.181280 1.370901 1.101635
9.472456 0.065868 1.634999 3.070631 0.596318 8.422638 5.837672 1.187289 0.008787 1.850161 1.627065 0.402032 0.123859 7.174531 1.519501 0.339416 1.020465 2.235880 0.375148 4.584478 0.957315
0.045393 9.508626 2.936954 14.114818 0.271928 2.713354 2.134887 0.918214 2.346586 2.130055
4.185699 0.676283 5.954830 2.197366 3.293173 3.062157 1.502826 0.311917 2.013555 1.605327 1.804424 2.879103 0.397611 0.070722 1.757370 0.819585 1.283294 8.281910 2.053851
3.744634 3.169924 2.450313 0.573135 1.735155 2.534359 2.319949 0.343679 1.722547 2.347580 4.504328 0.959839
0.191557 1.064924 0.422405 0.440269 0.178541 0.112635 0.820507 1.181452 1.128651 2.034316 4.272145 3.795322 2.035853 2.103056 1.204135 9.988756 3.935698 0.600438 2.925901 2.883917 0.284363
2.678137 0.905619 0.984250 0.323488 0.781816 3.869436 0.295544 2.413917 1.450574 1.868426 1.623959 0.363206 4.215556 3.662457 4.994606 1.048844
2.797749 0.067940 2.608475 6.839726 129.630770 9.054587 4.764950 0.536796 4.914733 0.044428 3.330472 4.188672 2.014806 0.081610 4.343614 0.179952 0.260421 0.707492
1.910228 1.637888 0.218762 0.362174 4.310597 0.610524 0.910061 0.379588 0.773462 2.902161 1.056993 39.513497 2.172475 2.309093 2.516487 1.415425 1.285620 5.750703 1.232040 0.473040 1.353635 1.297049
1.383587 11.090181 8.722380 0.570419 0.702585 3.623779 0.406118 3.813616 13.645608 0.326948 1.039279 0.178390 0.425858 1.365846 0.423505 2.966484 8.630656 6.160667 0.914078 8.557309 0.766019 1.506960 0.307978 2.198879
0.163413 1.143843 1.343224 1.470821 7.293647 0.128037 0.850767 5.539367 0.093508 7.555067 2.415017 4.493959
0.085260 4.284437 11.864015 1.620950 0.728201 11.946058 0.938282 0.395015 0.291427 3.806107 0.460510 0.626655 1.186000 2.223286 0.469774
1.575804 3.144475 5.824736 3.786188 0.044675 0.523034 0.174801 0.470624 7.963430 0.646367 6.999522 0.606579 4.854952 8.729494 0.508556 7.358540 13.772127 0.449662 0.929992 1.707122 0.437501 4.116716
3.668637 1.876386 0.451026 0.562528 2.803476 0.347624
0.235578 4.052563 2.482947 2.070458 0.583563 0.085670 4.995270
2.244057 0.398483 4.794601 0.003944 3.785581 1.275493 1.412245
0.074383 3.250591 1.623293 2.579333 0.817829 0.272298
0.399555 2.976749 1.452530 1.133928
2.893818 0.228961 3.256378 0.356055
2.593780 0.316432 6.718394 0.300034 3.286574 1.646737 1.257516 10.090034 1.079119
1.930927 0.616841 0.122251 2.064693 4.542428 43.143392 3.531494 97.394509 1.217945
0.199692 0.775574 0.607757 4.820715 16.422830 0.882275 5.524181 2.366451 2.954580
1.988977 4.822859 18.515129 1.938340 1.177699 2.462576 4.378605 0.736031 1.032766 1.485953 0.241698 1.826111 4.071001 10.783623 0.060352 0.832297
6.439649 0.047203 1.134399 2.348749 3.903001 0.608572 0.820072 0.894184 1.357078 0.582388 0.906153 1.242091
0.100768 0.075886 2.354924 5.260644 2.775619 0.595109 6.393558 2.732883 0.535406 2.509622 4.634166 9.900279 0.781197 0.129396 1.925575
0.372834 5.895289 9.775591 2.998406 2.247268 0.295242 0.776008 0.239243 0.273762 0.709860
3.873047 35.681769 0.422337 0.148485 0.219302 3.102110 24.021401 1.998152 0.132229 10.705947 3.466744 0.082078 0.166903 1.154120 11.870864 1.214749 59.036163 997.844053
0.800175 3.598282 0.208906 1.326988 2.073387 10.291471 0.478740 1.293541 5.956790 2.078118 0.923170 0.270173 2.126202 1.345764 13.859879
3.340084 0.344715 1.562133 2.575708 7.229642 0.178686
0.216107 4.135972 4.420700 91.169209
2.061110 4.111368 0.683866
2.820588 0.781445 3.056512
2.365118 0.301451 3.972974 152.031481
0.239072 2.200906 3.566638 9.147679
2.645008 3.369855 0.459776
0.335188 1.163957 2.868343 2.563785 4.383379 2.445603
0.194780 1.503301 2.681659 4.200638 0.455984
5.282980 0.314116 0.453366 2.978246 7.574364
3.452861 0.389028 2.915304
1.589765 3.327025 0.023709 2.575284 0.254892
3.245436 1.841170 0.357488 2.256106 1.243895 1.554167 0.494905 0.941505 5.631359 1.153864 0.656425
0.511426 2.133504 0.953648 2.988867 0.394394 2.384804 4.235209 3.640132 0.599948
9.503246 3.242175 5.121959 0.976468 0.935214 6.112143 0.715764 3.019038 4.279089
2.889573 10.431788 5.524278 3.216077 0.190536 3.848319 0.213081 0.713743 1.680049 0.126104 1.006031 1.441276 1.119491 6.523672
0.340602 0.712569 1.065607 4.011925 0.096124 1.545138 3.171928 0.661151 8.550923 3.803710 2.427790 2.287761 4.944437 24.790777 2.903853 0.388802
5.459916 4.505597 0.208773 0.259529 1.883262 0.547965 0.482186
3.293533 0.541609 3.465282 5.781640 6.687697 0.147732 1.632822 0.179821 0.952413 0.072964 1.678308 0.284585 1.069740 3.120176 2.579676 0.512362 8.634606 0.522741 0.626337 0.651202 0.606128 0.147371 0.230453
4.609872 0.689967 0.056945 9.183988 2.740412 0.599841 1.405905 4.963460 2.147531 0.438318 2.362344 2.001819 0.465451 0.563288 0.798746 0.633303
2.937915 2.737831 2.604926 0.118948 0.596146 4.562754 6.994094 0.363696 0.325019 0.135154 4.343644 0.064402 6.234999 0.751735 1.166546 0.524965 0.368677 0.954762 1.245366 2.243670 2.852213
1.024211 0.097519 3.009155 2.166756 3.399190 5.841773 0.414394 0.849001 2.643907 1.518667 3.094210
5.062115 4.960162 0.221693 3.558562 0.246671 1.947992 0.094777 0.606209 1.698227 1.279225 0.820930 2.619937 1.259456 6.484046 0.212190 2.010094 1.624457 0.378888 1.934021 0.720538 0.663838 6.663978 0.760898
0.147128 0.022327 3.152541 2.604169 2.246700 2.329232 0.096367 0.655941 0.037168 0.219771 5.742679
2.668913 0.426170 0.086011 0.698999 2.314810 10.854575 1.816881 0.693057 0.893902
0.126081 12.272730 0.360388 3.148599 2.502501 11.697876 0.013461 4.232135 0.880982 0.279979 1.760575 0.127782 0.315645
2.564112 0.119218 2.929956 0.013434 1.751831 1.634446 0.548421 0.194112 0.706536 0.497010 2.233464 0.937591 0.085838 1.162625 0.586505 4.004521 2.832870 0.286617
5.388541 4.908822 0.277829 4.485076 0.229133 0.248721 0.602669
2.736720 3.045392 0.313705 2.064187 1.854065 0.760600 0.611056
28.103027 0.343066 1.400930 1.469912 1.261959 3.209908 0.122879
