1.388461 3.543365 1.077878 2.079416 4.918386 4.603780 3.317598 2.596869 3.332268
2.104190 2.598596 4.476056 3.259425 4.497829 0.482382 1.388077 1.935724 3.383563 0.918323 1.697118 5.136391 4.269782 2.108685 3.960217 1.074578 5.137629 4.149722 4.520025 3.191026 0.070670 3.027212
1.979500 1.576688 3.605693 4.796324 0.658901 2.347495 0.205150 0.608631 1.264744 3.200172 4.495730
2.364677 0.917963 3.344344 1.420322 3.368541 1.279279 1.043546 1.023253 2.695285 1.557589 1.444488 0.383169 2.262037 0.471181 3.079640 0.096418 4.566892 0.825481 4.797861 1.208999 4.673867
3.899019 0.280120 1.569112 1.703409 0.419777 2.372657 4.515075 0.393490 1.494127 0.725595 1.081246 3.530772 4.981114 5.121463 2.662183 2.868198 2.106634 0.488368 3.594108 3.775684 4.099779
1.728941 3.026107 4.123138 3.195356 1.816268 3.666382 2.549270 0.458288
0.463658 4.610789 1.416112 4.638351 4.820498 2.280914 4.422892 0.000897 0.864401 1.007391 2.767082 3.135405 0.596458 1.421541 3.817034
0.585985 4.427886 3.919919 1.061146 0.723906 3.087991 2.074127 2.010640 0.748705 0.581926 2.154309 1.854158 3.848851 5.003941 3.805204 1.846186 0.791367 3.945755
2.034952 1.316170 1.537069 2.585558 2.670065 4.669941 4.526427 0.598672 4.477832 3.880776 3.442340 3.128223 2.562275 4.044036 0.792069 5.085858 1.887583 2.061587 1.001801 0.783996 0.473500
4.997926 3.458070 0.163102 4.127240 3.426551 0.367531 1.965197 0.968375 4.036156 0.698603 0.434581 4.739812 3.055524 1.483344 2.708435 4.284697 5.074776 2.512502 4.811162 3.483060 5.153765 3.472774 1.973941
1.336184 3.624316 2.376450 0.503991 3.139860 1.794070 3.237359 0.831627 0.186861 1.380818 3.885656 1.338198 3.661932 1.405534 2.777173 2.363489 4.703568 3.732917 4.169644 2.264037 0.147475 3.172560 2.428671 3.799562 3.993231
1.680596 0.272110 1.746815 1.707348 4.704742 4.911444 2.739657 4.090026 0.684745 0.238659 1.866926 1.464555 1.965008 0.226514 4.341149 3.269847 3.624608 0.269669 4.635965 0.537335
0.702670 4.732433 0.206702 0.644379 3.964513 0.700865 2.562052 2.845943 0.704812 4.908683 4.641979 3.694175 2.372149 2.702402 3.322291 1.164020
1.123180 0.044421 0.482789 2.814929 4.938736 0.969551 3.646091 3.303852 2.490729 2.787192 3.156285 0.981458 3.010169 1.221983 2.753720 2.106233 1.707494 2.168544 3.880444 2.724667 1.215388 5.091820 2.565805 4.113376 3.940542 2.181088 4.534675 1.163409 2.068244 0.314374 4.051943 5.061250 2.381759 2.515832 2.623762
2.267114 4.613095 1.311450 3.718613 0.855211
1.221952 4.630782 0.384569 2.401586 5.090080 0.330988 2.364319 3.712760 1.554814 4.141318 0.154201 4.253286 1.410230 2.318174 3.442814 4.675475 5.030035 1.389585 0.940768
2.954807 4.873991 2.444856 0.923064 0.556955 3.646539 0.605530 3.915792 1.947885 3.058060 4.942088 4.879156 4.381666 4.359909 4.025815 2.150974 3.238731 1.034459 2.177092 1.816942 1.685136 4.336230
0.586693 2.249589 1.732339 5.171043 0.749108 3.382632 4.075227 2.101931 0.725838 3.121832 4.341390 1.895419 3.911168 2.788609 5.059733 4.128974 5.154847
1.256975 2.215652 0.336167 2.923356 1.670812 2.558835 1.020570 1.150729 4.843086 1.405978 4.679710
1.199641 0.845805 3.579718 3.591839 5.132710 0.060449 1.916589 1.988287 0.601116 0.855098 1.973958 4.673348 2.292973 1.356677 3.648271 1.267397 0.891366 4.181134 3.244416 4.162124
2.643891 2.472197 0.576119 0.942952 1.401404 5.175494 0.943577 4.573733 1.473207 3.099423 1.652866 1.078771
2.689447 4.032253 4.105333 0.800316 3.100314 3.224983 3.726214 0.293642 0.549886 0.346160 0.495304 0.720296 1.646783 1.191717 4.110822 1.677290 4.590253
2.869654 4.398606 1.925406 4.500964 2.247549 2.649168 1.088206 4.557760 1.751955 5.125976 1.434960 1.016182 0.054357 2.327195 5.191835 2.590261 1.361670
0.746339 2.535318 2.495885 1.649121 1.140035 2.640322 3.141762 0.014264 4.577075 2.168316 3.218415 4.888836 1.843326 2.695102 0.508858 1.821474 2.664426 2.043732 0.533965 2.850650 1.292428 2.114376 1.311847 1.623554 2.312525 2.222536 3.915675 3.119200 0.457955 3.306964 1.476032 2.891369 4.527766 2.395028 1.830899 1.460466 0.557715 0.820912 4.034615 4.268231 3.459234 0.168265 4.693585 0.947196
1.100631 0.043378 5.049013 1.285589 0.154880 3.072659 4.405213 3.470440 0.158064 2.712755 1.207178 1.215406 5.162934 1.481054 2.484268 0.845652
2.409603 3.925871 3.405388 0.472067 1.587190 3.263147 4.275706 1.508472 2.841730 1.665555
2.718882 1.514130 5.134485 2.681401 3.090167 2.435826
3.796275 1.545908 1.489295 2.134090 1.175500 0.168296 2.266370 3.408570 3.979099 1.754030 4.021557 3.398772
0.855761 0.418545 4.926303 3.672858 1.974944 3.931239 4.195047 0.182836 3.363094 2.255643 2.001058 4.170727 3.514731 3.158675 1.769175 2.339173 3.147949 1.331924 4.531954 5.136800 4.152293 0.754856
2.136936 3.776385 2.798908 1.368758 0.435501 1.026079
3.985594 2.602451 0.389410 4.377214 1.256905 0.587102 2.329326 1.636011
3.000813 0.739492 4.482872 4.377433 3.461172 4.953206 5.117606 3.300694 2.310186 1.939708
2.480103 0.127130 2.036351 0.607602 1.444343 0.778065 4.512527 1.489164 4.619502 2.699700 3.804767 0.428999
4.230778 2.966365 4.586579 3.209823 0.043621 4.974168 2.336969 4.080687 0.399360
3.928106 1.412774 1.121457 3.742357 3.039504 4.494175 1.822611 0.466702 3.291495 0.312179 1.205691 0.773768 2.599703 3.938951 2.147797 3.129176 4.197333 2.863257 0.333390 4.159480 3.685276 3.294280 1.609619
0.680076 1.839375 0.492205 1.328779 1.016366 2.421936 0.230136 0.225235 0.983906 1.033702 1.728878 0.616373 2.014048 3.839223 3.753178 4.237896 4.558892 5.091180 1.340811 1.268873 0.562377 4.816107 2.213935 3.459913 5.009380 4.865358 1.636241 0.941911 3.764606 0.244362 1.376496 5.125941 4.633531 0.530663
2.349710 0.682408 3.522947 4.438853 1.396312 2.518229 2.073411 0.644878 3.691893 3.909914 3.165424 0.830571 5.030715
1.978196 5.013110 0.221809 3.012744 0.352277 3.686572 4.632630 0.846063 2.622587 0.401551 4.270951 1.113600 0.296819 4.336632
4.984030 1.305479 4.198402 0.085872 1.862080 4.660834 4.663319 3.764912 3.619254 2.363978
3.293446 1.299934 3.672189 1.748428 0.896868 4.296174 0.464613 0.623907 1.214391 0.636079 5.089464
3.364712 4.816204 1.969202 4.576278 0.351435 1.137757 4.867867 4.868979 4.575041 4.353105 2.457374 3.317381 2.645093 2.236190 4.219130 3.703007 4.640396 1.331652 4.559877
4.920192 1.881519 0.909424 4.352093 3.971908 2.988986 4.219228 2.304834 4.168679 5.076721 4.385959 5.076562 3.311393 3.900786
3.846122 1.746426 3.164817 1.395573 0.952696 2.378669 1.061177 2.090940 2.864969 1.677081 1.822132 0.889856 0.784101 4.430647
3.799195 3.626542 0.968595 2.288106 1.582032 1.814797 1.909754 0.046204 4.536932 3.654954 4.225110 3.997108 3.593221
1.922291 1.040483 4.542293 4.555149 0.542903 0.629422 0.564314 4.993899 3.489905 5.052755 2.723093 4.062000
3.645342 4.950765 2.753409 2.582836 1.710395 0.849234 0.131680 3.470181 3.593049 2.705498 2.354417 2.275994 1.621177 2.756168
2.193335 1.592191 1.346797 3.786630 3.648291 0.340102 4.407770 3.365339 0.619490 1.497110 0.833029 4.479950 2.174300 3.821109 5.153830
2.953045 0.935779 2.700558 4.836275 1.337069 0.028498 4.338091 1.309225 1.403739 3.614910 0.475302 3.936302 4.040039 2.412323
3.133823 0.567663 1.610710 3.453974 4.350761 3.364161 0.880500 4.248070 0.454843 1.065326 0.439607 1.773108
3.818529 2.286979 1.606772 5.081722 3.670744 2.990073 3.318889 4.586321 5.048241 4.286571 2.665077 1.830815 1.543393 4.721941 4.505378 0.309474 5.083350
0.480362 4.818494 2.157265 1.798369 3.204535 2.352786 3.697095 2.760803 2.455769 0.522388 2.876252 1.022825 1.515926 2.318952 2.965633 1.619996 2.721915
2.942093 0.171540 3.113561 4.700181 3.737527 2.603994 0.003026 2.119042 0.665451 5.138177 3.077680 1.429547 4.749268 1.399139 4.854620 2.834752 5.035429 0.864543 1.040454 3.492396
1.947059 2.481951 4.269114 1.741520 0.241500 3.152378 4.073370 0.565882 4.227961 4.836755 4.821672 3.241592 4.491963 0.495549 1.569939 3.831651 3.942707 3.181331 3.783495
1.883233 4.112597 1.211445 4.251983 3.802291 3.811046 3.229949 2.007153 4.558784 1.581492 2.033489 0.710469 3.430264 0.385073 4.241047 3.540754 0.125489 0.574231 0.906536
4.090190 0.024677 4.164927 3.869401 4.065211 1.248830 1.923404 1.996519 2.470922 4.918340 3.929415 4.559081
0.704996 0.062529 0.100087 2.912182 0.569715 1.909406 4.718471 1.717327 1.675479 1.723294 2.736040 2.403593 2.131371 2.806202 1.937229 2.577787 3.276690 1.374082 2.758401 0.923483 3.748764 2.695916 2.915747 2.164843 2.073490
1.855730 1.987424 4.355595 0.143907 4.684767 4.947937 4.236691 0.492068 0.346110 3.676073 2.653614 0.907990 3.408841 2.952054 0.157166 5.079542 2.511195 3.713183 2.891729 5.048552 2.084400 1.102923 3.470131 4.908211 0.093556 4.936009 3.632693 3.187851 1.581371 1.680001 4.333106 4.987126 1.661166 2.416663 0.922367 2.100651 3.534682 4.637870 3.749308 3.337121 3.849314 3.621467
1.836383 0.156412 2.839320 2.754229 3.972277 2.157298 2.060512 0.858744 0.545743 2.156083 3.305599 2.465924 1.484999 2.494371 2.406628 0.724734 3.408546 1.765432 4.989430
1.634209 1.021114 3.320156 0.288924 4.709887 0.536712 3.799200 0.351400 0.102417 3.188230 1.069498 0.410061 3.767010 0.241788
3.397095 0.671402 1.566443 0.124391 2.668235 0.036108 0.821056 2.378223 4.565289 3.310917 2.960105 1.306406 3.825846 4.521092 3.872679 3.563475 2.300685 0.686635 0.396703 3.498266 4.965746 2.210728 0.425951 4.614413 4.604460 1.616762 2.952424
0.848106 1.069407 4.456410 2.208936 4.732481 1.776345 4.205377 4.963557 0.519014 4.481374 4.380566 0.049818 0.791257 0.904408 4.070078
0.762768 2.150232 0.706741 4.601870 4.252911 3.448453 3.542948 1.365040 3.364309 4.067880 2.854765 0.429112 2.005889 4.215663 0.449592 3.720522 4.692080
1.919133 0.037910 3.371782 4.492511 0.869057 0.701026
0.371778 4.600481 3.523218 4.906660 0.037178 4.574729 0.552964 0.158024 4.897227 4.473282 0.413500 0.793787
4.550711 1.575186 2.568386 1.443098 4.878005 3.281752 2.619107 2.260536 2.962741 3.164042 3.893578 0.140520
2.791702 2.657712 1.349224 1.908973 4.709395 3.775385 3.382694 1.163918 1.480074 4.406799 3.762414 1.555481 4.565850 1.035940 2.374466 2.025104 3.832027 4.598849 3.299116 2.033232 4.070866
2.800351 0.403090 2.491847 0.402440 4.724731 1.336798 1.484079 1.842850
2.526706 3.681724 1.791983 2.059166 0.843554 5.118755 4.730769 3.479237
1.649238 3.222672 2.846041 4.728848 4.449661 2.310030 2.582273 1.697811 2.494830 0.013092 0.571970 1.522010 3.602474 1.060601 4.083352 4.045327 0.526167 4.504934 0.279076 1.036846 1.584116 1.539309 4.751514 0.203641 1.981596 3.073024
4.393722 3.217881 5.069496 3.234827 1.757941 0.139551 0.049166 0.038861 2.928916 2.123592 3.390435 1.370692 0.079729 5.084818 0.455601 0.128577 1.282422 0.302733 3.554813 1.581935 0.773070 1.513440 2.093677 1.315407 0.731905 0.853990 1.230871
1.239446 4.496918 3.334236 1.568215 4.894030 4.506581 1.557508 2.092948 3.645518 2.302660 3.073720
4.763080 4.028533 0.288133 4.789528
1.015071 0.820224 1.555870 1.977110 4.584123 3.722073 0.380467 2.756297 0.890377 4.541134 0.009687 3.475879 2.141627 0.935091 2.387231 1.775055 2.271900 3.956232 1.850765 0.959897 3.816392 5.028376 1.735350
0.545452 1.723005 0.465236 2.176074 1.376132 0.905429 0.512847
4.242329 1.197814 1.723934 4.100254 3.002777 3.059103 3.342698 4.034812 1.075679
0.219859 4.892827 3.601257 4.154651 1.821704 2.819485 2.163301 3.099665 2.094472 4.729507 1.264287 4.074127 4.360025 1.928654
3.065005 4.791286 2.893874 1.838103 4.576814 4.710711 1.065753 1.796773 5.026476 2.403190 0.147911 1.279668
3.438626 3.364568 0.571269 2.383259 5.148840 4.482572 3.309801 4.680713 2.385065 0.093286 0.233988 1.533727 4.786256
4.321174 0.045753 4.007409 4.619059 4.027759 2.845178 1.951402 4.936027 0.131090 0.000514 1.005326 0.489674 1.136651 3.072264 4.773719 0.210056
1.011165 4.295946 4.434090 4.836043 0.917488 0.373398 0.545096 4.079878 4.303272 3.340622 1.803842 0.278503 1.389542 1.932983 3.284164 3.883940 2.266062 1.103925 0.296791 0.236557 0.156785 4.204529 0.099332 1.216248
1.206476 4.359779 0.091110 0.582183 3.400376 1.981104 0.197333 2.920918 1.490064 0.183676
1.826047 0.300038 0.708808 2.391133 3.395624 1.906518 0.180738 3.366881 2.460440 4.965238 0.747272 4.066827 4.140206 3.094734 3.681098 3.267908 4.949071 4.108404 4.314405 1.321111 1.329206 2.639041 4.932511 0.233721 4.164441 2.986130 0.987022
4.136331 3.051922 3.310194 1.030623 0.136178 2.757454 2.972723 3.394279 5.150193 1.334948 2.580864 3.123455 2.001030 2.111824 3.542772 4.283090 4.533839 0.657849 4.344751 3.460542 0.237719
4.301663 1.432768 0.818331 0.172197 2.582577 5.043368 0.362790 5.090094 4.900353 2.018032 3.200277 4.870082 2.742903 0.904088 4.843114 0.174619 1.494494 0.997096 2.106543 5.035577
2.558274 0.941196 5.061535 1.077785 0.207746 2.799698 4.632620 2.120498 4.077943 1.484772 3.754721 3.429805 2.421510 0.482693 2.567862 1.075009 4.293250 2.326101
3.210359 0.713831 3.524114 0.333981 0.968004 4.678201 1.237317 4.430911 2.407761 1.975880 2.756643 3.566463 0.166544 0.939668 1.900920 0.762611 2.541575 0.546488 1.109163 0.115420 1.555107
4.743934 0.031924 0.831249 5.187189 2.552987 2.719238 0.972862 4.263889 1.558384 4.045395 4.961448 0.653905 1.553584 2.455601 3.986843 3.947690 1.602838 0.243803 4.529611 3.454043 2.092237 3.552038 5.083613 0.074298 3.463304 4.437876 0.014810 0.866842
1.073884 2.281296 3.268195 4.845962 2.318073 3.595565
4.076052 2.584330 4.092950 0.415255 2.691937 3.960083 4.579605 4.547460 1.081630 3.020438 1.770684 3.392400 0.917858 3.730135 4.766378 1.588781 2.173561 0.665609 2.089751 0.914953
2.147143 4.871136 3.764941 2.601724 4.925486 2.639420 0.091011 0.017560 4.904104 3.680795 4.342700 3.547238 1.764990 4.459590 4.011668 0.655924 0.335957 4.991074 4.680285 1.335726 1.889873 3.375180 4.555663 4.113498 2.239914 0.752588 4.112380 2.323828 0.694461 0.960203 0.974404
1.772366 0.446010 2.561752 0.545396 1.472748 3.142288 3.168632 5.028685 4.046583 1.115039
0.144109 0.817314 1.998458 3.254076 4.823552 2.676173 2.191472 2.448076 0.644672 3.477226 0.156700 4.866499 0.621891 3.310656 0.189377 4.084686 3.518361
3.106341 0.008734 0.073068 1.548537 1.661914 4.839510 0.190993 0.736788 1.085476 0.591970 1.290917 1.968273 5.057745 0.356152 1.863605 0.600765 0.160662 5.107477 1.493785 4.528274 4.944178 0.774056 3.254099 0.507181 2.251333 0.402863 0.933613 4.782443
0.601935 2.381686 1.553561 4.743607 2.972609 3.430334 1.733666 5.144869 3.698660 2.759007 1.704752 1.952737 0.520266 3.519987 3.845938 3.694416 4.778311
3.195454 3.314739 1.489485 1.573662 0.391206 5.039468 3.752750 3.837712 4.861743 1.464761 4.342806 4.822860 1.252566
0.736654 1.164007 3.323106 1.299131 1.341909 3.649554 0.119762 0.635597 1.723146 2.943370 5.055115 4.272221 2.118702 0.166930 3.630259 0.297277
2.981544 1.362228 2.094357 3.316623 2.197652 3.163104 0.866886 1.207665 1.521175 2.764547 4.161144 4.770361 0.875627 2.101042 1.847743 1.583683 1.160703 5.054354
0.021489 4.743455 4.081027 4.866852 2.095509 0.066647 0.007243 1.873169 0.446795 0.904804 3.961793 1.459943 2.251449 0.058460 1.666427 4.126012 1.395445
3.139270 1.414679 0.491840 1.664611 3.710172 1.764539 4.943318 5.061185 4.296063 4.802702 0.009390 1.464560 2.841458 4.044592 0.769414 4.142815 4.057162 4.867260 5.030431 4.357525 0.928958 2.190889 3.440622 0.599705
