0 0 7
1.304347826086957 0 5
1.956521739130435 0 7
3.260869565217392 0 2
3.91304347826087 0 1
5.217391304347826 0 1
0.3260869565217391 0.7423074285714285 2
1.630434782608696 0.7423074285714285 9
2.282608695652174 0.7423074285714285 2
3.58695652173913 0.7423074285714285 1
6.195652173913044 0.7423074285714285 1
7.5 0.7423074285714285 5
0 1.484614857142857 5
1.304347826086957 1.484614857142857 3
1.956521739130435 1.484614857142857 8
7.173913043478261 1.484614857142857 4
1.630434782608696 2.226922285714286 6
3.58695652173913 2.226922285714286 4
7.5 2.226922285714286 6
0.6521739130434783 2.969229714285714 7
4.565217391304348 2.969229714285714 1
6.521739130434783 2.969229714285714 5
0.3260869565217391 3.711537142857142 8
2.934782608695652 3.711537142857142 1
4.239130434782608 3.711537142857142 1
4.891304347826087 3.711537142857142 1
6.195652173913044 3.711537142857142 6
6.847826086956522 3.711537142857142 1
5.217391304347826 4.453844571428571 2
6.521739130434783 4.453844571428571 4
7.173913043478261 4.453844571428571 9
2.282608695652174 5.196152 1
4.891304347826087 5.196152 8
6.195652173913044 5.196152 12
6.847826086956522 5.196152 4
